Temperature (K)	Resistance (Ohms)	Timestamp	Current (A)	Count	Delay (s)	StDev (Ohms)	StDev (V)	
8.227000000000	2.265945667508	3779298946.564761160000	0.000010000000	300.000000000000	0.002000000000	0.001638778503	0.000000016388
8.455500000000	2.266501407576	3779298978.034981730000	0.000010000000	300.000000000000	0.002000000000	0.002234392424	0.000000022344
8.800000000000	2.266989563092	3779299014.284104820000	0.000010000000	300.000000000000	0.002000000000	0.002338992418	0.000000023390
9.213500000000	2.267771410213	3779299050.541253090000	0.000010000000	300.000000000000	0.002000000000	0.001777448881	0.000000017774
9.735500000000	2.268601151324	3779299086.779006000000	0.000010000000	300.000000000000	0.002000000000	0.002229714354	0.000000022297
10.339500000000	2.269745035543	3779299120.450357910000	0.000010000000	300.000000000000	0.002000000000	0.002314348059	0.000000023143
11.147000000000	2.271204221567	3779299156.692518230000	0.000010000000	300.000000000000	0.002000000000	0.006137503868	0.000000061375
12.325000000000	2.272147521580	3779299192.931571010000	0.000010000000	300.000000000000	0.002000000000	0.002069507008	0.000000020695
13.209500000000	2.274180686679	3779299229.181450370000	0.000010000000	300.000000000000	0.002000000000	0.002165205834	0.000000021652
14.278000000000	2.275330694829	3779299265.410499570000	0.000010000000	300.000000000000	0.002000000000	0.001752428369	0.000000017524
15.138000000000	2.276427121008	3779299301.666306490000	0.000010000000	300.000000000000	0.002000000000	0.002032309720	0.000000020323
15.884500000000	2.277504544206	3779299337.907204630000	0.000010000000	300.000000000000	0.002000000000	0.001693149169	0.000000016931
16.596500000000	2.279673647233	3779299374.143518920000	0.000010000000	300.000000000000	0.002000000000	0.002796584118	0.000000027966
17.312500000000	2.282864390509	3779299410.381743430000	0.000010000000	300.000000000000	0.002000000000	0.003034727507	0.000000030347
17.976500000000	2.284828017461	3779299446.616301540000	0.000010000000	300.000000000000	0.002000000000	0.002435553940	0.000000024356
18.618000000000	2.286056791490	3779299482.849124910000	0.000010000000	300.000000000000	0.002000000000	0.002722954634	0.000000027230
19.260500000000	2.287178716870	3779299519.093592640000	0.000010000000	300.000000000000	0.002000000000	0.003023149371	0.000000030231
19.908500000000	2.288215687562	3779299555.330453870000	0.000010000000	300.000000000000	0.002000000000	0.003292743322	0.000000032927
20.549000000000	2.289349393322	3779299591.574637410000	0.000010000000	300.000000000000	0.002000000000	0.002618157313	0.000000026182
21.182000000000	2.290973789665	3779299627.818871970000	0.000010000000	300.000000000000	0.002000000000	0.002449131016	0.000000024491
21.774000000000	2.291791126481	3779299664.059283260000	0.000010000000	300.000000000000	0.002000000000	0.002539092772	0.000000025391
22.425000000000	2.292925768415	3779299700.331011770000	0.000010000000	300.000000000000	0.002000000000	0.002927871735	0.000000029279
22.955000000000	2.294096819848	3779299736.579272270000	0.000010000000	300.000000000000	0.002000000000	0.003406658761	0.000000034067
23.588500000000	2.295300384503	3779299772.819938660000	0.000010000000	300.000000000000	0.002000000000	0.002841283137	0.000000028413
24.151000000000	2.296849834238	3779299809.072949410000	0.000010000000	300.000000000000	0.002000000000	0.002665457571	0.000000026655
24.782500000000	2.297824080718	3779299845.301589960000	0.000010000000	300.000000000000	0.002000000000	0.002726513974	0.000000027265
25.410500000000	2.299340290847	3779299881.540168760000	0.000010000000	300.000000000000	0.002000000000	0.003021289085	0.000000030213
26.019500000000	2.301218884895	3779299917.789890760000	0.000010000000	300.000000000000	0.002000000000	0.002688517403	0.000000026885
26.649000000000	2.302413284876	3779299954.047363280000	0.000010000000	300.000000000000	0.002000000000	0.003235656221	0.000000032357
27.310000000000	2.304009639071	3779299990.320352550000	0.000010000000	300.000000000000	0.002000000000	0.002767239080	0.000000027672
28.020500000000	2.305044080155	3779300026.579587940000	0.000010000000	300.000000000000	0.002000000000	0.003018373040	0.000000030184
28.608500000000	2.306481773606	3779300062.838455200000	0.000010000000	300.000000000000	0.002000000000	0.003523645951	0.000000035236
29.199500000000	2.307831646855	3779300099.080946920000	0.000010000000	300.000000000000	0.002000000000	0.003132019771	0.000000031320
29.805500000000	2.309337813131	3779300135.327641490000	0.000010000000	300.000000000000	0.002000000000	0.002924071283	0.000000029241
30.418000000000	2.311123156687	3779300171.569790840000	0.000010000000	300.000000000000	0.002000000000	0.002494793638	0.000000024948
31.034000000000	2.312444743438	3779300207.813042640000	0.000010000000	300.000000000000	0.002000000000	0.002830697962	0.000000028307
31.642000000000	2.314222470886	3779300244.073159220000	0.000010000000	300.000000000000	0.002000000000	0.002529016838	0.000000025290
32.243500000000	2.315690052152	3779300280.317216870000	0.000010000000	300.000000000000	0.002000000000	0.002652561439	0.000000026526
32.845500000000	2.317169793362	3779300316.604537960000	0.000010000000	300.000000000000	0.002000000000	0.002818471939	0.000000028185
33.474000000000	2.318765504242	3779300352.863142970000	0.000010000000	300.000000000000	0.002000000000	0.002632066561	0.000000026321
34.110500000000	2.320627376321	3779300389.125306130000	0.000010000000	300.000000000000	0.002000000000	0.003061239299	0.000000030612
34.779000000000	2.322147289912	3779300425.384611130000	0.000010000000	300.000000000000	0.002000000000	0.003069407015	0.000000030694
35.380500000000	2.323700355191	3779300461.620783800000	0.000010000000	300.000000000000	0.002000000000	0.003028276666	0.000000030283
35.961000000000	2.325004459029	3779300497.857899190000	0.000010000000	300.000000000000	0.002000000000	0.003278269141	0.000000032783
36.544000000000	2.326542045921	3779300534.093149180000	0.000010000000	300.000000000000	0.002000000000	0.003391422388	0.000000033914
37.132500000000	2.328560528137	3779300570.332327840000	0.000010000000	300.000000000000	0.002000000000	0.003041565623	0.000000030416
37.729500000000	2.330389732985	3779300606.586256980000	0.000010000000	300.000000000000	0.002000000000	0.003275517339	0.000000032755
38.330500000000	2.332176001194	3779300642.833640100000	0.000010000000	300.000000000000	0.002000000000	0.002868440198	0.000000028684
38.930500000000	2.333745573196	3779300679.110420700000	0.000010000000	300.000000000000	0.002000000000	0.002709036594	0.000000027090
39.557500000000	2.335756604831	3779300715.350639340000	0.000010000000	300.000000000000	0.002000000000	0.002771001182	0.000000027710
40.185500000000	2.337385530457	3779300751.592683790000	0.000010000000	300.000000000000	0.002000000000	0.002972750633	0.000000029728
