Elapsed time [s]	Value [250,1250]
0.000	440.9240
1.024	440.8020
5.046	421.9410
7.057	440.8020
9.068	440.4960
19.123	440.3740
25.154	440.2220
31.184	440.0690
41.237	439.9470
47.272	439.6720
49.281	439.7950
51.294	439.6720
53.303	439.7950
55.314	439.6720
59.336	439.5200
61.347	439.6720
63.355	439.5200
67.388	439.3670
73.418	439.2450
75.429	439.3670
77.440	439.2450
79.454	439.0930
81.462	439.2450
83.473	439.0930
89.504	438.9710
99.556	438.8180
101.567	438.6650
103.578	438.8180
105.589	438.6650
107.618	438.8180
109.614	438.6650
117.655	438.5430
121.682	438.6650
123.686	438.9710
125.697	439.3670
127.708	440.0690
129.719	440.9240
133.756	440.4960
135.752	440.0690
137.763	439.6720
139.779	439.3670
141.785	439.0930
143.796	438.9710
147.818	438.8180
153.851	438.9710
155.859	438.8180
157.870	439.0930
159.884	439.2450
169.934	439.0930
171.945	439.2450
173.956	439.0930
179.984	439.3670
181.995	439.0930
184.006	439.3670
192.050	439.2450
196.069	439.3670
198.080	439.2450
200.089	439.3670
204.116	439.5200
206.122	439.3670
208.130	439.6720
210.141	439.5200
212.152	439.6720
214.161	439.7950
220.194	439.9470
224.213	440.0690
226.232	440.2220
230.244	440.3740
234.266	440.6490
238.283	441.0760
240.294	440.9240
242.305	434.3010
244.316	423.3450
246.327	419.6830
248.338	423.8940
250.346	431.2190
252.357	438.1160
254.368	440.8020
256.379	437.1390
258.390	427.1290
260.399	419.1340
262.410	420.2320
264.421	426.5800
266.432	434.8810
268.443	439.7950
270.454	439.0930
272.465	431.4940
274.476	420.8120
276.484	418.1260
278.495	422.6430
280.506	430.5170
282.515	437.4140
284.526	439.9470
286.537	435.3080
288.560	424.5960
290.556	417.4240
292.567	419.5300
294.578	426.4270
296.589	434.4540
298.600	439.2450
300.608	438.1160
302.627	429.3880
304.636	418.8280
306.647	417.1500
308.658	422.3680
310.669	430.5170
312.680	437.4140
314.688	439.0930
316.699	434.1790
318.710	422.9180
320.721	416.1730
322.732	418.9810
324.741	426.4270
326.749	434.3010
328.760	438.6650
330.771	436.8340
332.780	427.8310
334.791	417.3020
336.802	416.2950
338.810	421.7890
340.824	430.0900
342.837	437.1390
344.846	438.2690
346.859	432.3480
348.870	420.8120
350.879	415.0440
352.892	418.4320
354.903	426.0000
356.914	434.0270
358.923	438.2690
360.934	435.5830
362.945	425.7260
364.966	415.8990
368.975	422.3680
370.986	431.7680
372.997	439.0930
375.008	440.9240
377.019	435.4300
379.030	424.3220
381.041	419.9580
383.052	424.0470
385.061	431.6460
387.072	439.2450
389.083	443.1820
391.094	440.8020
393.102	432.0730
395.113	424.3220
397.124	425.6030
399.135	431.7680
401.146	439.5200
403.157	445.2880
405.168	445.4400
407.182	439.6720
409.193	430.7920
411.204	428.4110
413.217	432.6230
415.226	439.9470
417.240	446.8440
419.251	449.8050
421.264	447.2720
423.275	439.2450
425.286	433.4770
427.297	435.4300
429.311	441.3510
431.322	448.3700
433.333	453.8640
435.344	454.0160
437.355	448.9500
439.368	441.1980
441.379	439.9470
443.390	444.5860
445.401	451.0560
447.415	457.4040
449.426	460.2110
451.447	457.6780
453.458	450.6290
455.469	446.8440
457.480	449.2250
459.491	454.9930
461.500	461.3410
463.521	465.8270
465.522	465.7050
467.533	460.7610
469.544	455.1450
471.555	455.5730
473.563	460.2110
475.574	465.9790
477.583	471.3200
479.594	473.4260
481.605	471.3200
483.616	465.8270
485.629	463.8740
487.638	466.5290
489.649	471.5950
491.660	477.0880
493.671	481.0250
495.682	480.5980
497.693	476.8140
499.701	473.1510
501.712	474.1280
503.721	478.3390
505.732	483.5580
507.743	488.0750
509.754	489.4790
511.765	487.6480
513.773	483.8330
515.784	483.2830
517.811	486.2440
519.806	490.7300
521.820	495.3690
523.831	498.6040
527.850	495.9490
529.861	494.1170
531.875	495.6740
533.886	499.7330
535.897	503.9750
537.908	508.1870
539.919	509.7430
541.930	508.8880
543.938	506.6300
545.949	507.0570
547.958	510.0180
549.969	513.8020
551.980	517.8910
553.991	520.6990
556.002	521.1260
558.010	519.7230
560.024	519.0210
562.035	520.9740
564.043	524.5140
566.054	528.5730
568.063	532.1130
570.074	533.6390
572.082	533.5170
574.093	532.2350
576.104	533.5170
578.123	536.4770
580.134	540.1090
582.145	543.4960
584.161	545.7550
586.167	545.4800
588.176	543.2220
590.184	541.3910
594.206	542.3670
596.217	543.9240
598.228	545.1750
600.239	544.3510
602.250	541.9400
604.261	539.0100
606.272	537.7280
608.281	538.1560
610.292	539.4070
612.300	540.8110
614.311	541.1160
616.322	539.4070
618.333	536.3250
620.344	534.2190
622.355	534.3410
624.366	535.7750
626.377	537.5760
628.386	539.0100
630.397	538.4300
632.408	536.0500
634.419	533.3640
636.430	532.8150
638.441	533.9440
640.452	535.6230
642.460	537.7280
644.471	538.1560
646.482	536.7520
648.493	977.9880
650.504	1021.330
652.515	1036.370
654.524	1018.490
656.535	977.4080
658.543	929.2810
660.554	922.9630
662.565	958.2730
664.576	1001.180
666.585	1034.260
668.596	1030.180
670.607	999.6560
672.615	951.6510
674.626	919.3010
676.634	939.2910
678.645	978.5380
680.656	1022.030
682.665	1035.940
684.676	1017.660
686.687	976.0050
688.698	927.6020
690.706	923.5130
692.717	958.8530
694.726	1003.990
696.737	1035.090
698.748	1029.050
700.759	996.4210
702.767	947.0120
704.786	918.8740
706.797	941.1220
708.805	980.5210
710.817	1026.240
712.828	1035.240
714.836	1013.150
716.847	971.3660
718.858	925.0690
720.866	926.9000
722.875	963.9190
724.888	1007.650
726.897	1035.940
728.908	1027.640
730.919	990.0740
732.930	941.8240
734.941	919.7290
736.952	947.7140
738.963	989.2190
740.974	1028.890
742.985	1034.260
744.993	1010.060
747.004	967.5510
749.013	923.3910
751.024	930.9900
753.037	970.9390
755.051	1014.820
757.060	1036.370
759.068	1023.860
761.079	986.2890
763.090	938.8640
765.101	919.8810
767.112	950.6740
769.123	995.9940
771.134	1031.580
773.142	1031.850
775.153	1004.720
777.162	961.7830
779.173	921.4070
781.184	932.6680
783.195	972.6170
785.203	1016.530
787.214	1036.220
789.225	1021.600
791.236	982.3220
793.247	934.3470
795.256	920.5830
797.280	953.4820
799.278	996.1160
801.289	1032.010
803.300	1031.850
805.311	1003.710
807.319	957.5710
809.330	919.7290
811.339	934.2250
813.350	973.1970
815.361	1017.660
817.372	1036.650
819.383	1021.450
821.394	982.2000
823.405	933.0960
825.421	920.9800
827.424	955.0380
829.433	997.5200
831.457	1032.980
833.468	1031.730
835.479	1002.890
837.490	956.5950
839.501	919.7290
841.512	935.6290
843.520	975.5770
845.531	1020.900
847.542	1036.920
849.553	1019.890
851.564	979.0870
853.573	929.5860
855.584	922.4140
857.595	956.7170
859.603	999.6560
861.614	1034.110
863.625	1029.900
865.639	997.8250
867.650	949.6980
869.658	919.4540
871.672	940.2670
873.683	979.2400
875.694	1023.280
877.705	1035.940
879.716	1017.240
881.724	972.7700
883.738	926.1980
885.749	926.0460
887.757	963.7670
889.766	1007.380
891.777	1035.520
893.788	1027.800
895.801	993.7360
897.810	946.0350
899.821	919.1790
901.832	945.8830
903.843	986.4110
905.854	1027.800
907.862	1034.110
909.884	1010.770
911.882	969.1070
913.893	924.3670
915.904	927.3280
917.915	966.7270
919.926	1012.290
921.934	1035.670
923.945	1024.560
925.956	988.3950
927.965	940.8170
929.973	919.5760
931.984	948.1410
933.995	988.6700
936.004	1028.620
938.015	1033.140
940.026	1007.530
942.039	965.0180
944.048	921.8340
946.059	929.5860
948.070	968.4050
950.083	1012.170
952.094	1036.220
954.113	1024.130
956.124	985.9840
958.135	936.4830
960.141	919.0270
962.152	949.1180
964.166	990.5010
966.177	1029.050
968.185	1032.710
970.199	1006.830
972.207	963.6140
974.218	920.0030
976.229	931.2640
978.240	969.1070
980.251	1013.150
982.262	1035.670
984.273	1022.730
986.284	984.3060
988.295	934.4990
990.304	919.1790
992.315	949.8500
994.323	994.2850
996.334	1031.150
998.342	1031.300
1000.353	1003.290
1002.364	958.1510
1004.378	919.0270
1006.389	932.9430
1008.398	971.2130
1010.409	1015.560
1012.420	1035.520
1014.433	1019.340
1016.444	978.8120
1018.458	930.7150
1020.466	921.5600
1022.477	955.6180
1024.488	998.5270
1026.499	1032.160
1028.510	1029.750
1030.521	996.8180
1032.535	949.8500
1034.554	918.4470
1036.554	938.4360
1038.565	978.3850
1040.574	1021.450
1042.585	1034.810
1044.593	1016.530
1046.607	974.8750
1048.615	926.1980
1050.626	923.8180
1052.637	961.6610
1054.648	1005.420
1056.659	1033.410
1058.670	1026.510
1060.681	993.5830
1062.692	946.5850
1064.703	918.1720
1066.714	942.6480
1068.728	984.7330
1070.739	1024.560
1072.758	1033.260
1074.758	1012.290
1076.767	969.9620
1078.778	924.7950
1080.789	925.0690
1082.810	962.7900
1084.821	1006.830
1086.830	1034.260
1088.841	1025.260
1090.849	990.6230
1092.865	942.2510
1094.871	917.3480
1096.882	942.9530
1098.893	984.3060
1100.904	1024.680
1102.913	1033.140
1104.924	1009.760
1106.935	966.8490
1108.946	921.8340
1110.954	925.9240
1112.965	962.7900
1114.976	1006.250
1116.987	1033.680
1118.998	1024.830
1121.009	989.9210
1123.020	938.2840
1125.031	917.0430
1127.042	944.9060
1129.053	985.7090
1131.062	1025.810
1133.073	1032.430
1135.084	1008.510
1137.092	964.6210
1139.103	920.4300
1141.114	926.4730
1143.123	965.5980
1145.136	1010.060
1147.145	1034.540
1149.156	1022.730
1151.167	985.5870
1153.175	935.6290
1155.186	917.4700
1157.197	947.1650
1159.208	988.6700
1161.219	1029.050
1163.227	1030.180
1165.241	1003.290
1167.252	957.9990
1169.261	919.1790
1171.272	931.4170
1173.280	969.6870
1175.291	1013.570
1177.302	1034.260
1179.310	1020.470
1181.321	978.3850
1183.332	930.5630
1185.343	919.1790
1187.352	953.6350
1189.363	996.6960
1191.374	1030.450
1193.382	1028.620
1195.393	999.5040
1197.402	953.6350
1199.413	917.8970
1201.421	935.7810
1203.435	975.5770
1205.443	1018.790
1207.454	1033.260
1209.463	1015.950
1211.474	975.7300
1213.487	928.7310
1215.498	920.5830
1217.507	956.3200
1219.518	1000.630
1221.529	1031.730
1223.540	1026.510
1225.551	995.1400
1227.562	948.4160
1229.570	917.1950
1231.584	936.8800
1233.595	976.4320
1235.603	1019.770
1237.614	1033.260
1239.628	1014.120
1241.639	972.7700
1243.650	925.2220
1245.661	921.5600
1247.672	957.1440
1249.680	1000.210
1251.691	1031.730
1253.700	1026.510
1255.711	994.7120
1257.722	944.6320
1259.733	916.3410
1261.744	938.1620
1263.755	976.7070
1265.766	1020.040
1267.774	1032.980
1269.785	1013.020
1271.796	971.7930
1273.810	923.8180
1275.818	923.1160
1277.829	958.8530
1279.843	1002.310
1281.854	1032.710
1283.865	1025.540
1285.876	991.9050
1287.887	942.2510
1289.898	915.9140
1291.909	939.4130
1293.920	982.2000
1295.929	1023.980
1297.940	1032.280
1299.953	1009.640
1301.964	967.1540
1303.975	921.2850
1305.986	925.0690
1307.995	961.6610
1310.003	1005.420
1312.019	1033.410
1314.028	1022.420
1316.036	985.7090
1318.047	937.1850
1320.058	916.9210
1322.069	946.0350
1324.078	986.9910
1326.091	1026.090
1328.100	1031.030
1330.111	1006.250
1332.119	960.1040
1334.130	918.7520
1336.151	929.1590
1338.162	968.6800
1340.171	1012.600
1342.182	1033.410
1344.193	1020.320
1346.204	981.9250
1348.215	932.1190
1350.226	918.3250
1352.234	951.2540
1354.245	993.8880
1356.256	1028.620
1360.276	1000.760
1362.287	957.9990
1364.295	918.4470
1366.306	931.6920
1368.317	971.9150
1370.326	1015.830
1372.337	1033.560
1374.348	1018.060
1376.359	978.3850
1378.370	930.2880
1380.381	918.7520
1382.389	952.2310
1384.398	994.5900
1386.414	1029.630
1388.422	1028.070
1390.431	999.2290
1392.442	953.7870
1394.466	916.9210
1396.464	933.0960
1398.475	971.3660
1400.486	1015.680
1402.494	1033.410
1404.521	1017.940
1406.514	976.5540
1408.525	927.4800
1410.536	919.7290
1412.547	953.0850
1414.568	995.2920
1416.566	1030.020
1418.577	1028.340
1420.586	998.5270
1422.599	950.1250
1424.608	916.7680
1426.616	935.4760
1428.627	973.4720
1430.638	1018.490
1432.649	1033.680
1434.660	1016.260
1436.669	974.6010
1438.680	925.7710
1440.691	920.5830
1442.702	954.8860
1444.713	1001.180
1446.721	1032.430
1448.732	1026.670
1450.743	994.1630
1452.752	945.3340
1454.763	916.7680
1456.779	939.0160
1458.787	977.4080
1460.796	1021.450
1462.814	1032.550
1464.828	1010.770
1466.836	968.5580
1468.850	922.8110
1470.858	924.6420
1472.867	962.3630
1474.880	1005.700
1476.889	1033.260
1478.902	1024.960
1480.911	987.2660
1482.924	939.1380
1484.933	917.0430
1486.941	945.3340
1488.955	985.5870
1490.963	1026.090
1492.977	1031.730
1494.991	1008.080
1496.999	965.8720
1499.007	921.6820
1501.016	928.8840
1503.029	967.9780
1505.038	1011.040
1507.052	1034.540
1509.060	1022.850
1511.068	985.8620
1513.087	938.1620
1515.096	918.3250
1517.104	948.1410
1519.112	991.0500
1521.121	1028.890
1523.134	1032.160
1525.148	1005.970
1527.156	962.6380
1529.165	920.1560
1531.179	929.8610
1533.187	968.2530
1535.195	1011.890
1537.209	1035.390
1539.217	1022.420
1541.231	983.8780
1543.239	934.0720
1545.248	918.4470
1547.261	949.4230
1549.270	990.9280
1551.283	1029.050
1553.292	1031.850
1555.300	1004.420
1557.309	956.4420
1559.322	918.8740
1561.336	931.8140
1563.344	969.2600
1565.358	1013.570
1567.366	1035.670
1569.375	1022.150
1571.388	982.7490
1573.397	930.4100
1575.410	919.7290
1577.419	952.0780
1579.433	994.7120
1581.436	1031.430
1583.449	1031.150
1585.458	1002.740
1587.471	954.1840
1589.485	918.5990
1591.499	933.6450
1593.517	975.7300
1595.521	1019.340
1597.529	1035.790
1599.538	1019.340
1601.551	977.9880
1603.560	929.1590
1605.573	921.6820
1607.582	956.0150
1609.595	998.9550
1611.604	1033.680
1613.612	1028.500
1615.620	996.2690
1617.634	948.4160
1619.642	918.3250
1621.651	939.5660
1623.665	980.3690
1625.673	1022.580
1627.687	1035.090
1629.695	1016.380
1631.703	971.0910
1633.717	925.0690
1635.725	924.6420
1637.739	962.4850
1639.747	1006.250
1641.756	1034.260
1643.769	1026.940
1645.778	993.3090
1647.792	945.6080
1649.800	918.5990
1651.808	944.4790
1653.817	985.7090
1655.830	1026.090
1657.844	1034.110
1659.858	1011.590
1661.861	969.6870
1663.874	924.2150
1665.883	926.3510
1667.896	963.9190
1669.905	1008.230
1671.919	1035.520
1673.927	1026.240
1675.935	990.9280
1677.944	941.3970
1679.957	918.1720
1681.966	944.9060
1683.979	985.5870
1685.988	1026.510
1687.996	1034.260
1690.010	1010.770
1692.018	966.8490
1694.027	922.1090
1696.040	927.7550
1698.049	964.1940
1700.062	1008.350
1702.071	1035.670
1704.079	1026.360
1706.088	990.5010
1708.101	937.8870
1710.110	918.5990
1712.123	947.0120
1714.137	987.9680
1716.156	1028.340
1718.164	1034.390
1720.173	1009.910
1722.186	964.7430
1724.195	920.4300
1726.203	931.1120
1728.217	968.1310
1730.225	1013.150
1732.239	1037.070
1734.247	1024.960
1736.255	986.4110
1738.269	935.9030
1740.278	919.7290
1742.291	950.1250
1744.300	995.5670
1746.308	1032.010
1748.322	1032.710
1750.330	1005.000
1752.338	958.5480
1754.352	920.7050
1756.360	934.3470
1758.374	972.6170
1760.382	1017.240
1762.396	1036.920
1764.405	1020.590
1766.418	979.9420
1768.427	931.5390
1770.440	922.1090
1772.449	956.8700
1774.457	1000.050
1776.471	1033.840
1778.479	1031.730
1780.493	1001.880
1782.506	952.0780
1784.515	920.1560
1786.523	939.4130
1788.532	978.9650
1790.545	1022.730
1792.554	1036.490
1794.562	1018.910
1796.581	977.6830
1798.584	930.4100
1800.592	923.8180
1802.606	961.5080
1804.614	1004.570
1806.628	1035.520
1808.637	1030.180
1810.645	997.9470
1812.659	949.9720
1814.667	920.1560
1816.681	940.8170
1818.689	980.2160
1820.697	1024.680
1822.711	1036.920
1824.719	1016.810
1826.728	975.0280
1828.741	927.1750
1830.750	925.0690
1832.764	961.0810
1834.772	1004.570
1836.780	1035.940
1838.794	1030.330
1840.802	996.4210
1842.821	946.4630
1844.830	920.0030
1846.838	942.5260
1848.852	981.2230
1850.860	1025.110
1852.874	1036.920
1854.887	1016.380
1856.896	972.0680
1858.904	924.7950
1860.918	927.3280
1862.926	963.2170
1864.940	1007.260
1866.948	1037.190
1868.957	1029.750
1870.970	994.9870
1872.979	943.9300
1874.987	919.7290
1876.996	947.1650
1879.009	987.2660
1881.018	1029.200
1883.026	1036.650
1885.040	1013.020
1887.048	969.5350
1889.062	923.9400
1891.070	929.7080
1893.078	966.5740
1895.092	1011.040
1897.100	1038.200
1899.109	1026.510
1901.117	988.6700
1903.131	939.2910
1905.139	921.2850
1907.153	951.3760
1909.161	993.0340
1911.175	1031.730
1913.183	1035.390
1915.192	1009.640
1917.200	962.6380
1919.209	922.2620
1921.222	934.4990
1923.231	974.1730
1925.239	1018.490
1927.253	1038.320
1929.261	1024.410
1931.275	985.0080
1933.283	936.6050
1935.297	923.2380
1937.310	957.1440
1939.319	999.9310
1941.327	1034.390
1943.341	1033.140
1945.349	1004.420
1947.358	959.4030
1949.371	922.2620
1951.380	937.1850
1953.393	977.4080
1955.407	1021.720
1957.415	1038.320
1959.424	1022.150
1961.437	981.3450
1963.446	933.0960
1965.454	923.8180
1967.468	957.8460
1969.476	1000.760
1971.490	1035.390
1973.498	1033.140
1975.507	1002.740
1977.520	954.0620
1979.529	921.1320
1981.542	939.0160
1983.546	977.4080
1985.559	1021.720
1987.568	1038.750
1989.581	1022.150
1991.595	980.7960
1993.598	929.9830
1995.612	925.2220
1997.620	959.2500
1999.629	1002.190
2001.653	1036.370
2003.651	1033.140
2005.659	1002.040
2007.673	952.6580
2009.681	921.5600
2011.715	940.6950
2013.703	980.6430
2015.712	1026.090
2017.725	1039.730
2019.734	1020.900
2021.773	977.8360
2023.756	929.0060
2025.764	926.9000
2027.778	962.0880
2029.786	1005.700
2031.795	1039.330
2033.808	1032.280
2035.817	998.1000
2037.825	948.7210
2039.839	922.5360
2041.847	946.5850
2043.856	986.4110
2045.864	1029.320
2047.878	1039.330
2049.891	1018.360
2051.900	971.3660
2053.908	926.9000
2055.916	931.4170
2057.930	969.5350
2059.938	1013.570
2061.947	1040.030
2063.960	1030.450
2065.969	994.5900
2067.988	945.7610
2069.991	922.8110
2071.999	953.0850
2074.013	995.6890
2076.021	1033.560
2078.030	1037.770
2080.038	1012.600
2082.052	968.1310
2084.060	926.1980
2086.069	933.9500
2088.082	972.6170
2090.096	1018.490
2092.104	1040.580
2094.118	1027.640
2096.126	989.7990
2098.135	941.2440
2100.148	924.2150
2102.157	955.1910
2104.170	997.5200
2106.179	1034.970
2108.192	1037.070
2110.201	1010.180
2112.215	963.4920
2114.223	924.7950
2116.231	936.3310
2118.240	974.4480
2120.253	1019.070
2122.267	1041.160
2124.275	1027.920
2126.284	989.0970
2128.297	937.7340
2130.306	924.3670
2132.319	956.3200
2134.328	997.9470
2136.342	1035.520
2138.350	1037.070
2140.364	1009.760
2142.372	962.2100
2144.380	924.2150
2146.389	938.1620
2148.402	975.4550
2150.411	1020.750
2152.424	1041.440
2154.433	1026.790
2156.446	986.6860
2158.455	935.9030
2160.469	925.0690
2162.477	956.8700
2164.491	999.2290
2166.499	1037.930
2168.507	1036.370
2170.516	1006.520
2172.529	957.2970
2174.538	923.2380
2176.551	940.1150
2178.560	978.1100
2180.568	1023.710
2182.582	1041.440
2184.596	1025.380
2186.599	981.2230
2188.612	932.6680
2190.621	928.0300
2192.629	963.0650
2194.643	1006.400
2196.651	1039.030
2198.665	1034.970
2200.673	1003.170
2202.687	954.6110
2204.695	923.3910
2206.704	946.0350
2208.717	986.4110
2210.726	1029.630
2212.739	1040.310
2214.748	1019.340
2216.761	977.5610
2218.770	930.4100
2220.783	929.2810
2222.792	969.2600
2224.800	1013.300
2226.809	1040.160
2228.822	1031.850
2230.836	996.8180
2232.844	948.5680
2234.853	923.6650
2236.866	948.8430
2238.875	989.7990
2240.888	1031.300
2242.897	1038.900
2244.905	1015.400
2246.929	973.0440
2248.927	928.1820
2250.936	932.6680
2252.949	970.9390
2254.958	1015.130
2256.966	1041.280
2258.980	1031.580
2260.988	994.4380
2263.002	944.4790
2265.010	923.5130
2267.019	951.5290
2269.032	992.4540
2271.046	1033.410
2273.065	1039.880
2275.078	1015.680
2277.082	971.9150
2279.095	926.0460
2281.104	933.9500
2283.117	970.9390
2285.126	1015.680
2287.134	1041.710
2289.142	1031.150
2291.156	993.8880
2293.164	942.6480
2295.173	923.6650
2297.187	952.2310
2299.195	994.9870
2301.209	1035.090
2303.217	1039.450
2305.231	1013.730
2307.239	967.8560
2309.253	925.0690
2311.256	934.9270
2313.269	972.0680
2315.278	1017.360
2317.286	1042.410
2319.295	1029.470
2321.308	989.5240
2323.322	938.8640
2325.330	925.2220
2327.339	956.4420
2329.352	998.6490
2331.361	1037.070
2333.374	1038.900
2335.393	1011.190
2337.391	961.9360
2339.405	924.6420
2341.413	940.5420
2343.422	979.0870
2345.435	1024.250
2347.444	1042.260
2349.457	1026.940
2351.466	986.1370
2353.479	937.0330
2355.488	926.7480
2357.501	963.3390
2359.510	1006.950
2361.518	1039.610
2363.532	1036.100
2365.540	1004.850
2367.549	956.7170
2369.562	924.3670
2371.571	943.0750
2373.579	982.9020
2375.593	1029.050
2377.606	1041.280
2379.615	1022.420
2381.628	980.5210
2383.642	933.6450
2385.645	929.7080
2387.654	965.8720
2389.667	1009.360
2391.676	1040.160
2393.689	1034.260
2395.698	1000.910
2397.711	952.0780
2399.720	923.9400
2401.728	946.8900
2403.742	986.1370
2405.750	1030.330
2407.759	1041.440
2409.772	1021.330
2411.781	978.8120
2413.794	929.9830
2415.803	930.8370
2417.811	967.1540
2419.825	1010.770
2421.838	1041.280
2423.847	1034.390
2425.855	1000.050
2427.864	950.2470
2429.877	923.5130
2431.886	948.5680
2433.904	987.3880
2435.908	1031.150
2437.921	1041.440
2439.935	1019.490
2441.938	976.1570
2443.952	929.1590
2445.960	931.8140
2447.969	967.7040
2449.982	1011.320
2451.991	1042.410
2453.999	1033.560
2456.013	997.2460
2458.026	945.8830
2460.035	923.9400
2462.043	950.4000
2464.057	990.7760
2466.065	1033.140
2468.079	1041.280
2470.087	1015.680
2472.096	968.8330
2474.109	927.1750
2476.118	935.2010
2478.131	972.4950
2480.140	1016.810
2482.148	1042.840
2484.162	1031.850
2486.170	994.2850
2488.199	943.9300
2490.192	925.9240
2492.206	957.1440
2494.214	999.3510
2496.223	1036.800
2498.236	1038.750
2500.245	1012.170
2502.258	964.7430
2504.267	926.3510
2506.275	938.0090
2508.289	979.3920
2510.297	1023.710
2512.316	1042.410
2514.319	1027.490
2516.328	987.1130
2518.341	938.4360
2520.350	926.1980
2522.363	959.9520
2524.372	1003.170
2526.380	1037.930
2528.394	1036.490
2530.402	1006.520
2532.416	958.9750
2534.424	924.9470
2536.433	942.0990
2538.446	981.3450
2540.455	1025.110
2542.463	1041.860
2544.477	1025.660
2546.490	984.5800
2548.499	934.3470
2550.512	927.6020
2552.521	962.3630
2554.534	1005.270
2556.543	1039.330
2558.551	1036.370
2560.565	1005.550
2562.573	956.7170
2564.587	924.0930
2566.595	943.2280
2568.604	982.3220
2570.617	1026.360
2572.631	1041.990
2574.639	1024.560
2576.648	982.3220
2578.661	932.9430
2580.670	928.1820
2582.694	962.6380
2584.697	1006.950
2586.705	1040.460
2588.714	1036.100
2590.727	1003.990
2592.736	953.2070
2594.744	923.5130
2596.758	944.4790
2598.766	984.0310
2600.775	1028.070
2602.788	1042.840
2604.797	1022.030
2606.805	978.8120
2608.819	929.9830
2610.827	930.2880
2612.836	965.5980
2614.849	1009.910
2616.858	1041.860
2618.866	1035.940
2620.880	1002.190
2622.888	948.7210
2624.902	924.2150
2626.910	950.2470
2628.924	990.6230
2630.932	1032.860
2632.941	1041.860
2634.954	1019.490
2636.963	976.0050
2638.976	929.2810
2640.985	932.9430
2642.993	972.6170
2645.007	1017.360
2647.015	1042.690
2649.024	1032.430
2651.037	995.1400
2653.046	945.3340
2655.059	924.5200
2657.068	953.3600
2659.081	995.2920
2661.090	1036.490
2663.098	1039.330
2665.112	1013.150
2667.120	968.2530
2669.129	926.7480
2671.142	936.7580
2673.151	975.7300
2675.159	1020.320
2677.173	1042.570
2679.181	1030.180
2681.195	989.6460
2683.203	940.5420
2685.217	925.4960
2687.225	957.9990
2689.239	1000.360
2691.247	1037.190
2693.256	1038.320
2695.269	1011.320
2697.278	965.5980
2699.291	924.9470
2701.300	938.5890
2703.313	976.8590
2705.322	1022.150
2707.335	1042.690
2709.344	1028.500
2711.352	988.3950
2713.361	938.1620
2715.374	924.9470
2717.383	957.5710
2719.407	1000.760
2721.415	1037.930
2723.439	1038.050
2725.432	1009.640
2727.445	961.2340
2729.454	924.2150
2731.467	939.1380
2733.476	976.8590
2735.484	1022.030
2737.498	1042.840
2739.527	1027.370
2741.520	986.1370
2743.534	934.7740
2745.542	926.0460
2747.617	959.2500
2749.564	1001.760
2751.572	1038.630
2753.581	1037.770
2755.594	1005.970
2757.603	955.4660
2759.617	923.2380
2761.625	942.2510
2763.639	980.2160
2765.647	1026.360
2767.661	1042.690
2769.669	1025.260
2771.677	983.0540
2773.701	931.5390
2775.699	929.2810
2777.713	965.3230
2779.721	1008.930
2781.730	1040.730
2783.744	1035.390
2785.752	1002.460
2787.766	952.7800
2789.774	923.6650
2791.788	948.2940
2793.796	988.3950
2795.810	1031.850
2797.818	1041.280
2799.826	1019.340
2801.840	976.5540
2803.864	929.7080
2805.862	931.4170
2807.871	969.2600
2809.884	1013.150
2811.893	1041.860
2813.901	1032.160
2815.915	995.8420
2817.923	946.8900
2819.931	924.2150
2821.940	951.6510
2823.953	992.1790
2825.962	1033.840
2827.975	1040.460
2829.984	1015.680
2831.992	971.7930
2834.001	927.7550
2836.014	934.7740
2838.023	973.1970
2840.036	1017.360
2842.045	1042.410
2844.058	1031.580
2846.072	994.7120
2848.091	942.6480
2850.094	924.2150
2852.103	953.7870
2854.116	994.9870
2856.125	1035.520
2858.138	1040.310
2860.147	1014.820
2862.160	970.3890
2864.169	926.6260
2866.182	936.1780
2868.191	973.6240
2870.204	1018.490
2872.213	1042.840
2874.226	1031.030
2876.235	992.6070
2878.248	941.3970
2880.257	924.7950
2882.270	954.4890
2884.279	995.9940
2886.292	1036.920
2888.301	1039.610
2890.314	1012.870
2892.323	966.1470
2894.336	925.3440
2896.345	937.5820
2898.358	974.7530
2900.367	1020.320
2902.375	1043.540
2904.389	1029.470
2906.397	988.6700
2908.411	937.8870
2910.419	926.6260
2912.433	958.8530
2914.441	1001.340
2916.455	1039.450
2918.463	1039.730
2920.477	1011.590
2922.485	959.6770
2924.499	925.6490
2926.507	943.3500
2928.516	982.0470
2930.529	1026.940
2932.538	1043.820
2934.546	1027.490
2936.560	985.7090
2938.568	936.3310
2940.582	929.7080
2942.590	965.7200
2944.604	1009.640
2946.612	1041.440
2948.621	1037.070
2950.650	1004.850
2952.658	955.7400
2954.656	925.2220
2956.670	946.0350
2958.678	985.8620
2960.687	1031.850
2962.700	1042.570
2964.709	1022.420
2966.717	979.5140
2968.726	932.6680
2970.739	931.5390
2972.763	968.5580
2974.772	1012.170
2976.785	1042.690
2978.794	1035.090
2980.802	1000.360
2982.816	950.9490
2984.824	925.0690
2986.833	949.8500
2988.846	989.3720
2990.855	1032.980
2992.868	1042.410
2994.877	1021.020
2996.890	975.4550
2998.899	929.7080
3000.907	932.8210
3002.931	969.6870
3004.939	1013.730
3006.943	1042.990
3008.951	1034.810
3010.960	999.6560
3012.973	948.8430
3014.982	924.5200
3016.995	951.6510
3019.004	992.1790
3021.012	1033.840
3023.026	1041.990
3025.034	1019.190
3027.048	973.8990
3029.056	928.5790
3031.065	933.6450
3033.078	969.8090
3035.087	1016.260
3037.095	1043.970
3039.109	1033.960
3041.117	996.5440
3043.126	944.4790
3045.139	924.7950
3047.148	952.9330
3049.161	993.7360
3051.170	1035.670
3053.183	1041.440
3055.192	1015.950
3057.205	968.1310
3059.219	927.1750
3061.227	937.5820
3063.241	974.1730
3065.249	1019.490
3067.263	1044.240
3069.271	1032.430
3071.285	990.6230
3073.298	940.5420
3075.307	927.0530
3077.331	959.5550
3079.329	1002.040
3081.343	1039.180
3083.366	1039.880
3085.359	1012.290
3087.373	964.4690
3089.381	926.1980
3091.395	942.5260
3093.403	981.9250
3095.412	1026.670
3097.425	1043.970
3099.434	1027.800
3101.448	986.6860
3103.461	937.3070
3105.470	927.4800
3107.478	964.7430
3109.492	1008.780
3111.500	1042.570
3113.508	1038.320
3115.522	1006.130
3117.530	956.7170
3119.544	924.2150
3121.552	943.3500
3123.566	984.3060
3125.575	1029.630
3127.588	1044.950
3129.597	1025.260
3131.610	982.2000
3133.619	933.5230
3135.632	929.5860
3137.641	965.4450
3139.654	1009.480
3141.663	1042.410
3143.671	1037.770
3145.685	1004.720
3147.693	953.9090
3149.707	924.6420
3151.715	946.3100
3153.729	985.5870
3155.737	1030.600
3157.746	1044.400
3159.759	1024.960
3161.768	982.3220
3163.776	932.6680
3165.790	931.5390
3167.803	967.0020
3169.812	1011.190
3171.820	1043.540
3173.834	1037.930
3175.842	1004.300
3177.856	952.6580
3179.864	925.2220
3181.878	948.0190
3183.886	989.7990
3185.895	1033.840
3187.908	1044.670
3189.922	1022.730
3191.935	978.6900
3193.944	930.2880
3195.952	932.6680
3197.961	968.6800
3199.969	1013.730
3201.983	1044.950
3203.996	1035.940
3206.005	999.3510
3208.013	947.8670
3210.027	925.9240
3212.035	953.3600
3214.049	994.0110
3216.057	1036.100
3218.071	1043.540
3220.079	1020.200
3222.088	972.3420
3224.101	928.8840
3226.110	937.5820
3228.134	976.0050
3230.147	1021.020
3232.156	1045.220
3234.169	1033.840
3236.178	992.3320
3238.191	942.8000
3240.200	927.1750
3242.208	959.5550
3244.222	1002.310
3246.235	1039.730
3248.244	1041.440
3250.257	1014.120
3252.266	968.9850
3254.274	927.8770
3256.288	941.8240
3258.296	981.3450
3260.305	1026.090
3262.318	1044.670
3264.327	1030.330
3266.340	989.7990
3268.349	940.8170
3270.362	928.1820
3272.371	961.6610
3274.384	1005.420
3276.393	1041.440
3278.401	1040.160
3280.415	1011.320
3282.423	964.1940
3284.432	926.7480
3286.445	942.8000
3288.454	981.7730
3290.467	1027.490
3292.476	1045.920
3294.484	1030.020
3296.498	988.5170
3298.506	937.7340
3300.525	929.2810
3302.528	963.3390
3304.537	1006.130
3306.545	1042.260
3308.559	1041.010
3310.567	1011.320
3312.576	959.2500
3314.589	926.3510
3316.598	945.0590
3318.606	982.4750
3320.614	1028.890
3322.628	1045.920
3324.636	1029.320
3326.650	986.9910
3328.659	936.1780
3330.667	929.7080
3332.681	965.5980
3334.689	1009.360
3336.697	1043.970
3338.711	1040.160
3340.719	1007.650
3342.728	956.1680
3344.741	925.7710
3346.750	946.4630
3348.763	984.3060
3350.772	1030.880
3352.786	1045.370
3354.799	1024.960
3356.813	981.4980
3358.821	933.0960
3362.843	969.1070
3364.852	1013.150
3366.865	1044.670
3368.874	1036.650
3370.887	1001.180
3372.901	950.8270
3374.909	926.4730
3376.918	953.0850
3378.931	992.8810
3380.940	1036.220
3382.948	1044.400
3384.957	1021.450
3386.970	977.6830
3388.979	930.1350
3390.992	936.8800
3393.001	975.5770
3395.014	1019.890
3397.023	1044.950
3399.036	1034.260
3401.045	997.2460
3403.053	947.5920
3405.067	926.7480
3407.075	957.7240
3409.089	1000.050
3411.097	1038.320
3413.106	1041.990
3415.119	1016.260
3417.128	969.2600
3419.141	929.0060
3421.150	938.4360
3423.174	976.9810
3425.177	1022.030
3427.196	1045.490
3429.199	1032.860
3431.207	993.7360
3433.221	942.8000
3435.229	926.9000
3437.248	957.7240
3439.251	999.9310
3441.265	1039.180
3443.273	1042.260
3445.287	1014.980
3447.295	966.0250
3449.309	927.4800
3451.317	939.8400
3453.326	977.1340
3455.339	1022.300
3457.348	1045.370
3459.361	1032.550
3461.370	993.1560
3463.384	939.7180
3465.392	928.1820
3467.411	959.5550
3469.409	1001.760
3471.422	1040.460
3473.431	1041.860
3475.444	1013.730
3477.453	964.1940
3479.466	927.0530
3481.475	943.2280
3483.494	980.5210
3485.507	1026.510
3487.516	1045.800
3489.524	1030.450
3491.538	988.8220
3493.546	937.8870
3495.560	929.2810
3497.568	962.0880
3499.587	1008.660
3501.590	1042.570
3503.604	1039.450
3505.612	1008.350
3507.621	958.9750
3509.634	927.3280
3511.643	946.5850
3513.651	984.8550
3515.665	1029.900
3517.673	1045.220
3519.687	1024.960
3521.695	982.0470
3523.704	934.2250
3525.717	932.8210
3527.726	969.1070
3529.739	1013.300
3531.748	1043.820
3533.756	1037.930
3535.765	1004.570
3537.778	952.7800
3539.787	927.1750
3541.810	952.2310
3543.809	993.4610
3545.822	1034.660
3547.831	1043.540
3549.844	1021.600
3551.853	979.0870
3553.866	932.9430
3555.875	934.9270
3557.888	973.0440
3559.897	1017.240
3561.905	1044.520
3563.914	1035.520
3565.927	1000.050
3567.936	950.4000
3569.959	927.0530
3571.963	953.6350
3573.971	994.2850
3575.980	1036.370
3577.988	1043.270
3580.002	1019.890
3582.010	975.0280
3584.019	929.9830
3586.032	935.9030
3588.046	972.4950
3590.054	1017.240
3592.063	1044.950
3594.076	1035.670
3596.085	998.1000
3598.098	946.1880
3600.107	926.3510
3602.115	954.6110
3604.129	995.2920
3606.137	1036.920
3608.151	1043.540
3610.159	1019.190
3612.173	973.0440
3614.181	927.6020
3616.190	937.1850
3618.203	974.0210
3620.212	1019.890
3622.225	1046.080
3624.234	1034.810
3626.242	995.8420
3628.256	943.2280
3630.264	925.9240
3632.273	958.2730
3634.286	1000.630
3636.295	1040.310
3638.308	1042.410
3640.317	1015.250
3642.330	967.0020
3644.339	926.9000
3646.352	939.4130
3648.361	976.7070
3650.369	1023.000
3652.378	1045.650
3654.391	1030.880
3656.400	989.7990
3658.413	939.0160
3660.422	928.4570
3662.435	962.0880
3664.444	1005.000
3666.452	1041.560
3668.466	1040.860
3670.474	1008.510
3672.483	959.2500
3674.496	926.0460
3676.510	944.9060
3678.518	984.1530
3680.527	1029.470
3682.535	1045.220
3684.549	1028.190
3686.562	985.8620
3688.571	936.4830
3690.579	931.1120
3692.593	967.8560
3694.601	1011.190
3696.615	1043.120
3698.623	1038.200
3700.632	1005.820
3702.645	957.0220
3704.654	926.1980
3706.662	947.1650
3708.670	987.3880
3710.689	1032.550
3712.692	1044.670
3714.706	1024.560
3716.720	981.9250
3718.728	933.5230
3720.742	931.8140
3722.750	968.4050
3724.759	1012.170
3726.772	1043.970
3728.781	1037.930
3730.794	1003.710
3732.808	952.3830
3734.821	925.3440
3736.830	948.7210
3738.843	987.8150
3740.852	1032.860
3742.865	1045.100
3744.874	1023.280
3746.887	979.5140
3748.896	931.2640
3750.909	933.5230
3752.918	969.3820
3754.931	1013.730
3756.940	1044.950
3758.954	1038.050
3760.962	1003.010
3762.976	948.2940
3764.984	925.6490
3766.998	951.6510
3769.006	991.4770
3771.014	1035.790
3773.028	1045.100
3775.036	1021.870
3777.045	977.1340
3779.058	929.9830
3781.067	934.6520
3783.081	973.7460
3785.089	1019.190
3787.097	1046.230
3789.106	1035.670
3791.114	997.9470
3793.128	946.3100
3795.136	926.7480
3797.150	955.4660
3799.158	996.2690
3801.172	1039.610
3803.180	1042.990
3805.194	1016.380
3807.202	971.0910
3809.216	928.8840
3811.224	939.7180
3813.238	978.2630
3815.246	1023.430
3817.255	1046.350
3819.268	1033.680
3821.282	991.2030
3823.285	941.5490
3825.294	928.7310
3827.307	962.2100
3829.316	1005.000
3831.324	1041.280
3833.338	1041.560
3835.346	1012.870
3837.355	965.0180
3839.368	927.7550
3841.382	944.2040
3843.401	983.4510
3845.399	1028.070
3847.412	1045.650
3849.421	1029.900
3851.434	988.6700
3853.443	939.8400
3855.456	929.8610
3857.465	964.0410
3859.489	1007.650
3861.492	1042.840
3863.500	1040.580
3865.514	1009.910
3867.522	960.6840
3869.536	927.0530
3871.544	944.7840
3873.553	983.4510
3875.567	1028.890
3877.575	1046.080
3879.583	1029.050
3881.597	986.2890
3883.605	936.4830
3885.614	930.9900
3887.627	965.0180
3889.682	1007.960
3891.649	1043.390
3893.663	1040.730
3895.671	1008.080
3897.680	957.0220
3899.694	926.6260
3901.702	947.0120
3903.716	984.8550
3905.729	1031.030
3907.738	1046.620
3909.751	1028.500
3911.760	985.0080
3913.773	933.3700
3915.782	932.9430
3917.795	967.9780
3919.804	1012.020
3921.817	1045.220
3923.826	1039.730
3925.839	1005.820
3927.848	954.0620
3929.861	926.1980
3931.870	948.9960
3933.878	993.1560
3935.887	1035.520
3937.900	1045.370
3939.909	1023.280
3941.922	978.5380
3943.931	932.2410
3945.944	935.3540
3947.953	971.7930
3949.966	1015.680
3951.975	1045.920
3953.983	1035.790
3955.992	998.8020
3958.005	948.7210
3960.014	927.6020
3962.022	956.3200
3964.036	998.5270
3966.044	1038.630
3968.058	1045.100
3970.066	1020.900
3972.080	971.6400
3974.088	930.7150
3976.102	940.1150
3978.110	979.2400
3980.119	1023.430
3982.132	1046.930
3984.141	1034.660
3986.149	996.2690
3988.168	946.7370
3990.181	929.2810
3992.190	961.3860
3994.198	1003.440
3996.207	1041.560
3998.220	1043.270
4000.229	1016.260
4002.242	968.9850
4004.251	929.9830
4006.269	941.8240
4008.293	980.5210
4010.286	1025.960
4012.295	1047.480
4014.303	1033.410
4016.312	993.0340
4018.325	942.0990
4020.334	929.0060
4022.342	961.2340
4024.351	1003.590
4026.364	1042.570
4028.378	1043.120
4030.386	1014.550
4032.395	964.7430
4034.408	928.3040
4036.417	943.0750
4038.430	980.5210
4040.439	1026.240
4042.447	1047.330
4044.461	1033.260
4046.469	990.6230
4048.478	939.0160
4050.491	930.4100
4052.500	963.0650
4054.513	1005.550
4056.522	1043.270
4058.535	1042.990
4060.544	1013.420
4062.552	962.7900
4064.566	927.8770
4066.579	946.1880
4068.588	984.0310
4070.596	1030.720
4072.605	1047.480
4074.623	1030.330
4076.627	987.8150
4078.635	937.0330
4080.669	931.5390
4082.662	965.4450
4084.686	1012.440
4086.684	1045.370
4088.693	1040.460
4090.701	1007.380
4092.710	957.0220
4094.723	928.0300
4096.732	949.5450
4098.740	988.6700
4100.754	1033.560
4102.762	1046.780
4104.771	1024.410
4106.784	981.2230
4108.793	933.9500
4110.816	935.3540
4112.815	972.4950
4114.823	1016.810
4116.847	1045.920
4118.855	1038.480
4120.864	1000.910
4122.877	951.2540
4124.886	928.1820
4126.894	955.1910
4128.903	996.1160
4130.916	1037.500
4132.925	1044.950
4134.933	1021.600
4136.947	978.2630
4138.955	932.6680
4140.969	938.0090
4142.977	975.7300
4144.991	1020.470
4146.999	1046.620
4149.013	1036.490
4151.021	998.9550
4153.030	948.8430
4155.043	927.6020
4157.052	956.1680
4159.060	996.8180
4161.069	1039.030
4163.082	1044.670
4165.091	1019.620
4167.104	974.3260
4169.113	929.9830
4171.126	938.1620
4173.135	975.5770
4175.148	1020.470
4177.167	1047.200
4179.165	1036.100
4181.174	997.3980
4183.187	945.0590
4185.196	927.7550
4187.209	957.2970
4189.218	998.1000
4191.226	1039.450
4193.240	1044.790
4195.253	1019.190
4197.262	970.2370
4199.275	928.7310
4201.284	940.4200
4203.297	977.2860
4205.311	1023.550
4207.319	1047.750
4209.328	1035.520
4211.341	995.2920
4213.350	942.8000
4215.358	929.4330
4217.372	961.6610
4219.380	1003.710
4221.389	1042.570
4223.402	1043.540
4225.411	1015.400
4227.419	967.4290
4229.433	928.7310
4231.441	943.2280
4233.455	984.1530
4235.463	1029.900
4237.477	1047.200
4239.485	1031.150
4241.499	989.2190
4243.523	939.5660
4245.526	931.1120
4247.540	965.7200
4249.548	1008.350
4251.556	1044.790
4253.570	1040.730
4255.578	1008.230
4257.592	959.1280
4259.600	927.8770
4261.609	948.4160
4263.623	987.9680
4265.631	1032.980
4267.639	1046.620
4269.663	1028.190
4271.661	983.0540
4273.675	936.0560
4275.689	934.3470
4277.697	971.2130
4279.705	1014.700
4281.714	1045.370
4283.722	1039.180
4285.741	1005.700
4287.744	956.4420
4289.758	927.8770
4291.766	952.0780
4293.775	991.2030
4295.804	1035.670
4297.802	1046.230
4299.810	1024.960
4301.819	981.6200
4303.832	934.0720
4305.862	934.9270
4307.854	971.9150
4309.863	1015.830
4311.882	1046.500
4313.885	1038.900
4315.929	1003.710
4317.912	952.2310
4319.921	927.3280
4321.934	952.3830
4323.948	990.9280
4325.956	1035.790
4327.959	1046.230
4329.968	1023.550
4331.982	978.6900
4333.990	931.5390
4336.004	936.0560
4338.033	972.3420
4340.026	1016.260
4342.034	1046.780
4344.042	1038.630
4346.056	1000.480
4348.064	947.7140
4350.078	927.1750
4352.086	954.8860
4354.100	995.6890
4356.109	1038.200
4358.122	1045.920
4360.131	1022.030
4362.139	973.7460
4364.153	930.4100
4366.161	939.7180
4368.169	976.5540
4370.183	1021.870
4372.191	1047.330
4374.200	1035.940
4376.213	997.2460
4378.222	945.6080
4380.236	928.1820
4382.244	957.9990
4384.252	545.1750
4386.261	544.3510
4390.283	544.7780
4392.291	545.3280
4394.310	544.7780
4396.313	543.4960
4398.327	542.2450
4400.335	540.8110
4402.344	539.2850
4404.357	537.3010
4406.366	535.6230
4408.374	532.6620
4410.388	530.7090
4412.401	528.7250
4414.410	526.4670
4416.439	524.5140
4418.432	522.2560
4420.440	520.4240
4422.454	518.3190
4424.468	516.0600
4426.481	514.2290
4428.490	512.2760
4430.503	510.5670
4432.512	508.3390
4434.525	503.2730
4436.534	498.6040
4438.547	496.6510
4440.556	494.6670
4442.564	492.9880
4444.578	491.3100
4446.586	489.6010
4448.595	487.9220
4450.608	486.3660
4452.617	484.9620
4454.630	483.4050
4456.639	481.8800
4458.647	480.5980
4460.661	479.0720
4462.669	477.7900
4464.677	476.5390
4466.691	477.3630
4468.699	481.3000
4470.713	483.5580
4472.722	482.4290
4474.730	481.6050
4476.744	480.5980
4478.752	479.6210
4480.766	478.6450
4482.774	477.7900
4484.782	476.9360
4486.791	475.8060
4488.804	475.1040
4490.813	474.2800
4492.826	473.5790
4494.835	472.7240
4496.854	472.0220
4498.862	471.3200
4500.871	470.6180
4502.884	470.0380
4504.893	469.3360
4506.901	468.5120
4508.915	468.0850
4510.923	467.3830
4512.931	466.8030
4514.945	466.1020
4516.954	465.5520
4518.967	464.9720
4520.976	464.5760
4522.989	463.9960
4524.998	463.5680
4527.006	463.0190
4529.020	462.4700
4531.028	462.1650
4533.036	461.3410
4535.045	461.1880
4537.058	460.6390
4539.072	460.3340
4541.081	459.9370
4543.094	459.5100
4545.103	459.0820
4547.111	458.6550
4549.125	458.1060
4551.133	457.6780
4553.141	457.0990
4555.155	456.1220
4557.163	454.5660
4559.172	452.6120
4561.185	450.7810
4563.194	448.6750
4565.202	446.9660
4567.216	445.4400
4569.224	443.8840
4571.233	442.3280
4573.246	441.1980
4575.255	440.0690
4577.263	439.0930
4579.277	438.1160
4581.285	437.1390
4583.299	436.5600
4585.307	435.7360
4587.331	435.1560
4589.324	434.7280
4591.338	434.0270
4593.346	433.4770
4595.360	432.7750
4597.368	432.3480
4599.382	431.9210
4601.390	431.3710
4603.399	431.0660
4605.412	430.6700
4607.426	430.0900
4609.429	429.8150
4611.443	429.2350
4613.451	428.9600
4615.460	428.4110
4617.473	427.9840
4619.482	427.8310
4621.500	427.2820
4623.509	427.1290
4625.522	426.7330
4627.531	426.4270
4629.544	426.0000
4631.553	425.8780
4633.567	425.4510
4635.575	425.1760
4637.583	424.9020
4641.605	424.5960
4643.614	424.3220
4645.627	424.2000
4647.636	423.8940
4651.658	423.6200
4655.675	423.4670
4657.688	423.1920
4661.705	423.0700
4663.719	422.9180
4665.743	422.7650
4667.741	422.6430
4669.754	422.4910
4671.763	422.3680
4675.785	422.2160
4677.798	422.0630
4679.807	421.9410
4683.829	421.7890
4687.846	421.6670
4689.859	421.5140
4691.868	421.3610
4693.876	421.2390
4695.890	421.3610
4699.907	421.2390
4701.920	421.0870
4703.929	420.9340
4705.942	421.0870
4707.946	420.8120
4709.959	420.6590
4711.973	420.5370
4713.981	420.6590
4718.003	420.5370
4720.012	420.3850
4724.034	420.2320
4728.056	420.1100
4730.075	420.2320
4732.083	419.9580
4734.091	420.2320
4736.105	419.9580
4742.135	419.8350
4746.157	419.6830
4750.185	419.5300
4760.237	419.4080
4764.254	419.2560
4766.268	419.1340
4770.290	419.2560
4772.314	419.1340
4778.329	418.8280
4780.337	418.9810
4782.351	418.8280
4786.367	418.7060
4788.381	418.8280
4794.412	418.5540
4796.420	418.7060
4800.442	418.5540
4802.450	418.4320
4804.464	418.5540
4808.486	418.4320
4814.516	418.2790
4816.525	418.4320
4820.547	418.2790
4826.583	418.1260
4830.605	418.2790
4836.635	418.1260
4838.643	388.0350
4840.657	388.4620
