Elapsed time [s]	Value [-1E+100,1E+100]
0.000	0.2763000
0.159	0.2770000
2.258	0.2776000
4.359	0.2779000
6.460	0.2785000
8.561	0.2789000
10.660	0.2797000
12.761	0.2799000
14.862	0.2804000
16.963	0.2811000
19.064	0.2817000
21.163	0.2825000
23.264	0.2829000
25.365	0.2835000
27.474	0.2839000
29.567	0.2844000
31.666	0.2847000
33.767	0.2851000
35.868	0.2858000
37.969	0.2863000
40.068	0.2868000
42.169	0.2876000
44.270	0.2880000
46.371	0.2883000
48.472	0.2888000
50.571	0.2895000
52.672	0.2901000
54.773	0.2906000
56.874	0.2908000
58.973	0.2912000
61.074	0.2919000
63.175	0.2924000
65.281	0.2929000
67.382	0.2934000
69.484	0.2942000
71.585	0.2947000
73.686	0.2952000
75.784	0.2958000
77.886	0.2961000
79.987	0.2968000
82.088	0.2971000
84.189	0.2980000
86.288	0.2985000
88.391	0.2990000
90.492	0.2997000
92.591	0.3000000
94.692	0.3005000
96.791	0.3013000
98.892	0.3016000
100.993	0.3020000
103.094	0.3028000
105.193	0.3031000
107.294	0.3039000
109.395	0.3042000
111.496	0.3049000
113.597	0.3054000
115.696	0.3061000
117.797	0.3064000
119.898	0.3072000
121.999	0.3078000
124.100	0.3082000
126.214	0.3085000
128.300	0.3092000
130.401	0.3097000
132.502	0.3102000
134.601	0.3108000
136.702	0.3112000
138.803	0.3117000
140.904	0.3122000
143.003	0.3125000
145.104	0.3133000
147.205	0.3138000
149.306	0.3144000
151.407	0.3149000
153.506	0.3154000
155.607	0.3159000
157.708	0.3164000
159.809	0.3169000
161.908	0.3171000
164.009	0.3176000
166.110	0.3183000
168.211	0.3188000
170.310	0.3193000
172.411	0.3200000
174.512	0.3202000
176.613	0.3210000
178.714	0.3215000
180.813	0.3219000
182.914	0.3222000
185.015	0.3228000
187.116	0.3230000
189.215	0.3238000
191.316	0.3242000
193.420	0.3245000
195.518	0.3252000
197.619	0.3258000
199.718	0.3262000
201.819	0.3269000
203.920	0.3274000
206.021	0.3279000
208.122	0.3281000
210.236	0.3287000
212.322	0.3296000
214.423	0.3299000
216.524	0.3305000
218.626	0.3307000
220.724	0.3317000
222.825	0.3322000
224.926	0.3327000
227.028	0.3332000
229.126	0.3334000
231.230	0.3341000
233.328	0.3343000
235.430	0.3351000
237.531	0.3353000
239.629	0.3357000
241.730	0.3365000
243.831	0.3369000
245.933	0.3376000
248.034	0.3378000
250.132	0.3386000
252.233	0.3390000
254.335	0.3393000
256.436	0.3401000
258.534	0.3406000
260.635	0.3411000
262.739	0.3416000
264.838	0.3420000
266.939	0.3422000
269.037	0.3433000
271.139	0.3435000
273.240	0.3439000
275.338	0.3447000
277.442	0.3452000
279.540	0.3457000
281.642	0.3462000
283.743	0.3468000
285.854	0.3473000
287.942	0.3476000
290.044	0.3484000
292.145	0.3489000
294.246	0.3493000
296.347	0.3497000
298.446	0.3502000
300.547	0.3504000
302.648	0.3508000
304.749	0.3516000
306.850	0.3520000
308.949	0.3524000
311.050	0.3528000
313.151	0.3531000
315.252	0.3535000
317.353	0.3543000
319.452	0.3550000
321.553	0.3553000
323.654	0.3558000
325.755	0.3560000
327.854	0.3564000
329.955	0.3571000
332.056	0.3576000
334.157	0.3580000
336.258	0.3583000
338.357	0.3591000
340.458	0.3593000
342.559	0.3598000
344.660	0.3604000
346.759	0.3610000
348.860	0.3615000
350.961	0.3620000
353.062	0.3623000
355.161	0.3632000
357.262	0.3636000
359.363	0.3639000
361.464	0.3648000
363.565	0.3653000
365.669	0.3659000
367.765	0.3662000
369.866	0.3669000
371.967	0.3674000
374.066	0.3679000
376.167	0.3681000
378.268	0.3687000
380.369	0.3694000
382.468	0.3697000
384.569	0.3703000
386.670	0.3708000
388.771	0.3715000
390.872	0.3720000
392.971	0.3724000
395.072	0.3727000
397.173	0.3731000
399.274	0.3738000
401.375	0.3741000
403.474	0.3748000
405.575	0.3754000
407.676	0.3756000
409.777	0.3767000
411.876	0.3772000
413.977	0.3778000
416.078	0.3783000
418.179	0.3787000
420.280	0.3792000
422.379	0.3796000
424.480	0.3801000
426.581	0.3804000
428.682	0.3811000
430.784	0.3813000
432.882	0.3820000
434.983	0.3825000
437.084	0.3833000
439.186	0.3836000
441.284	0.3844000
443.385	0.3846000
445.489	0.3854000
447.588	0.3858000
449.689	0.3862000
451.787	0.3866000
453.888	0.3871000
455.989	0.3876000
458.091	0.3879000
460.192	0.3882000
462.290	0.3890000
464.391	0.3893000
466.493	0.3896000
468.594	0.3903000
470.692	0.3907000
472.793	0.3911000
474.895	0.3913000
476.996	0.3918000
479.097	0.3926000
481.195	0.3930000
483.309	0.3938000
485.398	0.3942000
487.499	0.3945000
489.600	0.3952000
491.698	0.3957000
493.800	0.3962000
495.901	0.3964000
498.002	0.3971000
500.103	0.3976000
502.204	0.3981000
504.303	0.3984000
506.404	0.3990000
508.505	0.3992000
510.604	0.3999000
512.705	0.4006000
514.806	0.4010000
516.907	0.4012000
519.008	0.4017000
521.107	0.4024000
523.208	0.4029000
525.309	0.4032000
527.410	0.4039000
529.514	0.4043000
531.610	0.4047000
533.711	0.4056000
535.812	0.4061000
537.913	0.4066000
540.012	0.4072000
542.113	0.4074000
544.217	0.4079000
546.315	0.4085000
548.416	0.4089000
550.515	0.4093000
552.616	0.4096000
554.717	0.4104000
556.818	0.4109000
558.922	0.4116000
561.018	0.4122000
563.119	0.4127000
565.220	0.4132000
567.319	0.4137000
569.422	0.4139000
571.524	0.4147000
573.622	0.4149000
575.723	0.4155000
577.824	0.4161000
579.926	0.4167000
582.024	0.4172000
584.128	0.4177000
586.226	0.4184000
588.328	0.4190000
590.429	0.4192000
592.527	0.4200000
594.628	0.4203000
596.730	0.4207000
598.831	0.4215000
600.932	0.4218000
603.030	0.4222000
605.131	0.4228000
607.230	0.4233000
609.334	0.4236000
611.432	0.4246000
613.533	0.4252000
615.635	0.4257000
617.736	0.4261000
619.837	0.4264000
621.935	0.4268000
624.037	0.4276000
626.138	0.4281000
628.239	0.4285000
630.340	0.4290000
632.439	0.4294000
634.540	0.4302000
636.641	0.4304000
638.742	0.4312000
640.840	0.4317000
642.942	0.4323000
645.043	0.4328000
647.144	0.4330000
649.245	0.4335000
651.344	0.4340000
653.447	0.4344000
655.546	0.4351000
657.647	0.4356000
659.746	0.4361000
661.847	0.4368000
663.948	0.4373000
666.049	0.4375000
668.150	0.4382000
670.251	0.4386000
672.350	0.4391000
674.451	0.4397000
676.552	0.4401000
678.653	0.4407000
680.752	0.4412000
682.853	0.4417000
684.954	0.4422000
687.055	0.4427000
689.156	0.4432000
691.255	0.4438000
693.356	0.4441000
695.457	0.4446000
697.558	0.4451000
699.657	0.4458000
701.758	0.4461000
703.949	0.4467000
705.960	0.4470000
708.059	0.4474000
710.160	0.4481000
712.261	0.4485000
714.362	0.4490000
716.461	0.4497000
718.572	0.4500000
720.663	0.4507000
722.764	0.4509000
724.865	0.4513000
726.966	0.4521000
729.065	0.4523000
731.166	0.4531000
733.267	0.4536000
735.366	0.4541000
737.470	0.4546000
739.568	0.4550000
741.669	0.4557000
743.770	0.4561000
745.869	0.4566000
747.970	0.4569000
750.071	0.4574000
752.172	0.4580000
754.273	0.4586000
756.372	0.4588000
758.473	0.4593000
760.574	0.4600000
762.675	0.4606000
764.779	0.4613000
766.875	0.4618000
768.976	0.4622000
771.077	0.4627000
773.179	0.4631000
775.277	0.4634000
777.378	0.4639000
779.479	0.4646000
781.596	0.4648000
783.682	0.4656000
785.780	0.4660000
787.881	0.4666000
789.982	0.4668000
792.084	0.4673000
794.205	0.4680000
796.283	0.4684000
798.384	0.4690000
800.486	0.4695000
802.587	0.4700000
804.685	0.4705000
806.789	0.4709000
808.888	0.4712000
810.989	0.4721000
813.095	0.4724000
815.188	0.4728000
817.289	0.4735000
819.391	0.4737000
821.492	0.4741000
823.590	0.4749000
825.691	0.4752000
827.793	0.4760000
829.894	0.4764000
831.995	0.4768000
834.096	0.4773000
836.195	0.4777000
838.296	0.4782000
840.397	0.4787000
842.498	0.4795000
844.599	0.4797000
846.703	0.4803000
848.799	0.4811000
850.900	0.4815000
853.001	0.4820000
855.100	0.4824000
857.201	0.4831000
859.302	0.4833000
861.403	0.4840000
863.502	0.4844000
865.603	0.4852000
867.704	0.4854000
869.802	0.4862000
871.906	0.4866000
874.005	0.4872000
876.106	0.4875000
878.207	0.4878000
880.308	0.4887000
882.409	0.4891000
884.508	0.4896000
886.614	0.4902000
888.710	0.4903000
890.811	0.4911000
892.910	0.4914000
895.011	0.4918000
897.112	0.4927000
899.213	0.4931000
901.314	0.4936000
903.413	0.4941000
905.519	0.4946000
907.620	0.4951000
909.721	0.4955000
911.820	0.4961000
913.921	0.4966000
916.022	0.4973000
918.123	0.4978000
920.225	0.4981000
922.326	0.4986000
924.424	0.4993000
926.525	0.4997000
928.626	0.5001000
930.728	0.5007000
932.826	0.5012000
934.927	0.5017000
937.028	0.5021000
939.130	0.5028000
941.228	0.5031000
943.329	0.5039000
945.430	0.5044000
947.532	0.5051000
949.633	0.5053000
951.734	0.5061000
953.832	0.5065000
955.934	0.5070000
958.040	0.5073000
960.136	0.5077000
962.237	0.5084000
964.335	0.5086000
966.437	0.5091000
968.538	0.5100000
970.636	0.5105000
972.740	0.5108000
974.839	0.5112000
976.940	0.5120000
979.041	0.5122000
981.139	0.5125000
983.241	0.5133000
985.342	0.5138000
987.443	0.5144000
989.544	0.5151000
991.643	0.5155000
993.749	0.5158000
995.845	0.5162000
997.946	0.5171000
1000.047	0.5173000
1002.146	0.5177000
1004.247	0.5183000
1006.348	0.5189000
1008.449	0.5194000
1010.548	0.5196000
1012.649	0.5205000
1014.750	0.5210000
1016.851	0.5215000
1018.952	0.5220000
1021.053	0.5223000
1023.152	0.5228000
1025.253	0.5236000
1027.354	0.5241000
1029.455	0.5246000
1031.556	0.5250000
1033.655	0.5255000
1035.756	0.5258000
1037.857	0.5267000
1039.958	0.5269000
1042.057	0.5276000
1044.158	0.5281000
1046.259	0.5286000
1048.360	0.5289000
1050.461	0.5294000
1052.560	0.5302000
1054.661	0.5308000
1056.762	0.5313000
1058.863	0.5318000
1060.965	0.5323000
1063.063	0.5331000
1065.164	0.5336000
1067.265	0.5339000
1069.366	0.5346000
1071.473	0.5349000
1073.566	0.5354000
1075.667	0.5360000
1077.768	0.5365000
1079.870	0.5371000
1081.968	0.5376000
1084.072	0.5381000
1086.170	0.5386000
1088.272	0.5394000
1090.373	0.5396000
1092.471	0.5403000
1094.572	0.5409000
1096.674	0.5413000
1098.775	0.5418000
1100.876	0.5422000
1102.974	0.5426000
1105.075	0.5433000
1107.177	0.5436000
1109.278	0.5442000
1111.376	0.5448000
1113.477	0.5454000
1115.579	0.5461000
1117.680	0.5466000
1119.781	0.5468000
1121.879	0.5473000
1123.981	0.5480000
1126.082	0.5485000
1128.183	0.5487000
1130.284	0.5494000
1132.383	0.5499000
1134.484	0.5504000
1136.585	0.5507000
1138.686	0.5516000
1140.784	0.5522000
1142.886	0.5526000
1144.987	0.5531000
1147.088	0.5537000
1149.189	0.5542000
1151.288	0.5547000
1153.389	0.5553000
1155.490	0.5557000
1157.591	0.5561000
1159.692	0.5563000
1161.791	0.5570000
1163.892	0.5575000
1165.993	0.5580000
1168.094	0.5583000
1170.195	0.5590000
1172.294	0.5593000
1174.395	0.5598000
1176.496	0.5605000
1178.597	0.5609000
1180.696	0.5614000
1182.797	0.5619000
1184.898	0.5624000
1186.999	0.5626000
1189.098	0.5630000
1191.199	0.5636000
1193.300	0.5641000
1195.401	0.5648000
1197.502	0.5651000
1199.601	0.5658000
1201.702	0.5664000
1203.803	0.5666000
1205.904	0.5674000
1208.003	0.5679000
1210.104	0.5682000
1212.205	0.5689000
1214.306	0.5694000
1216.405	0.5699000
1218.506	0.5704000
1220.607	0.5709000
1222.708	0.5716000
1224.807	0.5719000
1226.908	0.5725000
1229.009	0.5728000
1231.110	0.5735000
1233.211	0.5740000
1235.310	0.5742000
1237.411	0.5750000
1239.512	0.5752000
1241.613	0.5757000
1243.714	0.5764000
1245.813	0.5768000
1247.914	0.5774000
1250.015	0.5780000
1252.116	0.5784000
1254.215	0.5786000
1256.316	0.5794000
1258.417	0.5799000
1260.518	0.5804000
1262.619	0.5806000
1264.718	0.5812000
1266.819	0.5819000
1268.920	0.5824000
1271.021	0.5830000
1273.123	0.5833000
1275.221	0.5841000
1277.322	0.5846000
1279.423	0.5850000
1281.525	0.5854000
1283.626	0.5857000
1285.724	0.5862000
1287.825	0.5870000
1289.926	0.5874000
1292.028	0.5879000
1294.126	0.5883000
1296.227	0.5890000
1298.328	0.5895000
1300.430	0.5897000
1302.531	0.5902000
1304.629	0.5909000
1306.730	0.5912000
1308.832	0.5917000
1310.933	0.5926000
1313.034	0.5930000
1315.132	0.5932000
1317.233	0.5940000
1319.335	0.5944000
1321.436	0.5951000
1323.537	0.5957000
1325.638	0.5962000
1327.737	0.5964000
1329.838	0.5969000
1331.939	0.5976000
1334.037	0.5981000
1336.141	0.5985000
1338.240	0.5990000
1340.341	0.5994000
1342.442	0.6001000
1344.541	0.6006000
1346.642	0.6011000
1348.743	0.6013000
1350.844	0.6018000
1352.942	0.6025000
1355.044	0.6027000
1357.145	0.6033000
1359.243	0.6039000
1361.347	0.6043000
1363.446	0.6048000
1365.547	0.6056000
1367.648	0.6061000
1369.749	0.6065000
1371.850	0.6067000
1373.949	0.6072000
1376.050	0.6080000
1378.151	0.6083000
1380.252	0.6091000
1382.353	0.6096000
1384.452	0.6098000
1386.553	0.6103000
1388.654	0.6111000
1390.755	0.6116000
1392.854	0.6124000
1394.955	0.6126000
1397.056	0.6133000
1399.157	0.6137000
1401.256	0.6141000
1403.357	0.6147000
1405.458	0.6152000
1407.559	0.6158000
1409.660	0.6163000
1411.759	0.6166000
1413.860	0.6175000
1415.961	0.6180000
1418.062	0.6184000
1420.161	0.6189000
1422.262	0.6192000
1424.363	0.6198000
1426.464	0.6203000
1428.568	0.6208000
1430.664	0.6212000
1432.765	0.6217000
1434.866	0.6219000
1436.965	0.6224000
1439.066	0.6231000
1441.167	0.6239000
1443.268	0.6242000
1445.369	0.6250000
1447.468	0.6253000
1449.569	0.6257000
1451.670	0.6266000
1453.771	0.6271000
1455.872	0.6275000
1457.971	0.6278000
1460.075	0.6284000
1462.171	0.6287000
1464.272	0.6296000
1466.373	0.6301000
1468.474	0.6306000
1470.575	0.6308000
1472.676	0.6314000
1474.777	0.6322000
1476.879	0.6327000
1478.980	0.6332000
1481.081	0.6334000
1483.177	0.6339000
1485.340	0.6341000
1487.379	0.6350000
1489.480	0.6357000
1491.581	0.6362000
1493.683	0.6364000
1495.784	0.6368000
1497.885	0.6375000
1499.986	0.6377000
1502.097	0.6383000
1504.183	0.6391000
1506.289	0.6393000
1508.390	0.6398000
1510.486	0.6405000
1512.588	0.6413000
1514.689	0.6418000
1516.790	0.6422000
1518.891	0.6426000
1520.992	0.6431000
1523.093	0.6434000
1525.194	0.6438000
1527.296	0.6446000
1529.397	0.6450000
1531.493	0.6455000
1533.599	0.6460000
1535.695	0.6468000
1537.796	0.6470000
1539.897	0.6478000
1541.998	0.6480000
1544.099	0.6489000
1546.201	0.6494000
1548.302	0.6498000
1550.398	0.6503000
1552.499	0.6509000
1554.600	0.6513000
1556.701	0.6515000
1558.802	0.6523000
1560.903	0.6529000
1563.005	0.6534000
1565.106	0.6539000
1567.207	0.6544000
1569.308	0.6550000
1571.404	0.6553000
1573.505	0.6557000
1575.606	0.6564000
1577.707	0.6569000
1579.808	0.6573000
1581.910	0.6578000
1584.011	0.6582000
1586.112	0.6589000
1588.213	0.6594000
1590.309	0.6600000
1592.410	0.6605000
1594.511	0.6610000
1596.612	0.6613000
1598.714	0.6618000
1600.815	0.6624000
1602.916	0.6631000
1605.017	0.6634000
1607.118	0.6638000
1609.219	0.6645000
1611.320	0.6651000
1613.416	0.6659000
1615.517	0.6665000
1617.619	0.6667000
1619.720	0.6672000
1621.821	0.6680000
1623.922	0.6682000
1626.023	0.6687000
1628.124	0.6692000
1630.225	0.6697000
1632.327	0.6703000
1634.423	0.6708000
1636.524	0.6715000
1638.625	0.6721000
1640.726	0.6726000
1642.827	0.6731000
1644.928	0.6733000
1647.029	0.6738000
1649.130	0.6746000
1651.226	0.6748000
1653.328	0.6753000
1655.429	0.6760000
1657.530	0.6764000
1659.631	0.6772000
1661.732	0.6776000
1663.833	0.6779000
1665.934	0.6787000
1668.036	0.6792000
1670.137	0.6796000
1672.233	0.6801000
1674.334	0.6806000
1676.435	0.6811000
1678.536	0.6814000
1680.637	0.6817000
1682.743	0.6822000
1684.839	0.6830000
1686.941	0.6836000
1689.042	0.6841000
1691.158	0.6843000
1693.239	0.6850000
1695.340	0.6855000
1697.441	0.6860000
1699.542	0.6866000
1701.643	0.6868000
1703.745	0.6876000
1705.846	0.6881000
1707.947	0.6883000
1710.048	0.6889000
1712.144	0.6899000
1714.250	0.6903000
1716.346	0.6909000
1718.447	0.6914000
1720.548	0.6918000
1722.650	0.6921000
1724.751	0.6926000
1726.852	0.6932000
1728.953	0.6936000
1731.049	0.6941000
1733.150	0.6947000
1735.251	0.6949000
1737.352	0.6957000
1739.454	0.6959000
1741.555	0.6968000
1743.656	0.6974000
1745.757	0.6979000
1747.858	0.6981000
1749.959	0.6986000
1752.060	0.6992000
1754.161	0.6995000
1756.263	0.7000000
1758.364	0.7003000
1760.460	0.7010000
1762.561	0.7014000
1764.662	0.7019000
1766.763	0.7026000
1768.864	0.7029000
1770.965	0.7034000
1773.067	0.7042000
1775.168	0.7044000
1777.269	0.7053000
1779.365	0.7057000
1781.466	0.7063000
1783.567	0.7067000
1785.668	0.7071000
1787.769	0.7076000
1789.870	0.7083000
1791.972	0.7089000
1794.073	0.7093000
1796.174	0.7098000
1798.275	0.7104000
1800.371	0.7109000
1802.477	0.7112000
1804.573	0.7116000
1806.674	0.7124000
1808.776	0.7128000
1810.877	0.7134000
1812.978	0.7139000
1815.079	0.7146000
1817.180	0.7150000
1819.276	0.7153000
1821.377	0.7162000
1823.478	0.7168000
1825.579	0.7173000
1827.681	0.7176000
1829.782	0.7181000
1831.883	0.7188000
1833.984	0.7193000
1836.085	0.7198000
1838.181	0.7200000
1840.282	0.7210000
1842.383	0.7215000
1844.485	0.7217000
1846.586	0.7226000
1848.687	0.7229000
1850.788	0.7232000
1852.889	0.7239000
1854.990	0.7244000
1857.091	0.7250000
1859.192	0.7252000
1861.288	0.7259000
1863.390	0.7267000
1865.501	0.7272000
1867.602	0.7276000
1869.703	0.7282000
1871.804	0.7287000
1873.906	0.7293000
1876.002	0.7296000
1878.103	0.7299000
1880.204	0.7304000
1882.305	0.7312000
1884.406	0.7314000
1886.507	0.7321000
1888.608	0.7325000
1890.704	0.7333000
1892.806	0.7338000
1894.907	0.7340000
1897.008	0.7347000
1899.109	0.7349000
1901.210	0.7353000
1903.311	0.7360000
1905.412	0.7366000
1907.513	0.7371000
1909.609	0.7374000
1911.711	0.7384000
1913.812	0.7387000
1915.913	0.7392000
1918.014	0.7400000
1920.115	0.7404000
1922.216	0.7409000
1924.317	0.7411000
1926.419	0.7415000
1928.515	0.7422000
1930.616	0.7427000
1932.717	0.7430000
1934.818	0.7437000
1936.919	0.7442000
1939.020	0.7447000
1941.121	0.7455000
1943.222	0.7461000
1945.318	0.7465000
1947.420	0.7469000
1949.521	0.7472000
1951.622	0.7479000
1953.723	0.7483000
1955.824	0.7486000
1957.925	0.7493000
1960.026	0.7498000
1962.128	0.7504000
1964.229	0.7508000
1966.325	0.7512000
1968.426	0.7515000
1970.527	0.7519000
1972.628	0.7527000
1974.729	0.7532000
1976.830	0.7537000
1978.931	0.7539000
1981.033	0.7545000
1983.134	0.7552000
1985.230	0.7556000
1987.331	0.7562000
1989.432	0.7566000
1991.533	0.7570000
1993.634	0.7577000
1995.735	0.7580000
1997.837	0.7584000
1999.938	0.7592000
2002.039	0.7595000
2004.135	0.7600000
2006.236	0.7602000
2008.337	0.7608000
2010.438	0.7616000
2012.539	0.7621000
2014.640	0.7623000
2016.742	0.7629000
2018.843	0.7635000
2020.944	0.7637000
2023.045	0.7641000
2025.141	0.7648000
2027.242	0.7650000
2029.343	0.7656000
2031.444	0.7661000
2033.546	0.7669000
2035.647	0.7674000
2037.748	0.7677000
2039.849	0.7683000
2041.950	0.7687000
2044.046	0.7690000
2046.147	0.7697000
2048.248	0.7702000
2050.349	0.7707000
2052.461	0.7709000
2054.562	0.7718000
2056.653	0.7722000
2058.754	0.7729000
2060.855	0.7735000
2062.956	0.7740000
2065.052	0.7743000
2067.153	0.7748000
2069.255	0.7755000
2071.356	0.7760000
2073.457	0.7762000
2075.558	0.7768000
2077.664	0.7775000
2079.760	0.7780000
2081.861	0.7784000
2083.957	0.7791000
2086.058	0.7797000
2088.160	0.7802000
2090.261	0.7806000
2092.362	0.7812000
2094.463	0.7817000
2096.564	0.7819000
2098.665	0.7823000
2100.766	0.7831000
2102.862	0.7834000
2104.964	0.7841000
2107.065	0.7847000
2109.166	0.7852000
2111.267	0.7857000
2113.368	0.7860000
2115.469	0.7866000
2117.570	0.7873000
2119.671	0.7878000
2121.767	0.7881000
2123.869	0.7887000
2125.970	0.7893000
2128.071	0.7895000
2130.172	0.7902000
2132.278	0.7909000
2134.374	0.7911000
2136.475	0.7918000
2138.577	0.7923000
2140.678	0.7928000
2142.779	0.7932000
2144.875	0.7938000
2146.976	0.7941000
2149.077	0.7948000
2151.178	0.7953000
2153.279	0.7958000
2155.380	0.7963000
2157.482	0.7968000
2159.583	0.7975000
2161.684	0.7981000
2163.785	0.7984000
2165.881	0.7990000
2167.987	0.7995000
2170.088	0.7997000
2172.184	0.8002000
2174.286	0.8010000
2176.387	0.8016000
2178.488	0.8018000
2180.589	0.8024000
2182.690	0.8031000
2184.786	0.8038000
2186.887	0.8043000
2188.988	0.8047000
2191.089	0.8052000
2193.191	0.8056000
2195.292	0.8062000
2197.393	0.8066000
2199.494	0.8069000
2201.595	0.8076000
2203.691	0.8081000
2205.792	0.8084000
2207.893	0.8093000
2209.995	0.8098000
2212.096	0.8103000
2214.197	0.8107000
2216.298	0.8112000
2218.399	0.8117000
2220.500	0.8120000
2222.601	0.8127000
2224.697	0.8131000
2226.798	0.8134000
2228.900	0.8141000
2231.001	0.8145000
2233.102	0.8150000
2235.203	0.8155000
2237.304	0.8162000
2239.416	0.8167000
2241.506	0.8172000
2243.608	0.8174000
2245.704	0.8182000
2247.805	0.8187000
2249.906	0.8192000
2252.007	0.8194000
2254.108	0.8200000
2256.209	0.8207000
2258.310	0.8213000
2260.411	0.8219000
2262.507	0.8224000
2264.609	0.8232000
2266.735	0.8236000
2268.811	0.8241000
2270.912	0.8243000
2273.013	0.8248000
2275.114	0.8256000
2277.215	0.8259000
2279.317	0.8263000
2281.418	0.8270000
2283.514	0.8276000
2285.615	0.8280000
2287.716	0.8285000
2289.817	0.8291000
2291.918	0.8296000
2294.019	0.8304000
2296.120	0.8311000
2298.222	0.8313000
2300.318	0.8320000
2302.419	0.8325000
2304.520	0.8330000
2306.621	0.8335000
2308.722	0.8338000
2310.823	0.8345000
2312.924	0.8350000
2315.026	0.8355000
2317.127	0.8360000
2319.223	0.8367000
2321.324	0.8370000
2323.425	0.8376000
2325.526	0.8378000
2327.627	0.8386000
2329.728	0.8391000
2331.829	0.8396000
2333.931	0.8401000
2336.032	0.8405000
2338.128	0.8410000
2340.229	0.8413000
2342.345	0.8422000
2344.431	0.8428000
2346.532	0.8433000
2348.633	0.8437000
2350.735	0.8443000
2352.836	0.8448000
2354.937	0.8450000
2357.033	0.8455000
2359.139	0.8463000
2361.235	0.8468000
2363.336	0.8472000
2365.437	0.8479000
2367.538	0.8482000
2369.640	0.8489000
2371.741	0.8494000
2373.842	0.8498000
2375.943	0.8501000
2378.039	0.8508000
2380.140	0.8513000
2382.241	0.8517000
2384.342	0.8519000
2386.444	0.8525000
2388.545	0.8531000
2390.646	0.8533000
2392.747	0.8540000
2394.848	0.8545000
2396.944	0.8552000
2399.045	0.8557000
2401.146	0.8562000
2403.247	0.8567000
2405.349	0.8572000
2407.450	0.8576000
2409.551	0.8579000
2411.652	0.8587000
2413.753	0.8592000
2415.854	0.8597000
2417.950	0.8602000
2420.051	0.8608000
2422.153	0.8613000
2424.254	0.8620000
2426.355	0.8624000
2428.456	0.8626000
2430.557	0.8632000
2432.658	0.8638000
2434.759	0.8640000
2436.855	0.8646000
2438.956	0.8651000
2441.058	0.8656000
2443.159	0.8659000
2445.260	0.8665000
2447.361	0.8668000
2449.462	0.8676000
2451.563	0.8681000
2453.664	0.8689000
2455.760	0.8694000
2457.867	0.8699000
2459.963	0.8701000
2462.064	0.8705000
2464.165	0.8712000
2466.271	0.8717000
2468.367	0.8721000
2470.468	0.8728000
2472.569	0.8732000
2474.665	0.8735000
2476.777	0.8739000
2478.868	0.8746000
2480.969	0.8749000
2483.070	0.8751000
2485.171	0.8758000
2487.272	0.8761000
2489.373	0.8765000
2491.475	0.8772000
2493.571	0.8775000
2495.672	0.8783000
2497.778	0.8785000
2499.874	0.8793000
2501.975	0.8797000
2504.076	0.8799000
2506.177	0.8806000
2508.278	0.8810000
2510.374	0.8813000
2512.476	0.8819000
2514.587	0.8824000
2516.678	0.8829000
2518.779	0.8835000
2520.880	0.8840000
2522.981	0.8841000
2525.082	0.8848000
2527.184	0.8853000
2529.285	0.8858000
2531.381	0.8863000
2533.482	0.8865000
2535.583	0.8871000
2537.684	0.8878000
2539.785	0.8883000
2541.886	0.8888000
2543.987	0.8896000
2546.089	0.8901000
2548.185	0.8903000
2550.286	0.8908000
2552.387	0.8914000
2554.488	0.8917000
2556.589	0.8924000
2558.690	0.8927000
2560.807	0.8934000
2562.903	0.8938000
2564.994	0.8942000
2567.095	0.8947000
2569.191	0.8954000
2571.292	0.8959000
2573.393	0.8962000
2575.494	0.8970000
2577.595	0.8975000
2579.696	0.8981000
2581.798	0.8982000
2583.899	0.8990000
2586.000	0.8994000
2588.101	0.8997000
2590.197	0.9000000
2592.298	0.9008000
2594.399	0.9013000
2596.500	0.9015000
2598.602	0.9024000
2600.703	0.9029000
2602.804	0.9031000
2604.905	0.9039000
2607.006	0.9044000
2609.102	0.9047000
2611.203	0.9051000
2613.304	0.9059000
2615.436	0.9064000
2617.507	0.9066000
2619.608	0.9076000
2621.709	0.9081000
2623.810	0.9086000
2625.916	0.9091000
2628.012	0.9095000
2630.108	0.9098000
2632.209	0.9105000
2634.311	0.9110000
2636.412	0.9112000
2638.513	0.9120000
2640.614	0.9124000
2642.715	0.9130000
2644.816	0.9135000
2646.917	0.9142000
2649.013	0.9147000
2651.114	0.9150000
2653.216	0.9153000
2655.317	0.9157000
2657.418	0.9165000
2659.519	0.9171000
2661.620	0.9173000
2663.721	0.9181000
2665.822	0.9183000
2667.918	0.9188000
2670.020	0.9197000
2672.121	0.9201000
2674.222	0.9209000
2676.323	0.9214000
2678.424	0.9217000
2680.525	0.9225000
2682.626	0.9227000
2684.728	0.9235000
2686.823	0.9240000
2688.925	0.9244000
2691.026	0.9250000
2693.127	0.9252000
2695.228	0.9260000
2697.329	0.9266000
2699.430	0.9271000
2701.531	0.9276000
2703.627	0.9284000
2705.729	0.9288000
2707.830	0.9291000
2709.931	0.9298000
2712.037	0.9303000
2714.133	0.9308000
2716.234	0.9311000
2718.335	0.9316000
2720.437	0.9323000
2722.532	0.9327000
2724.634	0.9331000
2726.735	0.9338000
2728.836	0.9343000
2730.937	0.9347000
2733.038	0.9352000
2735.139	0.9357000
2737.240	0.9361000
2739.342	0.9366000
2741.443	0.9368000
2743.539	0.9375000
2745.640	0.9381000
2747.741	0.9386000
2749.842	0.9390000
2751.943	0.9393000
2754.044	0.9400000
2756.146	0.9407000
2758.247	0.9413000
2760.348	0.9417000
2762.444	0.9422000
2764.545	0.9427000
2766.646	0.9431000
2768.747	0.9435000
2770.848	0.9437000
2772.949	0.9441000
2775.051	0.9448000
2777.152	0.9451000
2779.253	0.9455000
2781.354	0.9463000
2783.450	0.9469000
2785.551	0.9474000
2787.652	0.9477000
2789.753	0.9481000
2791.855	0.9488000
2793.956	0.9493000
2796.062	0.9498000
2798.158	0.9501000
2800.259	0.9508000
2802.355	0.9511000
2804.461	0.9519000
2806.557	0.9524000
2808.658	0.9532000
2810.760	0.9536000
2812.861	0.9539000
2814.962	0.9545000
2817.063	0.9550000
2819.164	0.9555000
2821.276	0.9560000
2823.366	0.9564000
2825.462	0.9569000
2827.564	0.9573000
2829.665	0.9576000
2831.766	0.9580000
2833.867	0.9587000
2835.968	0.9594000
2838.069	0.9599000
2840.170	0.9605000
2842.266	0.9607000
2844.367	0.9612000
2846.469	0.9620000
2848.570	0.9622000
2850.671	0.9627000
2852.772	0.9635000
2854.873	0.9639000
2856.974	0.9647000
2859.075	0.9652000
2861.171	0.9657000
2863.273	0.9659000
2865.374	0.9664000
2867.475	0.9670000
2869.576	0.9675000
2871.677	0.9678000
2873.778	0.9685000
2875.879	0.9688000
2877.986	0.9692000
2880.076	0.9699000
2882.178	0.9706000
2884.284	0.9710000
2886.380	0.9712000
2888.481	0.9717000
2890.582	0.9723000
2892.683	0.9727000
2894.784	0.9730000
2896.886	0.9735000
2898.982	0.9742000
2901.083	0.9745000
2903.184	0.9754000
2905.285	0.9759000
2907.386	0.9764000
2909.487	0.9766000
2911.588	0.9770000
2913.695	0.9774000
2915.785	0.9780000
2917.887	0.9784000
2919.988	0.9790000
2922.089	0.9796000
2924.190	0.9801000
2926.291	0.9809000
2928.392	0.9812000
2930.493	0.9817000
2932.595	0.9825000
2934.691	0.9827000
2936.792	0.9833000
2938.893	0.9839000
2940.994	0.9844000
2943.095	0.9848000
2945.196	0.9852000
2947.297	0.9855000
2949.398	0.9861000
2951.500	0.9867000
2953.601	0.9871000
2955.697	0.9875000
2957.798	0.9881000
2959.899	0.9886000
2962.000	0.9890000
2964.101	0.9895000
2966.202	0.9899000
2968.304	0.9904000
2970.405	0.9909000
2972.506	0.9914000
2974.607	0.9920000
2976.703	0.9922000
2978.809	0.9928000
2980.905	0.9932000
2983.006	0.9937000
2985.107	0.9943000
2987.209	0.9945000
2989.335	0.9953000
2991.411	0.9958000
2993.512	0.9962000
2995.608	0.9965000
2997.709	0.9975000
2999.810	0.9980000
3001.911	0.9986000
3004.013	0.9989000
3006.114	0.9994000
3008.215	0.9999000
3010.316	1.000500
3012.417	1.001000
3014.513	1.001600
3016.614	1.002100
3018.715	1.002500
3020.816	1.003000
3022.918	1.003800
3025.019	1.004300
3027.120	1.004800
3029.221	1.005200
3031.322	1.005600
3033.423	1.006100
3035.519	1.006400
3037.620	1.006700
3039.722	1.007200
3041.823	1.008000
3043.924	1.008200
3046.025	1.009100
3048.162	1.009300
3050.227	1.010100
3052.328	1.010600
3054.424	1.010800
3056.525	1.011400
3058.627	1.012100
3060.728	1.012700
3062.829	1.013200
3064.930	1.013600
3067.031	1.014000
3069.132	1.014800
3071.233	1.015000
3073.335	1.015400
3075.431	1.016100
3077.537	1.016300
3079.638	1.017000
3081.734	1.017400
3083.835	1.017700
3085.936	1.018200
3088.037	1.018800
3090.138	1.019400
3092.240	1.020100
3094.341	1.020400
3096.437	1.020700
3098.538	1.021500
3100.639	1.021700
3102.740	1.022500
3104.841	1.022800
3106.942	1.023300
3109.044	1.024000
3111.145	1.024200
3113.246	1.024900
3115.342	1.025100
3117.443	1.025800
3119.544	1.026100
3121.645	1.026800
3123.751	1.027000
3125.847	1.027400
3127.949	1.028100
3130.050	1.028600
3132.151	1.028900
3134.252	1.029700
3136.348	1.030200
3138.449	1.030800
3140.550	1.031200
3142.651	1.031700
3144.753	1.032500
3146.874	1.033000
3148.955	1.033500
3151.056	1.033800
3153.157	1.034600
3155.258	1.035100
3157.359	1.035300
3159.460	1.035800
3161.556	1.036400
3163.668	1.036900
3165.759	1.037700
3167.860	1.038100
3169.961	1.038400
3172.062	1.039100
3174.163	1.039300
3176.264	1.039800
3178.366	1.040600
3180.462	1.041100
3182.563	1.041600
3184.664	1.041800
3186.765	1.042300
3188.866	1.043300
3190.967	1.043700
3193.068	1.044200
3195.169	1.044700
3197.265	1.045000
3199.367	1.045700
3201.468	1.046100
3203.569	1.046300
3205.670	1.046800
3207.771	1.047700
3209.872	1.048200
3211.973	1.048700
3214.075	1.049200
3216.171	1.049900
3218.272	1.050300
3220.373	1.050800
3222.474	1.051300
3224.575	1.051900
3226.676	1.052100
3228.777	1.052600
3230.878	1.053300
3232.980	1.053700
3235.081	1.054000
3237.177	1.054900
3239.288	1.055200
3241.379	1.055600
3243.480	1.056300
3245.581	1.056800
3247.682	1.057000
3249.784	1.057800
3251.885	1.058200
3253.986	1.058400
3256.082	1.059100
3260.284	1.059800
3262.385	1.060600
3264.486	1.061100
3266.587	1.061300
3268.689	1.062000
3270.790	1.062400
3272.891	1.062800
3274.987	1.063300
3277.088	1.063800
3279.189	1.064100
3281.290	1.064600
3283.407	1.065400
3285.493	1.066100
3287.594	1.066500
3289.695	1.067300
3291.796	1.067500
3293.897	1.068000
3295.993	1.068600
3298.099	1.069100
3300.195	1.069600
3302.296	1.070100
3304.398	1.070700
3306.499	1.070900
3308.600	1.071300
3310.701	1.072200
3312.802	1.072900
3314.898	1.073400
3316.999	1.074000
3319.100	1.074500
3321.202	1.075100
3323.303	1.075300
3325.404	1.075900
3327.505	1.076600
3329.606	1.076900
3331.707	1.077300
3333.808	1.078000
3335.904	1.078500
3338.005	1.079100
3340.107	1.079900
3342.208	1.080400
3344.309	1.080900
3346.410	1.081300
3348.511	1.081600
3350.612	1.082100
3352.713	1.082900
3354.809	1.083400
3356.911	1.083900
3359.012	1.084500
3361.113	1.085000
3363.214	1.085500
3365.315	1.086200
3367.416	1.086700
3369.517	1.086900
3371.618	1.087800
3373.714	1.088300
3375.826	1.088800
3377.917	1.089200
3380.018	1.089500
3382.119	1.089900
3384.220	1.090800
3386.321	1.091300
3388.422	1.092000
3390.524	1.092200
3392.620	1.092900
3394.721	1.093500
3396.822	1.093700
3398.923	1.094400
3401.024	1.094900
3403.125	1.095500
3405.237	1.096100
3407.327	1.096600
3409.439	1.097100
3411.525	1.097500
3413.626	1.098000
3415.727	1.098800
3417.828	1.099300
3419.929	1.099800
3422.030	1.100300
3424.131	1.100800
3426.233	1.101100
3428.329	1.101500
3430.466	1.102300
3432.531	1.102700
3434.632	1.103000
3436.733	1.103700
3438.834	1.104200
3440.935	1.105000
3443.036	1.105200
3445.138	1.106000
3447.239	1.106200
3449.340	1.106900
3451.441	1.107400
3453.537	1.107600
3455.638	1.108500
3457.739	1.108700
3459.840	1.109300
3461.942	1.109800
3464.043	1.110600
3466.144	1.111000
3468.240	1.111700
3470.341	1.111900
3472.442	1.112400
3474.543	1.113200
3476.644	1.113700
3478.745	1.114100
3480.847	1.114400
3482.948	1.114900
3485.049	1.115700
3487.150	1.116400
3489.246	1.117000
3491.347	1.117400
3493.448	1.117600
3495.549	1.118400
3497.651	1.118800
3499.752	1.119400
3501.853	1.119900
3503.954	1.120400
3506.065	1.120700
3508.151	1.121100
3510.252	1.121700
3512.353	1.122200
3514.454	1.123000
3516.556	1.123500
3518.657	1.123900
3520.758	1.124400
3522.859	1.124600
3524.960	1.125100
3527.061	1.125800
3529.162	1.126300
3531.264	1.126600
3533.360	1.127200
3535.461	1.127700
3537.562	1.128300
3539.663	1.129100
3541.764	1.129600
3543.865	1.130100
3545.966	1.130500
3548.068	1.130800
3550.163	1.131300
3552.280	1.131600
3554.366	1.132100
3556.482	1.132700
3558.568	1.133000
3560.669	1.133700
3562.770	1.134400
3564.871	1.134900
3566.973	1.135200
3569.069	1.135600
3571.170	1.136300
3573.271	1.136800
3575.372	1.137200
3577.473	1.137600
3579.574	1.138100
3581.675	1.138600
3583.777	1.138800
3585.878	1.139900
3587.979	1.140300
3590.090	1.140600
3592.181	1.141100
3594.282	1.141700
3596.378	1.142000
3598.479	1.142800
3600.580	1.143100
3602.682	1.143600
3604.783	1.144100
3606.884	1.144300
3608.985	1.144700
3611.086	1.145300
3613.187	1.145900
3615.288	1.146700
3617.384	1.147200
3619.486	1.147600
3621.587	1.147900
3623.688	1.148500
3625.789	1.148700
3627.890	1.149400
3629.991	1.149900
3632.087	1.150400
3634.193	1.151100
3636.289	1.151600
3638.391	1.151900
3640.492	1.152300
3642.593	1.152800
3644.694	1.153300
3646.800	1.153800
3648.896	1.154000
3650.997	1.154800
3653.099	1.155200
3655.195	1.156000
3657.296	1.156500
3659.397	1.156700
3661.498	1.157200
3663.599	1.157900
3665.700	1.158300
3669.902	1.159200
3672.004	1.159600
3674.105	1.160000
3676.206	1.160300
3678.302	1.161000
3680.403	1.161400
3682.520	1.162100
3684.605	1.162600
3686.706	1.163200
3688.808	1.163500
3690.909	1.164200
3693.010	1.164400
3695.111	1.165000
3697.207	1.165500
3699.308	1.166100
3701.409	1.166500
3703.510	1.167200
3705.611	1.167600
3707.713	1.168100
3709.814	1.168500
3711.915	1.169000
3714.016	1.169500
3716.112	1.169700
3718.213	1.170400
3720.314	1.170800
3722.415	1.171100
3724.517	1.171600
3726.618	1.172300
3728.719	1.172900
3730.820	1.173600
3732.921	1.173800
3735.022	1.174200
3737.118	1.174900
3739.219	1.175300
3741.320	1.175700
3743.422	1.176300
3745.523	1.176700
3747.624	1.177200
3749.725	1.177600
3751.826	1.178100
3753.927	1.178700
3756.023	1.178900
3758.124	1.179600
3760.226	1.180100
3762.327	1.180600
3764.428	1.180800
3766.529	1.181500
3768.630	1.182100
3770.731	1.182600
3772.832	1.183200
3774.933	1.183700
3777.029	1.184100
3779.131	1.184800
3781.232	1.185200
3783.333	1.185600
3785.434	1.185800
3787.535	1.186300
3789.636	1.187000
3791.737	1.187500
3793.839	1.188000
3795.935	1.188600
3798.041	1.189000
3800.152	1.189500
3802.238	1.190000
3804.339	1.190300
3806.440	1.191100
3808.541	1.191500
3810.642	1.191900
3812.738	1.192200
3814.840	1.192600
3816.941	1.193300
3819.042	1.193500
3821.143	1.193800
3823.244	1.194500
3825.345	1.195200
3827.446	1.195400
3829.568	1.196200
3831.644	1.196600
3833.745	1.197100
3835.846	1.197400
3837.947	1.197800
3840.048	1.198500
3842.149	1.199000
3844.250	1.199400
3846.351	1.199900
3848.453	1.200200
3850.549	1.201100
3852.655	1.201300
3854.751	1.201800
3856.852	1.202400
3858.953	1.202800
3861.054	1.203300
3863.166	1.203500
3865.257	1.204000
3867.358	1.204700
3869.454	1.205200
3871.555	1.205700
3873.656	1.206200
3875.757	1.207000
3877.858	1.207500
3879.959	1.208000
3882.060	1.208500
3884.162	1.209000
3886.263	1.209500
3888.364	1.210000
3890.460	1.210300
3892.561	1.210700
3894.662	1.211400
3896.763	1.212000
3898.864	1.212400
3900.966	1.212700
3903.067	1.213100
3905.168	1.213800
3907.269	1.214100
3909.365	1.214800
3911.466	1.215300
3913.567	1.215700
3915.668	1.216100
3917.769	1.216400
3919.871	1.217200
3921.972	1.217500
3924.073	1.218200
3926.174	1.218600
3928.275	1.218800
3930.371	1.219300
3932.472	1.220000
3934.573	1.220200
3936.675	1.221000
3938.776	1.221400
3940.877	1.221600
3942.978	1.222300
3945.079	1.222500
3947.180	1.223000
3949.276	1.223700
3951.377	1.224000
3953.478	1.224500
3955.580	1.225000
3957.681	1.225500
3959.787	1.226000
3961.883	1.226400
3963.984	1.226700
3966.085	1.227400
3968.181	1.227900
3970.282	1.228600
3972.384	1.229100
3974.485	1.229600
3976.586	1.230000
3978.687	1.230200
3980.788	1.230600
3982.894	1.231200
3984.990	1.231700
3987.091	1.232200
3989.187	1.232700
3991.289	1.233100
3993.390	1.233900
3995.511	1.234400
3997.592	1.234800
3999.693	1.235300
4001.794	1.235800
4003.895	1.236000
4005.997	1.236700
4008.093	1.237200
4010.194	1.237800
4012.295	1.238200
4014.396	1.238700
4016.497	1.239400
4018.598	1.239700
4020.699	1.240400
4022.800	1.240600
4024.896	1.241100
4026.998	1.241800
4029.099	1.242100
4031.200	1.242800
4033.301	1.243200
4035.402	1.243600
4037.503	1.244100
4039.604	1.244700
4041.706	1.245200
4043.802	1.245700
4045.903	1.246500
4048.004	1.246900
4050.105	1.247500
4052.206	1.247700
4054.312	1.248500
4056.408	1.248900
4058.509	1.249300
4060.611	1.249800
4062.707	1.250300
4064.808	1.250900
4066.909	1.251200
4069.010	1.251900
4071.111	1.252400
4073.212	1.252900
4075.313	1.253500
4077.415	1.254000
4079.516	1.254400
4081.612	1.254800
4083.713	1.255200
4085.814	1.255700
4087.915	1.255900
4090.016	1.256600
4092.117	1.257300
4094.218	1.257800
4096.320	1.258300
4098.426	1.258500
4100.522	1.259000
4102.623	1.259600
4104.724	1.260000
4106.820	1.260500
4108.921	1.260700
4111.022	1.261400
4113.124	1.262100
4115.225	1.262400
4117.326	1.262800
4119.427	1.263600
4121.523	1.264000
4123.624	1.264200
4125.725	1.264900
4127.826	1.265100
4129.927	1.265900
4132.029	1.266400
4134.130	1.266900
4136.231	1.267500
4138.332	1.268100
4140.433	1.268300
4142.529	1.269100
4144.630	1.269300
4146.731	1.270100
4148.833	1.270600
4150.934	1.270800
4153.035	1.271300
4155.136	1.271900
4157.237	1.272500
4159.338	1.273000
4161.434	1.273500
4163.535	1.274200
4165.636	1.274400
4167.738	1.274900
4169.839	1.275600
4171.940	1.276100
4174.041	1.276300
4176.142	1.276700
4178.243	1.277400
4180.339	1.277600
4182.440	1.278300
4184.557	1.278600
4186.643	1.279100
4188.744	1.279900
4190.845	1.280600
4192.946	1.281100
4195.047	1.281600
4197.148	1.281800
4199.249	1.282400
4201.345	1.282600
4203.462	1.283300
4205.548	1.283600
4207.649	1.284000
4209.750	1.284900
4211.851	1.285100
4213.952	1.285600
4216.053	1.286400
4218.155	1.287100
4220.251	1.287600
4222.352	1.288100
4224.453	1.288500
4226.554	1.288700
4228.655	1.289400
4230.756	1.289900
4232.857	1.290300
4234.958	1.290600
4237.054	1.291100
4239.156	1.291800
4241.257	1.292600
4243.358	1.292800
4245.459	1.293500
4247.560	1.293900
4249.661	1.294300
4251.762	1.294500
4253.874	1.295000
4255.960	1.295800
4258.066	1.296000
4260.162	1.296500
4262.263	1.297000
4264.364	1.297500
4266.465	1.298100
4268.566	1.298600
4270.667	1.298800
4272.769	1.299500
4274.865	1.299700
4276.971	1.300400
4279.067	1.300800
4281.168	1.301000
4283.269	1.301400
4285.370	1.302200
4287.471	1.303000
4289.573	1.303300
4291.674	1.304100
4293.775	1.304300
4295.871	1.305000
4297.972	1.305500
4300.073	1.306000
4302.174	1.306500
4304.275	1.307000
4306.376	1.307300
4308.478	1.307900
4310.579	1.308100
4312.680	1.308500
4314.776	1.309500
4316.877	1.309900
4318.978	1.310400
4321.079	1.310600
4323.180	1.311300
4325.282	1.311900
4327.383	1.312200
4329.484	1.312500
4331.585	1.313000
4333.681	1.313600
4335.787	1.314100
4337.883	1.314500
4339.990	1.315100
4342.085	1.315500
4344.202	1.316000
4346.288	1.316300
4348.389	1.316800
4350.490	1.317100
4352.591	1.317600
4354.692	1.318300
4356.788	1.318500
4358.889	1.319300
4360.991	1.319800
4363.092	1.320400
4365.193	1.320800
4367.294	1.321300
4369.395	1.321800
4371.496	1.322000
4373.592	1.322500
4375.699	1.323200
4377.794	1.323700
4379.896	1.324100
4381.997	1.324700
4384.098	1.324900
4386.199	1.325800
4388.300	1.326100
4390.401	1.326500
4392.502	1.327100
4394.598	1.327600
4396.700	1.328000
4398.801	1.328200
4400.902	1.328600
4403.003	1.329300
4405.104	1.329800
4407.205	1.330500
4409.306	1.330700
4411.408	1.331400
4413.509	1.331800
4415.605	1.332100
4417.706	1.332600
4419.807	1.333000
4421.908	1.333300
4424.009	1.334100
4426.110	1.334300
4428.211	1.334700
4430.313	1.335500
4432.414	1.336200
4434.510	1.336500
4436.611	1.337100
4438.712	1.337500
4440.813	1.337900
4442.914	1.338200
4445.015	1.338900
4447.117	1.339300
4449.218	1.339500
4451.319	1.340000
4453.435	1.340600
4455.516	1.341100
4457.617	1.341700
4459.718	1.342000
4461.819	1.342400
4463.920	1.343000
4466.022	1.343300
4468.123	1.343700
4470.224	1.344300
4472.325	1.344800
4474.421	1.345300
4476.522	1.345900
4478.628	1.346200
4480.724	1.347100
4482.826	1.347300
4484.927	1.347800
4487.028	1.348400
4489.129	1.348800
4491.230	1.349200
4493.331	1.349400
4495.427	1.350300
4497.528	1.350700
4499.629	1.351300
4501.731	1.352100
4503.832	1.352500
4505.933	1.353000
4508.034	1.353500
4510.135	1.353800
4512.236	1.354500
4514.337	1.354800
4516.439	1.355300
4518.540	1.355700
4520.636	1.356200
4522.737	1.356500
4524.838	1.357600
4526.939	1.358100
4529.040	1.358400
4531.141	1.358800
4533.242	1.359100
4535.338	1.359600
4537.440	1.360300
4539.541	1.360700
4541.642	1.361100
4543.748	1.361400
4545.844	1.362100
4547.945	1.362800
4550.046	1.363000
4552.148	1.363800
4554.249	1.364300
4556.345	1.364500
4558.446	1.364700
4560.547	1.365000
4562.648	1.365200
4564.759	1.365400
4568.951	1.365700
4573.154	1.366000
4575.250	1.366200
4577.351	1.366400
4581.553	1.366600
4585.761	1.366800
4587.857	1.367000
4592.059	1.367300
4596.256	1.367600
4598.357	1.367800
4602.559	1.368000
4604.660	1.368200
4608.863	1.368400
4610.979	1.368600
4615.161	1.368800
4617.262	1.369000
4619.363	1.369200
4621.464	1.369400
4625.667	1.369700
4631.970	1.370000
4636.172	1.370200
4640.369	1.370500
4642.471	1.370700
4646.673	1.371000
4648.774	1.371200
4652.976	1.371400
4655.077	1.371600
4659.280	1.371900
4663.482	1.372100
4665.583	1.372300
4667.684	1.372500
4671.886	1.372800
4673.982	1.373000
4678.185	1.373200
4682.387	1.373400
4686.589	1.373700
4688.690	1.373900
4692.888	1.374100
4694.989	1.374300
4699.191	1.374500
4703.398	1.374700
4705.499	1.374900
4709.697	1.375100
4713.899	1.375300
4718.106	1.375700
4722.309	1.375900
4726.506	1.376200
4730.708	1.376400
4734.910	1.376600
4737.011	1.376900
4741.214	1.377300
4745.411	1.377500
4749.613	1.377700
4751.714	1.377900
4753.815	1.378100
4758.018	1.378300
4762.220	1.378700
4766.417	1.379000
4772.720	1.379300
4774.822	1.379500
4776.923	1.379700
4781.125	1.380000
4783.226	1.380200
4785.322	1.380400
4789.524	1.380700
4793.727	1.380900
4797.929	1.381200
4802.131	1.381500
4806.328	1.381800
4810.531	1.382100
4814.733	1.382400
4816.834	1.382600
4821.031	1.382900
4827.334	1.383200
4829.436	1.383400
4833.648	1.383600
4837.840	1.383900
4839.941	1.384100
