Elapsed time [s]	Value [-1E+100,1E+100]
0.000	1.990000
17.079	1.980000
19.180	1.990000
27.584	1.980000
29.683	1.990000
31.784	1.980000
33.885	1.990000
42.287	1.980000
44.386	1.990000
52.790	1.980000
54.889	1.990000
86.398	1.980000
92.702	1.990000
166.221	1.980000
168.322	1.990000
183.025	1.980000
185.136	1.990000
231.341	1.980000
233.442	1.990000
235.543	1.980000
239.745	1.990000
285.957	1.980000
290.157	1.990000
306.961	1.980000
309.062	1.990000
342.672	1.980000
344.774	1.990000
355.274	1.980000
357.375	1.990000
361.577	1.980000
363.679	1.990000
367.881	1.980000
369.979	1.990000
372.081	1.980000
374.182	1.990000
382.586	1.980000
384.685	1.990000
397.292	1.980000
399.390	1.990000
454.004	1.980000
456.105	1.990000
506.520	1.980000
510.722	1.990000
523.324	1.980000
525.435	1.990000
544.330	1.980000
546.431	1.990000
559.035	1.980000
561.136	1.990000
605.247	1.980000
607.346	1.990000
643.057	1.980000
645.159	1.990000
670.365	1.980000
672.466	1.990000
687.168	1.980000
689.270	1.990000
706.074	1.980000
708.175	1.990000
724.979	1.980000
727.080	1.990000
737.583	1.980000
739.684	1.990000
741.785	1.980000
743.891	1.990000
748.086	1.980000
750.187	1.990000
766.991	1.980000
771.193	1.990000
773.292	1.980000
777.494	1.990000
783.795	1.980000
785.896	1.990000
787.997	1.980000
790.096	1.990000
798.500	1.980000
800.599	1.990000
821.605	1.980000
823.706	1.990000
834.209	1.980000
836.310	1.990000
838.409	1.980000
840.510	1.990000
851.013	1.980000
853.114	1.990000
888.823	1.980000
895.127	1.990000
932.937	1.980000
935.038	1.990000
941.339	1.980000
943.440	1.990000
947.640	1.980000
949.741	1.990000
953.943	1.980000
956.044	1.990000
960.244	1.980000
962.345	1.990000
964.446	1.980000
966.545	1.990000
972.848	1.980000
974.947	1.990000
977.048	1.980000
979.149	1.990000
983.351	1.980000
985.450	1.990000
989.652	1.980000
991.756	1.990000
995.953	1.980000
998.054	1.990000
1000.155	1.980000
1002.254	1.990000
1010.658	1.980000
1012.757	1.990000
1021.159	1.980000
1023.263	1.990000
1058.972	1.980000
1061.070	1.990000
1090.481	1.980000
1094.683	1.990000
1096.782	1.980000
1098.883	1.990000
1103.085	1.980000
1105.186	1.990000
1113.588	1.980000
1115.687	1.990000
1121.990	1.980000
1126.190	1.990000
1134.592	1.980000
1136.693	1.990000
1138.794	1.980000
1140.895	1.990000
1176.604	1.980000
1178.705	1.990000
1180.806	1.980000
1182.905	1.990000
1243.823	1.980000
1245.924	1.990000
1275.332	1.980000
1277.433	1.990000
1304.740	1.980000
1306.841	1.990000
1319.445	1.980000
1321.546	1.990000
1329.948	1.980000
1332.047	1.990000
1344.651	1.980000
1348.854	1.990000
1367.759	1.980000
1371.958	1.990000
1428.676	1.980000
1430.775	1.990000
1487.492	1.980000
1489.594	1.990000
1497.993	1.980000
1500.094	1.990000
1525.313	1.980000
1527.414	1.990000
1548.420	1.980000
1550.521	1.990000
1573.623	1.980000
1575.730	1.990000
1584.129	1.980000
1586.230	1.990000
1588.331	1.980000
1590.433	1.990000
1594.630	1.980000
1596.731	1.990000
1615.636	1.980000
1617.737	1.990000
1634.556	1.980000
1636.658	1.990000
1645.057	1.980000
1647.158	1.990000
1659.760	1.980000
1661.861	1.990000
1678.665	1.980000
1680.766	1.990000
1705.974	1.980000
1708.076	1.990000
1716.475	1.980000
1718.576	1.990000
1745.886	1.980000
1750.103	1.990000
1760.588	1.980000
1762.690	1.990000
1768.993	1.980000
1773.190	1.990000
1800.500	1.980000
1802.601	1.990000
1811.000	1.980000
1813.101	1.990000
1825.708	1.980000
1827.820	1.990000
1832.006	1.980000
1834.108	1.990000
1840.411	1.980000
1842.512	1.990000
1863.518	1.980000
1865.620	1.990000
1884.525	1.980000
1886.621	1.990000
1930.739	1.980000
1932.835	1.990000
1941.240	1.980000
1943.341	1.990000
1953.841	1.980000
1955.943	1.990000
1958.044	1.980000
1960.145	1.990000
1962.251	1.980000
1964.347	1.990000
1976.949	1.980000
1983.252	1.990000
2042.069	1.980000
2044.170	1.990000
2054.670	1.980000
2056.771	1.990000
2067.277	1.980000
2069.378	1.990000
2077.778	1.980000
2079.879	1.990000
2088.283	1.980000
2090.384	1.990000
2096.683	1.980000
2098.784	1.990000
2128.200	1.980000
2130.290	1.990000
2140.796	1.980000
2142.897	1.990000
2147.100	1.980000
2149.196	1.990000
2151.297	1.980000
2153.398	1.990000
2176.505	1.980000
2178.606	1.990000
2191.208	1.980000
2193.309	1.990000
2199.612	1.980000
2201.714	1.990000
2218.518	1.980000
2222.720	1.990000
2226.922	1.980000
2231.124	1.990000
2233.220	1.980000
2235.321	1.990000
2254.227	1.980000
2256.328	1.990000
2258.429	1.980000
2260.530	1.990000
2279.435	1.980000
2281.536	1.990000
2287.840	1.980000
2289.936	1.990000
2315.144	1.980000
2317.245	1.990000
2329.847	1.980000
2331.948	1.990000
2334.049	1.980000
2338.267	1.990000
2371.859	1.980000
2373.960	1.990000
2401.270	1.980000
2403.371	1.990000
2411.770	1.980000
2413.872	1.990000
2485.290	1.980000
2487.391	1.990000
2510.498	1.980000
2514.700	1.990000
2527.302	1.980000
2531.504	1.990000
2563.011	1.980000
2565.122	1.990000
2567.270	1.980000
2571.416	1.990000
2590.321	1.980000
2592.422	1.990000
2598.720	1.980000
2600.831	1.990000
2613.428	1.980000
2615.529	1.990000
2626.030	1.980000
2628.131	1.990000
2644.935	1.980000
2647.036	1.990000
2665.941	1.980000
2668.042	1.990000
2670.143	1.980000
2672.244	1.990000
2722.656	1.980000
2724.757	1.990000
2728.959	1.980000
2731.055	1.990000
2754.163	1.980000
2756.264	1.990000
2762.567	1.980000
2764.668	1.990000
2787.776	1.980000
2789.877	1.990000
2838.188	1.980000
2840.289	1.990000
2846.592	1.980000
2850.789	1.990000
2852.890	1.980000
2854.992	1.990000
2871.806	1.980000
2873.897	1.990000
2941.118	1.980000
2943.213	1.990000
2949.517	1.980000
2953.719	1.990000
2976.827	1.980000
2978.928	1.990000
2981.029	1.980000
2983.125	1.990000
2985.226	1.980000
2987.332	1.990000
2993.630	1.980000
2995.732	1.990000
2999.934	1.980000
3002.035	1.990000
3012.536	1.980000
3014.637	1.990000
3016.738	1.980000
3023.036	1.990000
3056.649	1.980000
3058.750	1.990000
3060.851	1.980000
3062.947	1.990000
3086.055	1.980000
3088.156	1.990000
3123.865	1.980000
3125.966	1.990000
3128.067	1.980000
3130.178	1.990000
3142.770	1.980000
3144.871	1.990000
3163.781	1.980000
3165.877	1.990000
3188.985	1.980000
3191.086	1.990000
3212.092	1.980000
3216.289	1.990000
3243.599	1.980000
3245.700	1.990000
3252.003	1.980000
3254.104	1.990000
3273.009	1.980000
3279.308	1.990000
3315.017	1.980000
3317.118	1.990000
3331.826	1.980000
3336.023	1.990000
3340.225	1.980000
3342.336	1.990000
3382.237	1.980000
3384.339	1.990000
3405.345	1.980000
3407.441	1.990000
3409.542	1.980000
3411.643	1.990000
3438.953	1.980000
3441.054	1.990000
3459.943	1.980000
3462.050	1.990000
3472.545	1.980000
3474.646	1.990000
3499.850	1.980000
3501.951	1.990000
3510.355	1.980000
3512.456	1.990000
3543.968	1.980000
3546.069	1.990000
3554.469	1.980000
3556.570	1.990000
3564.974	1.980000
3567.076	1.990000
3577.581	1.980000
3579.677	1.990000
3581.778	1.980000
3583.880	1.990000
3594.385	1.980000
3596.486	1.990000
3600.683	1.980000
3602.785	1.990000
3615.391	1.980000
3617.493	1.990000
3625.892	1.980000
3630.094	1.990000
3648.999	1.980000
3651.111	1.990000
3665.803	1.980000
3667.904	1.990000
3678.405	1.980000
3682.607	1.990000
3691.012	1.980000
3693.108	1.990000
3695.209	1.980000
3697.310	1.990000
3699.411	1.980000
3703.613	1.990000
3707.816	1.980000
3709.917	1.990000
3726.721	1.980000
3728.822	1.990000
3741.423	1.980000
3743.525	1.990000
3766.632	1.980000
3768.733	1.990000
3798.139	1.980000
3800.240	1.990000
3804.442	1.980000
3806.543	1.990000
3812.841	1.980000
3817.044	1.990000
3825.448	1.980000
3827.555	1.990000
3844.353	1.980000
3848.550	1.990000
3888.462	1.980000
3890.563	1.990000
3892.664	1.980000
3894.765	1.990000
3907.377	1.980000
3909.478	1.990000
3911.579	1.980000
3913.680	1.990000
3938.884	1.980000
3943.086	1.990000
3953.592	1.980000
3955.693	1.990000
3982.997	1.980000
3985.098	1.990000
3995.604	1.980000
3997.700	1.990000
3999.806	1.980000
4006.105	1.990000
4010.307	1.980000
4012.408	1.990000
4039.713	1.980000
4043.915	1.990000
4050.218	1.980000
4052.319	1.990000
4067.022	1.980000
4069.123	1.990000
4071.224	1.980000
4073.326	1.990000
4088.028	1.980000
4090.130	1.990000
4092.225	1.980000
4094.332	1.990000
4100.630	1.980000
4102.731	1.990000
4125.839	1.980000
4127.940	1.990000
4148.941	1.980000
4153.148	1.990000
4157.345	1.980000
4159.446	1.990000
4161.548	1.980000
4163.649	1.990000
4167.851	1.980000
4169.947	1.990000
4172.048	1.980000
4174.149	1.990000
4203.560	1.980000
4205.661	1.990000
4239.279	1.980000
4241.380	1.990000
4243.481	1.980000
4245.583	1.990000
4283.388	1.980000
4285.489	1.990000
4312.798	1.980000
4314.899	1.990000
4319.102	1.980000
4321.203	1.990000
4338.033	1.980000
4340.108	1.990000
4342.204	1.980000
4346.406	1.990000
4348.507	1.980000
4350.608	1.990000
4354.811	1.980000
4359.013	1.990000
4377.918	1.980000
4380.019	1.990000
4386.317	1.980000
4388.419	1.990000
4403.121	1.980000
4405.223	1.990000
4411.526	1.980000
4415.728	1.990000
4430.431	1.980000
4432.532	1.990000
4449.336	1.980000
4453.538	1.990000
4459.837	1.980000
4461.938	1.990000
4485.045	1.980000
4487.146	1.990000
4514.456	1.980000
4516.557	1.990000
4520.759	1.980000
4524.956	1.990000
4531.260	1.980000
4533.361	1.990000
4564.868	1.980000
4571.171	1.990000
4587.975	1.980000
4590.076	1.990000
4606.880	1.980000
4608.981	1.990000
4627.886	1.980000
4629.987	1.990000
4644.690	1.980000
4648.892	1.990000
4672.000	1.980000
4676.197	1.990000
4709.810	1.980000
4711.911	1.990000
4718.209	1.980000
4720.310	1.990000
4751.822	1.980000
4756.019	1.990000
4760.222	1.980000
4762.323	1.990000
4768.626	1.980000
4770.727	1.990000
4774.925	1.980000
4779.127	1.990000
4789.632	1.980000
4791.728	1.990000
4793.830	1.980000
4795.931	1.990000
4825.341	1.980000
4827.443	1.990000
4835.842	1.980000
4837.943	1.990000
