Elapsed time [s]	Value [0,100]
0.000	6.425170
0.530	6.471520
2.590	6.479150
4.673	6.550390
6.733	6.670420
8.754	6.633050
10.814	6.633960
12.853	6.619750
14.942	6.505310
17.004	6.559760
19.064	6.491520
21.142	6.592200
23.161	6.478140
25.259	6.520220
27.283	6.446870
29.361	6.529930
31.442	6.550830
33.502	6.579260
35.541	6.433330
37.642	6.530160
39.681	6.582590
41.723	6.576320
43.763	6.564220
45.823	6.495620
47.903	6.592560
49.976	6.667480
52.015	6.530010
54.075	6.559880
56.117	6.551520
58.200	6.635500
60.237	6.488110
62.336	6.416750
64.339	6.558640
66.399	6.579970
68.441	6.418730
70.539	6.545970
72.581	6.520130
74.700	6.467320
76.760	6.499150
78.841	6.597270
80.921	6.524620
83.079	6.570930
85.098	6.506510
87.158	6.438420
89.200	6.470730
91.260	6.461850
93.299	6.652890
95.341	6.528080
97.421	6.586490
99.466	6.493900
101.500	6.453090
103.583	6.544430
105.623	6.541310
107.721	6.499480
109.761	6.474310
111.862	6.487580
113.906	6.466530
115.982	6.618030
118.003	6.551370
120.122	6.402790
122.184	6.570560
124.224	6.600430
126.263	6.648820
128.344	6.647950
130.424	6.631230
132.466	6.641840
134.490	6.547110
136.527	6.556160
138.636	6.422380
140.675	6.510120
142.735	6.376520
144.777	6.447930
146.837	6.410660
148.915	6.487230
150.998	6.469550
153.037	6.602190
155.097	6.662980
157.139	6.647340
159.199	6.636120
161.259	6.739200
163.378	6.532380
165.417	6.623360
167.457	6.551750
169.519	6.511440
171.579	6.463800
173.660	6.433740
175.740	6.526610
177.821	6.430380
179.863	6.555600
181.961	6.408320
184.024	6.420300
186.063	6.492560
188.102	6.524960
190.124	6.501780
192.184	6.602990
194.226	6.602010
196.265	6.465050
198.286	6.598410
200.326	6.520090
202.398	6.566740
204.461	6.528940
206.500	6.557060
208.599	6.433890
210.641	6.469250
212.703	6.635980
214.763	6.547740
216.803	6.483970
218.924	6.457490
220.964	6.497400
223.093	6.559020
225.083	6.509150
227.125	6.516750
229.185	6.523430
231.266	6.583630
233.308	6.610300
235.388	6.575840
237.448	6.468480
239.511	6.613260
241.571	6.513760
243.610	6.526350
245.652	6.450830
247.691	6.525830
249.813	6.408020
251.873	6.447930
253.912	6.575500
255.993	6.445230
258.053	6.541750
260.133	6.576140
262.196	6.610090
264.256	6.583960
266.359	6.443260
268.401	6.600480
270.464	6.602520
272.524	6.496900
274.622	6.547310
276.664	6.551660
278.704	6.451290
280.764	6.519160
282.803	6.582630
284.845	6.579630
286.905	6.472840
288.944	6.625870
291.027	6.550360
293.105	6.533980
295.165	6.588400
297.207	6.504450
299.267	6.548820
301.347	6.554220
303.407	6.543590
305.467	6.496740
307.509	6.428680
309.569	6.461450
311.609	6.551410
313.668	6.494330
315.710	6.514880
317.732	6.544010
319.846	6.436660
321.906	6.444690
323.986	6.432470
326.026	6.518760
328.085	6.608580
330.145	6.567970
332.208	6.661970
334.227	6.631610
336.307	6.505590
338.408	6.662520
340.448	6.546870
342.508	6.588750
344.588	6.523910
346.630	6.494730
348.649	6.495890
350.711	6.586600
352.751	6.466310
354.790	6.397460
356.829	6.458340
358.892	6.478300
360.952	6.522930
362.991	6.557630
365.033	6.682930
367.093	6.626420
369.132	6.605250
371.172	6.662030
373.252	6.415380
375.315	6.526160
377.336	6.558610
379.375	6.501720
381.446	6.553230
383.467	6.656630
385.607	6.531710
387.674	6.618000
389.775	6.533450
391.835	6.438100
393.857	6.436000
395.896	6.629450
397.938	6.437580
400.016	6.579520
402.099	6.601260
404.177	6.462360
406.198	6.659410
408.279	6.543950
410.339	6.550080
412.378	6.571930
414.438	6.569880
416.521	6.538640
418.560	6.530760
420.620	6.555710
422.680	6.512940
424.761	6.476040
426.841	6.492200
428.922	6.544080
430.964	6.505520
433.024	6.641900
435.066	6.651220
437.123	6.549990
439.183	6.569660
441.264	6.663720
443.303	6.736270
445.363	6.542270
447.443	6.486950
449.485	6.674490
451.563	6.620410
453.623	6.481840
455.755	6.515970
457.797	6.493330
459.836	6.504540
461.917	6.389730
463.938	6.431530
466.019	6.473970
468.107	6.515570
470.162	6.542920
472.181	6.571290
474.261	6.621130
476.303	6.519670
478.360	6.674730
480.423	6.573870
482.465	6.716260
484.525	6.706940
486.662	6.648070
488.704	6.590470
490.805	6.600210
492.844	6.538740
494.907	6.485100
496.964	6.438430
499.006	6.479030
501.100	6.368310
503.118	6.442850
505.173	6.516890
507.236	6.457450
509.316	6.607480
511.376	6.541310
513.436	6.579950
515.558	6.484220
517.656	6.567170
519.678	6.582810
521.758	6.524740
523.800	6.514610
525.860	6.638350
527.940	6.610980
530.000	6.540920
532.019	6.545790
534.100	6.575140
536.142	6.598420
538.181	6.517630
540.241	6.582210
542.342	6.394470
544.423	6.524980
546.490	6.579030
548.504	6.432410
550.582	6.562780
552.662	6.525630
554.733	6.491770
556.754	6.410110
558.814	6.642020
560.863	6.525100
562.903	6.676590
565.025	6.594250
567.118	6.476610
569.178	6.583040
571.279	6.569660
573.300	6.657240
575.340	6.482580
577.382	6.470700
579.478	6.514910
581.499	6.451020
583.618	6.376820
585.657	6.445510
587.699	6.490320
589.777	6.491330
591.881	6.509080
593.941	6.651610
595.980	6.624800
598.061	6.550690
600.082	6.539440
602.121	6.540660
604.161	6.559500
606.254	6.488510
608.304	6.541810
610.364	6.510570
612.424	6.453520
614.484	6.488490
616.523	6.373110
618.585	6.521630
620.684	6.499220
622.765	6.429120
624.886	6.589210
626.980	6.526520
629.040	6.531480
631.100	6.530740
633.162	6.669650
635.258	6.622240
637.277	6.638750
639.298	6.542300
641.337	6.468570
643.379	6.553570
645.398	6.378670
647.440	6.427720
649.482	6.560010
651.521	6.420540
653.563	6.485850
655.641	6.418320
657.683	6.491920
659.722	6.527450
661.782	6.480220
663.842	6.665610
665.923	6.549700
667.965	6.538050
670.025	6.563770
672.085	6.631420
674.147	6.582900
676.189	6.483400
678.249	6.487270
680.317	6.411580
682.377	6.386940
684.436	6.422660
686.527	6.452630
688.569	6.438790
690.686	6.389170
692.707	6.450600
694.806	6.531500
696.866	6.581000
698.926	6.608860
700.967	6.710090
703.048	6.597680
705.129	6.571770
707.168	6.504640
709.189	6.547700
711.208	6.512650
713.247	6.436180
715.310	6.467370
717.367	6.379100
719.445	6.344510
721.487	6.297190
723.547	6.443010
725.648	6.448400
727.708	6.496250
729.786	6.443050
731.828	6.560400
733.908	6.609120
735.950	6.710200
737.990	6.618660
740.032	6.585800
742.174	6.545300
744.234	6.580430
746.335	6.483810
748.395	6.349370
750.434	6.416180
752.494	6.449850
754.595	6.385870
756.655	6.411970
758.756	6.454090
760.778	6.523510
762.838	6.491140
764.877	6.608410
766.919	6.696020
768.958	6.538630
771.057	6.635480
773.119	6.513800
775.179	6.585310
777.260	6.540780
779.299	6.574160
781.341	6.486710
783.380	6.452720
785.440	6.264530
787.482	6.365940
789.501	6.479000
791.581	6.428430
793.621	6.436760
795.681	6.442760
797.764	6.378410
799.803	6.531570
801.863	6.565120
803.905	6.505110
805.944	6.617180
807.986	6.636220
810.067	6.560880
812.127	6.510850
814.148	6.570460
816.187	6.436100
818.299	6.509060
820.379	6.536430
822.442	6.554480
824.481	6.503420
826.559	6.426590
828.619	6.489760
830.640	6.451170
832.680	6.482590
834.719	6.586150
836.782	6.479080
838.821	6.572270
840.863	6.488480
842.938	6.531750
847.079	6.455110
849.200	6.436530
851.281	6.503200
853.323	6.520040
855.421	6.576200
857.481	6.485470
859.521	6.436330
861.601	6.505640
863.661	6.531250
865.755	6.448140
867.835	6.489560
869.895	6.575920
871.955	6.525140
874.002	6.535130
876.062	6.557910
878.083	6.530490
880.151	6.534140
882.273	6.323200
884.315	6.401780
886.333	6.393430
888.417	6.490750
890.456	6.549020
892.516	6.412430
894.576	6.365660
896.677	6.420030
898.737	6.501420
900.835	6.577130
902.895	6.636050
904.976	6.528960
907.098	6.579200
909.183	6.487350
911.238	6.493040
913.298	6.570160
915.340	6.532970
917.420	6.529300
919.501	6.451310
921.540	6.447260
923.600	6.343990
925.681	6.395740
927.741	6.447570
929.780	6.496310
931.843	6.612440
933.882	6.534810
935.921	6.588210
937.966	6.504530
940.026	6.682900
942.086	6.490350
944.125	6.565210
946.146	6.480450
948.265	6.439290
950.328	6.441540
952.406	6.222290
954.468	6.397270
956.508	6.474460
958.550	6.326590
960.669	6.370460
962.708	6.409800
964.789	6.590470
966.831	6.442610
968.911	6.507430
970.971	6.550370
973.031	6.551360
975.091	6.482970
977.133	6.548890
979.252	6.589950
981.294	6.531870
983.354	6.602490
985.393	6.369550
987.502	6.375470
989.544	6.363280
991.663	6.333010
993.705	6.371400
995.744	6.454070
997.804	6.447490
999.846	6.457830
1001.927	6.369590
1003.966	6.566160
1005.987	6.699760
1008.027	6.644920
1010.069	6.583570
1012.165	6.601930
1014.189	6.617370
1016.228	6.528310
1018.288	6.500090
1020.348	6.523920
1022.369	6.399590
1024.450	6.348600
1026.489	6.299710
1028.531	6.301910
1030.570	6.381970
1032.648	6.439730
1034.788	6.366820
1036.868	6.535610
1038.908	6.655410
1040.929	6.603960
1043.010	6.572430
1045.072	6.522030
1047.132	6.656820
1049.210	6.423260
1051.252	6.433660
1053.371	6.381160
1055.421	6.343290
1057.473	6.579580
1059.553	6.419520
1061.613	6.521390
1063.635	6.440960
1065.715	6.481470
1067.737	6.560150
1069.776	6.514390
1071.859	6.516820
1073.937	6.353570
1075.997	6.360890
1078.018	6.517970
1080.060	6.522620
1082.099	6.344330
1084.180	6.499550
1086.201	6.563180
1088.269	6.475050
1090.370	6.487650
1092.409	6.568540
1094.469	6.524790
1096.568	6.410860
1098.607	6.487310
1100.732	6.581510
1102.771	6.418580
1104.849	6.405190
1106.950	6.441660
1109.051	6.409630
1111.111	6.429830
1113.153	6.433990
1115.192	6.421880
1117.296	6.488690
1119.353	6.519430
1121.413	6.447560
1123.435	6.512000
1125.474	6.519880
1127.513	6.581990
1129.573	6.544030
1131.615	6.489480
1133.655	6.407570
1135.714	6.551140
1137.777	6.353270
1139.816	6.532890
1141.856	6.393580
1143.895	6.416000
1145.958	6.565890
1147.997	6.475090
1150.057	6.508150
1152.140	6.511690
1154.179	6.426380
1156.198	6.536710
1158.258	6.389840
1160.300	6.532000
1162.414	6.470070
1164.456	6.532340
1166.554	6.531660
1168.655	6.520230
1170.697	6.478880
1172.775	6.592000
1174.838	6.450010
1176.898	6.507300
1178.958	6.538880
1180.979	6.483500
1183.039	6.490230
1185.099	6.524270
1187.159	6.519480
1189.239	6.500980
1191.320	6.423890
1193.400	6.337160
1195.460	6.443400
1197.520	6.448360
1199.542	6.467090
1201.622	6.512720
1203.643	6.588390
1205.703	6.458850
1207.743	6.688470
1209.785	6.566690
1211.845	6.495250
1213.884	6.547020
1215.959	6.444690
1218.058	6.431140
1220.177	6.259000
1222.258	6.460410
1224.299	6.356370
1226.339	6.331500
1228.399	6.422320
1230.420	6.370990
1232.480	6.418020
1234.519	6.512390
1236.579	6.649310
1238.639	6.591690
1240.740	6.617440
1242.841	6.643990
1244.914	6.497180
1246.961	6.510250
1249.003	6.424290
1251.043	6.331020
1253.082	6.337440
1255.183	6.342730
1257.225	6.435890
1259.264	6.555630
1261.283	6.534740
1263.366	6.460000
1265.426	6.499220
1267.465	6.526580
1269.505	6.582270
1271.611	6.568590
1273.653	6.591220
1275.772	6.553300
1277.793	6.589200
1279.892	6.395350
1281.934	6.547650
1283.973	6.446910
1286.043	6.315870
1288.083	6.378360
1290.104	6.473310
1292.185	6.506010
1294.255	6.460740
1296.315	6.575200
1298.336	6.476910
1300.435	6.552380
1302.536	6.528480
1304.596	6.638040
1306.617	6.541130
1308.718	6.583870
1310.799	6.464460
1312.879	6.376520
1314.939	6.510710
1316.981	6.420280
1319.020	6.411660
1321.060	6.519380
1323.102	6.414040
1325.141	6.386420
1327.183	6.414520
1329.264	6.530290
1331.344	6.488550
1333.422	6.520610
1335.503	6.580230
1337.562	6.516810
1339.604	6.505130
1341.685	6.483290
1343.765	6.562650
1345.885	6.481020
1347.924	6.435890
1349.984	6.531350
1352.046	6.469340
1354.127	6.564910
1356.166	6.408950
1358.188	6.469350
1360.227	6.522660
1362.269	6.490000
1364.311	6.456700
1366.350	6.436530
1368.469	6.550890
1370.532	6.476450
1372.610	6.480740
1374.711	6.504950
1376.791	6.525970
1378.854	6.456210
1380.934	6.517130
1383.033	6.511130
1385.075	6.466100
1387.096	6.437560
1389.136	6.464300
1391.196	6.525560
1393.276	6.506450
1395.362	6.545450
1397.422	6.486650
1399.541	6.492250
1401.624	6.474600
1403.663	6.510340
1405.705	6.497270
1407.845	6.495370
1409.884	6.376560
1411.965	6.506850
1414.066	6.366700
1416.108	6.377890
1418.129	6.493430
1420.169	6.422450
1422.208	6.522280
1424.247	6.416600
1426.269	6.481330
1428.310	6.382820
1430.409	6.494860
1432.451	6.515750
1434.511	6.509760
1436.553	6.482160
1438.631	6.351020
1440.691	6.478630
1442.730	6.509700
1446.852	6.520070
1448.915	6.533570
1450.993	6.473650
1453.035	6.564260
1455.136	6.590000
1457.175	6.427660
1459.274	6.431910
1461.316	6.469770
1463.391	6.520220
1465.436	6.454020
1467.496	6.615290
1469.535	6.338260
1471.574	6.478470
1473.655	6.520220
1475.694	6.481380
1477.733	6.495210
1479.799	6.454740
1481.838	6.489360
1483.877	6.523840
1485.958	6.468800
1487.982	6.489600
1490.062	6.570180
1492.081	6.603940
1494.120	6.516120
1496.139	6.509200
1498.183	6.543470
1500.223	6.553850
1502.360	6.474050
1504.384	6.449140
1506.500	6.487850
1508.566	6.416470
1510.641	6.446230
1512.706	6.511710
1514.745	6.476500
1516.877	6.454840
1518.896	6.541540
1520.977	6.556590
1523.057	6.438830
1525.138	6.525720
1527.177	6.511810
1529.237	6.452490
1531.276	6.443380
1533.295	6.456180
1535.360	6.480570
1537.400	6.595810
1539.439	6.544050
1541.519	6.610670
1543.538	6.297270
1545.598	6.513590
1547.643	6.405570
1549.723	6.420200
1551.762	6.441680
1553.802	6.342060
1555.862	6.429310
1557.942	6.449990
1560.002	6.427970
1562.042	6.546180
1564.081	6.633750
1566.141	6.575390
1570.225	6.431230
1572.285	6.464340
1574.324	6.489830
1576.389	6.320820
1578.413	6.371000
1580.473	6.408290
1582.574	6.388970
1584.593	6.406750
1586.720	6.448170
1588.764	6.566000
1592.966	6.541130
1595.026	6.599390
1597.102	6.536640
1599.172	6.516760
1601.206	6.456490
1603.287	6.520420
1605.388	6.544380
1607.427	6.457010
1609.508	6.435960
1611.588	6.379390
1613.627	6.383830
1615.667	6.543800
1617.727	6.461060
1619.751	6.497740
1621.769	6.373750
1623.850	6.591650
1625.930	6.496100
1627.970	6.555340
1630.030	6.522200
1632.110	6.475940
1634.150	6.480960
1636.189	6.584520
1638.233	6.387230
1640.329	6.350450
1642.410	6.378920
1644.490	6.478770
1646.535	6.409710
1648.574	6.408810
1650.634	6.507240
1652.741	6.477880
1654.785	6.548580
1656.840	6.476550
1658.920	6.491860
1661.021	6.473680
1663.102	6.460460
1665.162	6.512260
1667.263	6.516360
1669.287	6.542990
1671.326	6.425190
1673.366	6.488540
1675.426	6.402480
1677.475	6.492750
1679.525	6.468230
1681.585	6.504680
1683.645	6.531710
1685.705	6.466950
1687.729	6.401860
1689.788	6.451390
1691.828	6.448180
1693.893	6.411750
1695.953	6.390460
1697.997	6.378000
1700.098	6.470310
1702.179	6.608940
1704.223	6.475050
1706.263	6.507210
1708.302	6.629230
1710.383	6.503170
1712.422	6.605510
1714.539	6.494010
1716.645	6.569480
1718.684	6.482520
1720.724	6.568950
1722.804	6.419740
1724.885	6.468630
1726.924	6.485450
1728.984	6.488590
1731.044	6.501160
1733.078	6.468570
1737.224	6.475810
1739.284	6.548020
1741.405	6.471160
1743.486	6.338130
1745.566	6.461020
1749.686	6.395280
1751.746	6.529440
1753.791	6.552660
1755.809	6.445200
1757.869	6.519180
1759.909	6.589570
1761.948	6.539070
1764.008	6.435150
1766.109	6.521120
1768.251	6.475810
1770.311	6.496260
1772.371	6.427680
1774.411	6.428560
1776.450	6.517750
1778.469	6.435550
1780.513	6.490800
1782.558	6.363550
1784.618	6.284120
1786.683	6.461340
1788.722	6.517840
1790.839	6.397070
1792.883	6.601670
1794.922	6.581260
1796.982	6.584840
1799.042	6.371280
1801.102	6.444590
1803.126	6.511840
1805.227	6.543540
1807.308	6.473890
1809.347	6.422780
1811.407	6.373620
1813.488	6.418110
1815.532	6.477970
1817.608	6.482950
1819.693	6.514700
1821.712	6.382720
1823.798	6.421090
1825.837	6.445700
1827.918	6.458830
1829.962	6.402740
1832.037	6.502010
1834.118	6.492450
1836.198	6.447990
1838.279	6.547440
1840.339	6.494000
1842.399	6.406900
1844.459	6.422800
1846.503	6.558610
1848.543	6.500610
1850.623	6.475620
1852.663	6.294250
1854.722	6.470120
1856.782	6.511570
1858.868	6.504290
1860.907	6.503420
1862.983	6.475250
1865.027	6.523130
1867.108	6.513240
1869.147	6.597770
1871.228	6.445770
1873.288	6.401490
1875.312	6.544040
1877.371	6.514380
1879.431	6.440670
1881.512	6.459740
1883.551	6.338480
1885.591	6.481610
1887.630	6.501950
1889.710	6.379990
1891.770	6.408920
1893.872	6.486950
1895.952	6.463060
1898.012	6.518910
1900.051	6.597040
1902.111	6.454120
1904.176	6.533450
1906.216	6.516830
1908.255	6.504570
1910.294	6.549770
1912.313	6.575960
1914.342	6.480710
1916.397	6.418940
1918.462	6.509310
1920.496	6.341140
1922.587	6.500670
1924.647	6.387720
1926.676	6.414440
1928.736	6.439250
1930.780	6.348560
1932.840	6.469980
1934.880	6.511150
1936.945	6.435530
1939.025	6.453980
1941.142	6.564230
1943.207	6.509930
1945.267	6.539400
1947.332	6.475850
1949.413	6.468890
1951.452	6.508020
1953.553	6.335780
1955.572	6.459750
1957.673	6.426560
1959.733	6.381430
1961.834	6.346260
1963.894	6.470740
1965.933	6.409040
1967.973	6.462520
1969.996	6.514450
1972.077	6.573460
1974.096	6.585470
1976.135	6.537100
1978.174	6.476360
1980.240	6.608750
1982.299	6.525660
1984.359	6.376920
1986.399	6.557000
1988.438	6.465370
1990.488	6.531280
1992.563	6.258840
1994.623	6.285470
1996.642	6.400040
1998.722	6.323760
2000.803	6.561680
2002.925	6.537670
2004.969	6.546610
2007.008	6.501420
2009.048	6.647620
2011.149	6.549410
2013.188	6.484310
2015.269	6.591120
2017.349	6.611460
2019.389	6.440390
2021.469	6.448900
2023.550	6.424570
2025.610	6.429440
2027.690	6.386330
2029.735	6.451540
2031.795	6.407360
2033.875	6.433970
2035.935	6.402080
2037.974	6.512290
2040.014	6.519050
2042.053	6.642130
2044.098	6.517220
2046.157	6.546510
2048.217	6.520890
2050.298	6.603300
2052.378	6.507790
2054.459	6.352350
2056.560	6.450780
2058.636	6.446720
2060.680	6.398220
2062.699	6.340300
2064.779	6.307520
2066.860	6.372350
2068.899	6.449870
2070.959	6.495050
2073.019	6.592510
2075.100	6.588060
2077.144	6.536550
2079.204	6.582250
2081.243	6.573620
2083.283	6.577330
2085.363	6.449780
2087.403	6.439650
2089.426	6.397510
2091.502	6.412740
2093.562	6.311170
2095.606	6.432670
2097.666	6.424570
2099.726	6.442710
2101.745	6.441330
2103.805	6.586180
2105.844	6.622900
2107.883	6.535000
2109.928	6.557720
2111.983	6.525310
2114.048	6.514150
2116.087	6.541030
2118.209	6.257730
2120.233	6.435440
2122.293	6.331840
2124.389	6.471870
2126.469	6.344120
2128.488	6.463110
2130.569	6.448970
2132.680	6.510890
2134.719	6.541240
2136.759	6.550180
2138.819	6.586550
2140.884	6.568720
2142.944	6.474150
2144.983	6.496120
2149.062	6.480740
2151.122	6.433000
2153.145	6.511250
2155.226	6.402310
2157.307	6.597550
2159.366	6.467150
2161.447	6.436750
2163.486	6.365390
2165.546	6.512280
2167.586	6.399710
2169.646	6.429670
2171.726	6.517030
2173.786	6.591510
2175.872	6.562070
2177.906	6.427880
2179.930	6.459000
2182.010	6.394160
2184.070	6.445180
2186.151	6.484790
2188.226	6.429420
2190.307	6.314750
2192.367	6.388110
2194.406	6.420700
2196.450	6.401100
2198.485	6.382900
2200.529	6.455700
2202.568	6.470150
2204.628	6.452120
2206.709	6.613040
2208.769	6.501970
2210.788	6.608060
2212.848	6.587350
2214.913	6.504480
2216.952	6.445130
2219.012	6.495350
2221.092	6.484280
2223.132	6.402020
2225.171	6.289230
2227.210	6.432750
2229.255	6.347800
2231.299	6.405650
2233.416	6.499340
2235.476	6.431970
2237.572	6.546810
2239.611	6.500240
2241.671	6.574210
2243.731	6.520980
2245.807	6.620040
2247.923	6.486780
2249.983	6.438280
2252.028	6.372530
2254.087	6.386650
2256.168	6.426830
2258.207	6.396180
2260.288	6.456660
2262.368	6.435890
2264.428	6.434100
2266.488	6.411640
2268.528	6.433720
2270.572	6.496950
2272.627	6.579690
2274.671	6.386690
2276.752	6.461510
2278.791	6.537460
2280.831	6.454530
2282.870	6.393320
2284.930	6.391640
2287.010	6.562430
2289.112	6.443800
2291.171	6.482650
2293.216	6.477640
2295.276	6.501740
2297.315	6.504160
2299.396	6.411740
2301.456	6.531860
2303.474	6.504820
2305.519	6.381180
2307.558	6.437690
2309.613	6.457260
2311.714	6.437110
2313.754	6.397870
2315.834	6.436380
2317.879	6.357610
2319.959	6.408790
2322.040	6.481830
2324.079	6.565480
2326.118	6.530140
2328.137	6.573100
2330.182	6.556320
2332.221	6.601010
2334.281	6.490650
2336.372	6.424540
2338.432	6.387900
2340.476	6.384400
2342.515	6.373140
2344.617	6.394020
2346.656	6.391060
2348.700	6.335240
2350.740	6.556640
2352.841	6.474350
2354.901	6.510860
2357.002	6.532070
2359.041	6.438490
2361.142	6.602830
2363.207	6.507730
2365.283	6.530950
2367.405	6.450880
2369.547	6.631760
2371.586	6.353280
2373.734	6.404400
2375.778	6.392560
2377.879	6.339180
2379.960	6.553540
2382.040	6.403390
2384.100	6.411970
2386.140	6.532720
2388.179	6.531260
2390.260	6.499790
2392.340	6.552820
2394.379	6.420410
2396.419	6.498980
2398.463	6.464550
2400.503	6.368800
2402.563	6.408780
2404.602	6.446770
2406.641	6.385140
2408.681	6.619200
2410.725	6.459020
2412.800	6.509380
2414.845	6.544650
2416.900	6.574590
2418.980	6.519740
2421.045	6.605740
2423.064	6.407880
2425.165	6.453270
2427.246	6.373980
2429.342	6.423670
2431.407	6.477950
2433.523	6.328780
2435.588	6.387230
2437.664	6.506380
2439.729	6.582050
2441.768	6.441150
2443.813	6.478090
2445.914	6.494670
2447.974	6.552920
2450.034	6.583940
2452.114	6.640810
2454.195	6.485170
2456.234	6.546910
2458.253	6.412920
2460.272	6.484540
2462.316	6.392710
2464.356	6.381150
2466.374	6.460150
2468.439	6.535240
2470.499	6.539170
2472.539	6.401410
2474.619	6.343690
2476.658	6.382890
2478.718	6.417770
2480.820	6.441900
2482.879	6.489480
2484.919	6.494010
2486.958	6.542180
2489.003	6.491700
2491.021	6.535900
2493.102	6.528800
2495.224	6.562780
2497.263	6.392950
2499.302	6.415290
2501.362	6.381990
2503.402	6.485040
2505.446	6.441480
2507.506	6.464890
2509.607	6.514110
2511.646	6.435760
2513.686	6.401900
2515.746	6.409430
2517.785	6.494260
2519.845	6.374780
2521.890	6.431960
2523.949	6.493160
2525.989	6.521550
2528.049	6.466650
2530.109	6.576130
2532.169	6.481150
2534.208	6.479630
2536.268	6.522420
2538.328	6.471110
2540.408	6.508210
2542.489	6.526970
2544.569	6.409140
2546.614	6.427220
2548.684	6.565870
2550.760	6.473330
2552.825	6.547230
2554.864	6.390600
2556.903	6.355820
2558.943	6.338020
2561.023	6.418360
2563.083	6.376800
2565.128	6.539090
2567.146	6.515830
2569.268	6.530220
2571.307	6.570590
2573.367	6.551110
2575.386	6.423290
2577.467	6.435270
2579.547	6.544660
2581.586	6.464660
2583.631	6.539160
2585.670	6.480910
2587.730	6.388360
2589.749	6.544250
2591.809	6.475450
2593.869	6.490690
2595.913	6.398550
2597.953	6.504720
2599.992	6.556350
2602.052	6.425560
2604.132	6.380580
2606.151	6.452040
2608.211	6.243810
2610.302	6.444760
2612.341	6.401790
2614.386	6.330320
2616.523	6.598710
2618.567	6.494550
2620.627	6.507390
2622.708	6.548010
2624.809	6.647240
2626.848	6.546140
2628.888	6.463670
2630.948	6.545260
2633.008	6.411670
2635.088	6.350290
2637.153	6.460600
2639.193	6.445430
2641.253	6.414680
2643.292	6.336120
2645.372	6.377890
2647.432	6.409760
2649.533	6.479810
2651.573	6.540570
2653.617	6.499440
2655.713	6.577680
2657.814	6.518040
2659.874	6.468940
2661.939	6.533480
2663.979	6.497470
2666.039	6.416400
2668.099	6.395430
2670.215	6.533010
2672.239	6.318430
2674.304	6.417010
2676.385	6.558220
2678.527	6.531140
2680.566	6.472950
2682.647	6.564910
2684.707	6.537850
2686.746	6.500730
2688.806	6.545430
2690.866	6.476730
2692.926	6.346740
2694.991	6.471250
2697.030	6.469190
2699.070	6.376020
2701.130	6.297120
2703.210	6.434260
2705.270	6.466310
2707.371	6.432310
2709.452	6.519410
2711.512	6.508190
2713.536	6.424010
2715.596	6.484040
2717.671	6.448520
2719.752	6.524100
2721.796	6.388770
2723.913	6.458960
2725.973	6.421420
2728.033	6.364080
2730.072	6.412420
2732.132	6.363700
2734.176	6.370690
2736.216	6.483610
2738.296	6.502850
2740.377	6.522000
2742.416	6.567950
2744.476	6.330960
2746.515	6.540100
2748.575	6.463270
2750.599	6.555870
2752.700	6.504380
2754.740	6.364400
2756.800	6.453220
2758.839	6.461960
2760.919	6.379050
2762.938	6.282230
2765.060	6.395020
2767.099	6.406240
2769.139	6.379150
2771.183	6.407210
2773.258	6.414530
2775.339	6.478280
2777.420	6.479200
2779.505	6.530670
2781.565	6.597610
2783.646	6.517360
2785.706	6.595630
2787.786	6.579560
2789.851	6.531820
2791.896	6.457920
2793.956	6.433100
2796.016	6.345650
2798.096	6.255330
2800.156	6.281960
2802.195	6.314720
2804.260	6.347620
2806.279	6.565730
2808.380	6.463900
2810.456	6.457960
2812.541	6.513320
2814.601	6.574940
2816.641	6.532500
2818.680	6.631630
2820.740	6.523580
2822.759	6.446610
2824.844	6.465980
2826.863	6.482850
2828.902	6.515870
2830.983	6.452200
2833.002	6.407690
2835.062	6.381410
2837.086	6.386260
2839.146	6.354850
2841.185	6.582020
2843.245	6.508060
2845.305	6.514020
2847.344	6.478710
2849.445	6.399480
2851.474	6.437880
2853.529	6.534110
2855.630	6.461840
2857.669	6.542550
2859.729	6.500400
2861.810	6.475310
2863.829	6.424660
2865.868	6.391100
2867.969	6.442090
2869.988	6.370100
2872.048	6.520760
2874.092	6.430620
2876.132	6.448310
2878.171	6.594580
2880.190	6.640010
2882.275	6.511710
2884.335	6.555870
2886.431	6.505080
2888.455	6.497620
2890.515	6.491700
2892.555	6.382320
2894.594	6.478810
2896.633	6.362800
2898.693	6.439270
2900.774	6.454760
2902.854	6.529720
2904.894	6.408970
2906.917	6.551080
2908.977	6.493530
2911.017	6.419630
2913.082	6.489300
2915.167	6.488140
2917.299	6.365200
2919.354	6.428910
2921.394	6.498110
2923.454	6.467530
2925.513	6.440200
2927.573	6.457020
2929.639	6.514930
2931.657	6.372680
2933.738	6.470900
2935.798	6.475810
2937.858	6.531070
2939.897	6.503650
2941.978	6.467650
2944.037	6.485140
2946.077	6.378840
2948.121	6.331900
2950.155	6.521290
2952.221	6.421610
2954.301	6.477160
2956.340	6.417150
2958.457	6.450570
2960.502	6.597600
2962.561	6.572000
2964.601	6.495580
2966.645	6.563320
2968.685	6.593540
2970.827	6.506690
2972.887	6.482090
2974.926	6.472030
2976.986	6.494940
2979.077	6.436770
2981.121	6.447710
2983.161	6.262300
2985.241	6.466620
2987.281	6.479440
2989.335	6.511190
2991.380	6.457040
2993.440	6.440600
2995.464	6.513290
2997.524	6.521390
2999.645	6.503970
3001.705	6.568750
3003.745	6.521260
3005.805	6.474760
3007.859	6.429890
3009.904	6.365310
3011.948	6.377090
3014.044	6.455270
3016.104	6.417620
3018.185	6.394390
3020.245	6.480670
3022.367	6.667800
3024.406	6.361980
3026.430	6.567920
3028.469	6.463160
3030.508	6.502920
3032.548	6.461170
3034.608	6.572890
3036.652	6.470140
3038.759	6.416010
3040.839	6.522450
3042.858	6.408310
3044.938	6.566090
3047.019	6.380850
3049.063	6.425380
3051.098	6.432150
3053.163	6.480700
3055.243	6.582890
3057.365	6.448710
3059.404	6.374930
3061.485	6.492860
3063.545	6.432740
3065.605	6.465850
3067.644	6.513650
3069.745	6.503690
3071.826	6.600950
3073.886	6.572830
3075.946	6.527450
3077.985	6.502440
3080.045	6.485660
3082.110	6.526720
3084.149	6.370000
3086.209	6.405990
3088.269	6.454740
3090.319	6.479920
3092.358	6.432290
3094.439	6.495830
3096.540	6.455740
3100.644	6.302820
3102.720	6.425540
3104.759	6.486320
3106.819	6.553940
3108.863	6.487140
3110.903	6.505040
3113.004	6.576120
3115.023	6.586790
3117.082	6.607690
3119.127	6.540730
3121.207	6.463820
3123.247	6.462220
3125.369	6.500670
3127.428	6.340640
3129.468	6.406900
3131.528	6.315250
3133.588	6.293580
3135.648	6.296230
3137.687	6.416580
3139.809	6.568900
3141.889	6.526690
3143.970	6.602710
3146.009	6.691310
3148.090	6.563920
3150.175	6.608520
3152.235	6.511850
3154.275	6.550680
3156.314	6.488170
3158.415	6.440220
3160.475	6.277330
3162.556	6.263870
3164.636	6.290060
3166.675	6.375080
3168.735	6.432490
3170.816	6.415760
3172.876	6.529550
3174.936	6.441120
3176.996	6.600090
3179.061	6.590460
3181.141	6.435750
3183.217	6.631190
3185.241	6.517420
3187.301	6.509040
3189.381	6.415200
3191.441	6.420740
3193.480	6.465130
3195.520	6.414450
3197.544	6.338320
3199.562	6.308340
3201.586	6.415880
3203.662	6.442990
3205.722	6.460610
3207.823	6.461270
3209.903	6.444610
3211.943	6.508920
3213.982	6.576050
3216.021	6.554480
3218.102	6.371990
3220.182	6.505330
3222.263	6.439360
3224.364	6.546360
3226.403	6.402090
3228.484	6.451350
3230.466	6.475690
3232.542	6.420170
3234.586	6.506990
3236.708	6.535230
3238.789	6.428640
3240.828	6.396510
3242.872	6.489560
3244.912	6.392570
3247.013	6.485450
3249.093	6.442480
3251.133	6.481740
3253.182	6.518990
3255.253	6.386330
3257.313	6.389810
3259.419	6.436350
3261.458	6.472500
3263.549	6.412240
3265.594	6.483150
3267.653	6.393350
3269.698	6.541540
3271.742	6.523680
3273.761	6.436040
3275.842	6.657390
3277.891	6.596150
3279.993	6.539760
3282.052	6.586480
3284.092	6.375280
3286.172	6.416950
3288.232	6.443220
3290.277	6.484620
3292.414	6.469720
3294.479	6.418300
3296.560	6.395490
3298.599	6.351340
3300.659	6.396870
3302.678	6.333330
3304.717	6.537170
3306.756	6.489820
3308.801	6.547010
3310.840	6.583950
3312.921	6.560500
3314.981	6.502210
3317.020	6.622190
3319.064	6.537240
3321.140	6.343670
3323.220	6.316010
3325.321	6.434180
3327.361	6.454760
3329.379	6.433530
3331.460	6.419720
3333.525	6.453220
3335.544	6.507120
3337.604	6.447040
3339.643	6.609240
3341.724	6.559330
3343.804	6.543870
3345.864	6.548790
3347.903	6.611100
3349.969	6.483120
3351.987	6.345120
3354.047	6.331540
3356.087	6.469440
3358.131	6.374280
3360.232	6.459940
3362.292	6.536390
3364.352	6.398060
3366.433	6.411930
3368.472	6.394720
3370.532	6.502270
3372.576	6.601020
3374.616	6.621830
3376.655	6.470210
3378.715	6.473870
3380.775	6.422800
3382.814	6.473700
3384.884	6.475290
3386.924	6.478890
3388.963	6.424670
3391.116	6.621170
3393.155	6.591760
3395.174	6.543940
3397.234	6.440690
3399.335	6.396420
3401.379	6.418210
3403.439	6.381810
3405.520	6.510230
3407.600	6.371310
3409.660	6.431720
3411.720	6.486290
3413.760	6.565510
3415.799	6.443400
3417.838	6.311710
3419.903	6.467350
3421.943	6.472000
3424.003	6.547730
3426.063	6.544970
3428.102	6.562090
3430.121	6.390090
3432.145	6.441990
3434.225	6.472270
3436.264	6.415430
3438.324	6.529170
3440.384	6.389950
3442.444	6.329170
3444.484	6.476010
3446.549	6.445800
3448.593	6.400300
3450.689	6.369350
3452.728	6.429740
3454.788	6.532110
3456.848	6.536720
3458.991	6.606770
3461.071	6.568700
3463.131	6.523600
3465.212	6.571040
3467.230	6.423520
3469.311	6.354110
3471.371	6.446080
3473.451	6.449190
3475.491	6.484320
3477.535	6.388750
3479.611	6.406980
3481.635	6.372280
3483.715	6.503270
3485.734	6.471250
3487.799	6.485620
3489.859	6.486870
3491.883	6.580020
3493.984	6.462310
3496.064	6.456300
3498.124	6.606050
3500.164	6.461120
3502.203	6.431070
3504.304	6.472980
3506.462	6.426440
3508.522	6.473430
3510.664	6.501720
3512.724	6.429450
3514.743	6.458270
3516.787	6.453160
3518.827	6.476510
3520.866	6.395920
3522.926	6.496540
3525.007	6.462130
3527.108	6.490860
3529.188	6.533360
3531.228	6.393250
3533.308	6.515590
3535.368	6.520250
3537.407	6.465750
3539.452	6.467330
3541.471	6.363500
3543.510	6.434240
3545.570	6.423940
3547.614	6.537830
3549.715	6.518340
3551.775	6.531960
3553.794	6.465520
3555.833	6.571080
3557.904	6.547000
3560.000	6.499860
3562.060	6.536580
3564.145	6.441330
3566.205	6.404240
3568.245	6.482110
3570.299	6.402170
3572.339	6.448190
3574.399	6.426450
3576.500	6.578760
3578.580	6.396700
3580.620	6.456210
3582.680	6.452850
3584.719	6.420930
3586.799	6.308860
3588.844	6.430350
3590.904	6.458530
3592.984	6.537610
3595.086	6.443180
3597.145	6.438170
3599.205	6.466950
3603.284	6.484900
3605.365	6.515850
3607.404	6.545520
3609.448	6.534160
3611.529	6.462180
3613.610	6.476550
3615.649	6.560650
3617.709	6.521240
3619.769	6.328040
3621.808	6.477570
3623.868	6.497180
3625.949	6.464930
3628.029	6.498330
3630.089	6.467370
3632.128	6.456070
3634.209	6.382800
3636.289	6.427700
3638.370	6.519340
3640.414	6.403790
3642.454	6.483330
3644.493	6.577720
3646.574	6.511260
3648.592	6.504100
3650.694	6.466230
3652.753	6.518930
3654.813	6.320850
3656.853	6.404650
3658.933	6.433240
3660.978	6.351210
3663.017	6.415240
3665.077	6.419860
3667.137	6.411210
3669.218	6.486280
3671.277	6.431980
3673.358	6.587340
3675.439	6.626460
3677.457	6.637170
3679.538	6.606530
3681.639	6.616080
3683.719	6.550330
3685.800	6.385220
3687.844	6.386070
3689.961	6.488520
3692.042	6.406240
3694.102	6.331780
3696.125	6.358470
3698.211	6.405600
3700.250	6.443500
3702.372	6.542370
3704.432	6.460680
3706.471	6.471150
3708.531	6.461830
3710.591	6.731500
3712.672	6.542630
3714.732	6.505810
3716.874	6.484510
3718.893	6.529200
3720.953	6.465240
3723.039	6.414880
3725.078	6.356490
3727.117	6.379470
3729.157	6.442190
3731.216	6.354070
3733.276	6.516280
3735.316	6.658920
3737.360	6.474170
3739.477	6.552240
3741.542	6.484040
3743.586	6.432240
3745.667	6.522650
3747.727	6.461840
3749.807	6.407850
3751.867	6.363170
3753.907	6.421710
3755.946	6.433530
3757.990	6.467130
3760.025	6.419100
3762.105	6.514980
3764.186	6.647650
3766.230	6.471340
3768.290	6.442500
3770.371	6.536070
3772.451	6.510150
3774.511	6.525560
3776.551	6.530010
3778.610	6.471470
3780.650	6.381910
3782.710	6.527890
3784.770	6.485080
3786.830	6.509890
3788.874	6.505770
3790.949	6.279360
3793.035	6.349590
3795.074	6.529620
3797.114	6.467490
3799.153	6.434120
3801.172	6.353600
3803.232	6.437540
3805.276	6.577090
3807.336	6.466570
3809.376	6.490560
3811.415	6.536260
3813.475	6.547870
3815.494	6.485690
3817.538	6.426470
3819.624	6.459830
3821.689	6.437850
3823.708	6.413940
3825.747	6.421930
3827.848	6.424400
3829.908	6.476640
3831.968	6.478890
3834.028	6.427110
3836.088	6.456080
3838.132	6.377020
3840.213	6.424090
3842.252	6.446330
3844.292	6.457890
3846.331	6.496250
3848.391	6.409080
3850.435	6.547370
3852.475	6.558440
3854.555	6.726990
3856.636	6.406230
3858.696	6.617000
3860.817	6.563210
3862.857	6.477970
3864.917	6.330530
3866.956	6.436900
3869.037	6.416730
3873.136	6.414440
3875.196	6.294790
3877.276	6.510050
3879.341	6.430190
3881.381	6.425020
3883.461	6.427490
3885.521	6.434870
3887.581	6.463870
3889.682	6.407550
3891.686	6.648690
3893.725	6.545750
3895.785	6.575680
3897.886	6.608930
3899.946	6.528720
3902.006	6.466960
3904.045	6.473140
3906.084	6.475660
3908.108	6.489530
3910.168	6.466660
3912.228	6.381120
3914.247	6.396380
3916.307	6.444660
3918.346	6.467780
3920.427	6.481890
3922.466	6.464060
3924.567	6.420800
3926.591	6.535390
3928.687	6.488840
3930.732	6.459330
3932.792	6.422770
3934.851	6.548040
3936.911	6.526080
3938.961	6.565090
3941.026	6.428730
3943.086	6.312550
3945.167	6.446060
3947.206	6.381390
3949.245	6.347340
3951.326	6.547930
3953.386	6.406440
3955.446	6.548090
3957.506	6.407270
3959.530	6.328780
3961.569	6.484340
3963.649	6.492450
3965.709	6.430370
3967.769	6.410920
3969.809	6.518690
3971.889	6.537920
3973.928	6.459660
3975.968	6.473200
3978.048	6.516290
3980.113	6.436150
3982.132	6.409270
3984.208	6.444740
3986.273	6.588900
3988.312	6.649420
3990.403	6.509790
3992.463	6.516210
3994.523	6.562460
3996.541	6.379010
3998.622	6.454700
4000.666	6.493720
4002.726	6.382230
4004.766	6.384990
4006.805	6.516470
4008.844	6.354960
4010.884	6.546640
4012.944	6.441780
4015.024	6.359470
4017.064	6.476520
4019.144	6.371570
4021.225	6.419400
4023.264	6.474510
4025.365	6.485850
4027.425	6.369990
4029.464	6.607220
4031.504	6.521460
4033.528	6.414070
4035.629	6.393580
4037.668	6.494580
4039.749	6.616690
4041.788	6.355930
4043.827	6.498220
4045.887	6.565200
4047.927	6.466650
4049.986	6.398260
4052.072	6.298520
4054.132	6.393450
4056.238	6.315240
4058.278	6.564840
4060.399	6.544410
4062.439	6.593910
4064.504	6.444190
4066.543	6.391710
4068.603	6.476050
4070.663	6.448440
4072.723	6.477300
4074.762	6.555120
4076.807	6.496450
4078.846	6.592330
4080.906	6.521740
4082.945	6.395010
4085.052	6.506470
4087.132	6.402420
4089.172	6.333220
4091.252	6.308250
4093.333	6.403240
4095.413	6.502090
4097.473	6.554060
4099.513	6.616550
4101.572	6.474030
4103.653	6.604310
4105.734	6.498410
4107.793	6.494380
4109.838	6.486910
4111.913	6.446580
4113.994	6.460670
4116.074	6.549850
4118.155	6.334980
4120.235	6.418060
4122.275	6.358390
4124.335	6.378500
4126.395	6.489630
4128.527	6.573560
4130.571	6.491160
4132.616	6.418230
4134.676	6.440620
4136.715	6.537940
4138.759	6.607810
4140.819	6.567480
4142.879	6.520620
4144.939	6.471740
4146.999	6.581010
4149.100	6.572880
4151.176	6.529600
4153.236	6.440270
4155.301	6.300650
4157.319	6.346660
4159.400	6.363150
4161.455	6.359880
4163.556	6.381010
4165.595	6.401250
4167.655	6.446570
4169.736	6.451790
4171.832	6.504840
4173.871	6.399420
4175.910	6.559290
4177.960	6.572460
4179.994	6.467670
4182.054	6.531530
4184.114	6.588650
4186.153	6.557510
4188.213	6.462210
4190.248	6.369350
4192.292	6.270130
4194.357	6.359830
4196.376	6.409170
4198.436	6.421510
4200.496	6.521540
4202.535	6.422840
4204.574	6.674600
4206.614	6.551150
4208.699	6.531840
4210.790	6.582780
4212.845	6.587890
4214.895	6.637800
4216.986	6.506000
4219.025	6.375930
4221.064	6.422480
4223.165	6.396130
4225.246	6.465490
4227.285	6.549070
4229.345	6.425320
4231.364	6.542840
4233.486	6.466020
4235.566	6.457790
4237.606	6.522200
4239.650	6.466140
4241.731	6.410050
4243.790	6.594940
4245.809	6.561610
4247.869	6.480970
4249.945	6.491360
4251.974	6.423670
4254.039	6.319260
4256.099	6.546320
4258.179	6.572260
4260.260	6.559010
4262.361	6.461590
4264.421	6.477810
4266.465	6.550860
4268.525	6.475940
4270.606	6.404960
4272.645	6.517730
4274.705	6.402860
4276.786	6.301880
4278.845	6.487860
4280.885	6.375490
4282.929	6.446410
4285.025	6.566860
4287.065	6.526430
4289.088	6.570580
4291.148	6.568600
4293.188	6.460760
4295.248	6.488540
4297.369	6.434780
4299.393	6.467290
4301.433	6.351500
4303.498	6.415940
4305.619	6.424930
4307.659	6.432640
4309.719	6.304110
4311.779	6.454080
4313.839	6.458090
4315.878	6.539780
4320.080	6.684900
4322.120	6.568840
4324.159	6.496690
4326.203	6.560170
4328.243	6.424580
4330.282	6.433780
4332.388	6.327340
4334.443	6.339820
4336.519	6.401180
4338.563	6.368720
4340.669	6.382370
4342.740	6.470660
4344.779	6.363580
4346.849	6.546210
4348.909	6.718960
4350.954	6.552210
4352.993	6.450570
4355.053	6.544390
4357.097	6.499020
4359.173	6.436710
4361.233	6.431750
4363.267	6.483270
4365.316	6.418020
4367.335	6.372010
4369.359	6.474410
4371.378	6.451550
4373.417	6.464900
4375.456	6.431230
4377.516	6.480280
4379.581	6.519700
4381.621	6.529610
4383.676	6.504690
4385.802	6.494420
4387.862	6.489940
4389.922	6.441450
4391.941	6.406620
4394.001	6.455730
4396.046	6.476560
4398.105	6.382210
4400.145	6.524180
4402.164	6.438880
4404.244	6.402130
4406.304	6.473120
4408.348	6.481560
4410.419	6.390320
4412.484	6.534230
4414.528	6.576450
4416.681	6.419650
4418.761	6.461060
4420.883	6.480150
4422.923	6.415730
4424.982	6.424950
4427.022	6.578190
4429.123	6.502430
4431.183	6.503140
4433.243	6.441840
4435.303	6.521550
4437.363	6.483960
4439.407	6.471430
4441.447	6.403680
4443.527	6.466440
4445.566	6.390140
4447.668	6.375980
4449.686	6.367110
4451.787	6.538600
4453.806	6.432800
4455.928	6.332010
4457.972	6.438100
4460.053	6.529040
4462.133	6.415630
4464.193	6.508950
4466.217	6.458970
4468.267	6.506470
4470.296	6.599440
4472.392	6.553340
4474.431	6.452910
4476.512	6.484150
4478.551	6.457970
4480.632	6.511340
4482.676	6.428470
4484.752	6.469690
4486.796	6.507160
4488.892	6.521220
4490.937	6.396970
4493.053	6.471580
4495.092	6.342310
4497.137	6.313910
4499.197	6.406960
4501.236	6.487520
4503.296	6.533240
4505.335	6.546380
4507.437	6.563870
4509.455	6.552140
4511.536	6.560610
4513.616	6.655500
4515.676	6.639050
4517.741	6.506210
4519.837	6.583900
4521.877	6.453970
4523.921	6.420090
4525.961	6.395810
4528.021	6.340330
4530.065	6.258760
4532.120	6.556460
4534.200	6.379820
4536.260	6.444450
4538.310	6.620020
4540.452	6.628300
4542.512	6.491450
4544.552	6.535430
4546.596	6.536650
4548.651	6.454830
4550.711	6.425510
4552.776	6.463610
4554.836	6.472860
4556.896	6.478940
4558.976	6.451530
4561.016	6.520900
4563.075	6.298010
4565.094	6.463950
4567.175	6.405560
4569.219	6.604600
4571.279	6.501140
4573.355	6.618820
4575.378	6.605900
4577.438	6.587770
4579.478	6.606330
4581.543	6.448280
4583.659	6.521290
4585.771	6.365810
4587.831	6.461600
4589.870	6.307910
4591.971	6.432080
4594.011	6.469370
4596.050	6.490530
4598.094	6.418210
4600.154	6.469400
4602.194	6.555120
4604.233	6.457980
4606.314	6.541110
4608.415	6.597460
4610.475	6.534900
4612.493	6.521000
4614.533	6.532050
4616.613	6.456060
4618.653	6.474640
4620.697	6.578600
4622.716	6.528810
4624.755	6.472220
4626.779	6.381110
4628.818	6.392390
4630.878	6.636490
4632.938	6.446960
4634.957	6.570920
4637.048	6.557650
4639.128	6.500680
4641.229	6.585270
4643.269	6.464640
4645.308	6.418430
4647.373	6.523720
4649.413	6.461470
4651.452	6.520550
4653.563	6.473130
4655.726	6.525110
4657.766	6.499190
4659.805	6.630350
4661.885	6.545440
4663.945	6.618060
4665.985	6.537750
4668.045	6.453760
4670.069	6.442970
4672.144	6.602560
4674.188	6.519980
4676.228	6.350360
4678.288	6.491280
4680.368	6.388280
4682.449	6.365530
4684.529	6.373300
4686.548	6.459210
4688.608	6.451710
4690.632	6.437560
4692.692	6.550770
4694.814	6.480080
4696.874	6.660000
4698.954	6.566800
4701.055	6.587630
4703.115	6.610760
4705.216	6.598580
4707.297	6.587600
4709.357	6.541060
4711.391	6.555040
4713.441	6.538630
4715.500	6.487380
4717.560	6.364310
4719.620	6.449040
4721.680	6.459380
4723.745	6.451270
4725.764	6.405730
4727.850	6.362350
4729.910	6.486210
4734.009	6.541350
4736.131	6.607360
4738.211	6.583550
4740.271	6.599820
4742.295	6.623770
4744.334	6.549820
4746.374	6.531240
4748.454	6.464540
4750.535	6.456790
4752.574	6.619900
4754.614	6.421940
4756.694	6.275800
4758.775	6.414510
4760.855	6.404990
4762.936	6.391840
4764.975	6.464560
4767.035	6.554930
4769.115	6.565090
4771.160	6.508140
4773.241	6.562810
4775.280	6.511430
4777.366	6.500090
4779.405	6.537860
4781.449	6.487650
4783.489	6.504230
4785.528	6.453190
4787.588	6.457140
4789.607	6.510300
4791.646	6.536060
4793.701	6.576900
4795.761	6.420740
4797.862	6.539450
4799.906	6.437710
4801.946	6.447140
4803.985	6.510300
4806.024	6.667130
4808.084	6.623890
4810.149	6.493210
4812.184	6.408000
4814.223	6.476320
4816.288	6.467610
4818.327	6.432700
4820.387	6.416080
4822.447	6.439310
4824.487	6.563550
4826.526	6.414820
4828.642	6.401810
4830.687	6.617850
4832.747	6.581030
4834.827	6.471500
4836.887	6.621570
4838.947	6.648680
