Elapsed time [s]	Value [0,100]
0.000	4.236800
1.691	3.348530
3.733	2.943430
5.814	4.001430
7.933	3.545890
9.954	3.557080
11.993	4.184070
14.015	3.398570
16.075	3.263290
18.114	3.604770
20.156	3.325190
22.195	3.428040
24.317	3.173770
26.338	3.992520
28.398	3.951600
30.448	3.708820
32.608	3.803250
34.647	3.614750
36.689	4.316250
38.749	3.897610
40.830	3.349870
42.952	3.385490
44.994	3.597190
47.113	3.870740
49.155	3.685610
51.235	4.218150
53.274	4.023450
55.334	3.591510
57.397	3.317410
59.475	3.254290
61.555	3.563560
63.595	3.542260
65.616	4.181590
67.697	3.623670
69.777	3.585480
71.837	4.403200
73.897	3.539980
75.939	3.208890
78.017	3.533140
80.108	3.332220
82.147	3.551390
84.256	4.583170
86.357	3.740490
88.399	3.497540
90.480	3.917600
92.519	4.039510
94.561	3.545320
96.639	3.446960
98.701	3.725010
100.720	3.494610
102.762	3.776900
104.783	3.668600
106.828	3.417580
108.888	3.789750
110.927	3.588470
112.987	3.337310
115.029	3.405370
117.145	3.696340
119.208	3.475010
121.291	3.865590
123.330	3.589270
125.457	3.846960
127.491	3.604340
129.531	3.715350
131.601	3.699320
133.633	3.156200
135.693	3.733710
137.732	3.816570
139.779	3.343360
141.834	3.725740
143.935	3.022540
145.995	3.662020
148.016	4.123030
150.076	3.454070
152.128	3.856450
154.217	3.545770
156.256	3.860200
158.277	4.284220
160.337	3.222850
162.358	3.782700
164.398	4.122830
166.440	3.976910
168.520	3.842640
170.560	3.439040
172.643	3.708550
174.700	3.227560
176.742	3.737660
178.820	3.644940
180.903	3.696200
182.963	3.852220
185.002	3.581340
187.044	3.541280
189.084	3.780860
191.182	3.667010
193.224	3.210150
195.305	3.361250
197.344	3.685540
199.386	3.524040
201.425	3.727160
203.464	3.829920
205.506	3.224610
207.566	3.618000
209.606	4.050000
211.686	4.561140
213.728	4.037010
215.767	3.139850
217.848	3.604340
219.928	3.443330
221.968	3.545930
224.028	3.761740
226.070	3.605290
228.088	3.974240
230.169	4.010870
232.234	3.951260
234.271	3.469810
236.310	3.690450
238.329	3.544350
240.430	4.014270
242.513	3.916480
244.591	3.618610
246.656	2.990950
248.698	2.716630
250.758	3.572720
252.797	3.800670
254.847	3.706070
256.925	3.291110
258.987	3.977240
261.068	3.303600
263.146	3.066920
265.250	3.423650
267.366	3.794380
269.390	4.141820
271.504	3.294170
273.543	4.002510
275.624	3.853940
277.666	3.205230
279.705	3.950230
281.768	3.149470
283.828	2.986300
285.888	2.988750
287.989	3.835820
290.069	3.806020
292.109	3.752850
294.148	3.263390
296.208	3.940700
298.291	3.805590
300.369	4.067630
302.411	3.956550
304.471	3.333150
306.551	3.565050
308.611	3.319890
310.671	3.477090
312.713	3.645850
314.773	3.702470
316.838	3.113130
318.883	3.753500
320.932	3.730760
322.995	3.454340
325.034	4.006270
327.133	3.705270
329.236	3.605890
331.348	3.673570
333.395	4.119910
335.437	3.319410
337.517	4.402150
339.577	4.181720
341.658	3.159110
343.697	3.336660
345.739	3.845700
347.799	3.784580
349.838	3.665570
351.880	3.060540
353.940	3.366890
356.021	3.992180
358.083	3.434490
360.161	3.356530
362.242	3.837590
364.284	3.814750
366.323	3.952140
368.383	3.600160
370.425	3.289140
372.503	3.194740
374.586	3.572000
376.664	4.225650
378.685	3.800260
380.725	3.506370
382.787	3.146310
384.868	3.735710
386.928	3.597310
388.987	4.023870
391.050	3.239580
393.128	3.663970
395.190	3.190080
397.271	3.718110
399.290	3.715460
401.329	3.114710
403.415	3.718480
405.472	3.854790
407.511	3.250000
409.592	3.100330
411.652	3.513990
413.673	3.911460
415.754	3.931710
417.814	3.753100
419.894	3.910530
421.934	3.670640
424.014	3.344800
426.074	3.078940
428.116	3.970680
430.135	3.762940
432.195	3.856470
434.257	3.549830
436.296	3.348360
438.315	3.329190
440.357	3.682440
442.396	4.308030
444.436	4.525030
446.488	3.614400
448.530	2.879330
450.590	3.320430
452.629	4.093310
454.689	3.583760
456.772	3.427930
458.850	3.514820
460.872	4.016810
462.911	3.410200
465.030	3.601910
467.072	3.550190
469.127	4.112680
471.210	3.677910
473.249	3.864320
475.270	3.895720
477.351	3.508640
479.390	3.747620
481.450	2.965150
483.492	3.490580
485.552	3.642210
487.573	3.371470
489.613	3.650560
491.652	4.237500
493.671	3.814580
495.741	3.892790
497.762	4.256710
499.846	3.843610
501.934	3.471620
504.014	3.921670
506.077	3.690230
508.137	3.444060
510.179	3.910660
512.298	4.155770
514.368	3.986190
516.387	3.176110
518.467	3.186500
520.532	3.453030
522.577	3.582610
524.629	3.708760
526.689	3.445470
528.731	3.416570
530.812	3.580680
532.892	3.833320
534.931	4.093760
537.033	3.943940
539.095	2.999340
541.152	3.672820
543.233	3.798970
545.275	3.524860
547.314	3.869140
549.336	3.403750
551.395	3.495220
553.455	3.496770
555.515	3.617440
557.575	3.844930
559.656	4.232340
561.716	3.870610
563.837	3.876190
565.897	3.511240
567.957	3.655610
569.999	4.087660
572.039	3.200220
574.078	3.392340
576.120	3.407970
578.190	3.650410
580.232	3.649470
582.310	3.793300
584.393	3.973060
586.432	3.278750
588.472	3.638860
590.493	3.963210
592.574	3.494420
594.634	2.778040
596.714	3.263150
598.795	3.374530
600.875	3.590140
602.935	3.755890
604.995	4.375990
607.037	3.949920
609.097	3.536850
611.175	3.273150
613.237	3.241430
615.305	3.266780
617.347	3.678730
619.386	3.810630
621.428	3.672610
623.532	3.599250
625.587	3.830430
627.670	4.028080
629.709	3.859980
631.849	3.214230
633.937	3.150810
636.087	3.270850
638.160	3.753560
640.220	4.062670
642.259	3.839840
644.319	3.671490
646.382	3.917850
648.442	3.267760
650.481	3.250940
652.567	3.868120
654.642	3.084900
656.723	3.041930
658.762	4.011480
660.804	3.433470
662.864	3.820150
664.885	4.833070
666.966	4.037580
669.026	3.748910
671.047	3.476140
673.125	3.165990
675.187	3.195520
677.206	4.059980
679.328	3.402810
681.406	3.477100
683.520	3.340760
685.567	3.805510
687.606	3.637550
689.646	3.728850
691.687	4.074320
693.768	3.080500
695.810	3.023450
697.888	3.409250
699.968	3.995890
702.031	3.123160
704.109	3.827270
706.151	3.966350
708.190	3.478080
710.211	3.870460
712.287	3.955380
714.388	3.805910
716.468	3.934450
718.510	3.293550
720.593	3.675380
722.689	3.508850
724.752	3.839660
726.851	3.279130
728.913	3.605180
730.952	3.577150
732.992	3.202180
735.085	3.561330
737.122	4.233650
739.154	3.191620
741.193	3.203680
743.273	3.698970
745.349	3.972440
747.447	4.014380
749.489	3.463180
751.570	3.722800
753.640	3.794480
755.723	3.686370
757.806	3.710410
759.843	3.801120
761.882	3.753750
763.924	3.492830
765.984	3.118010
768.065	3.134520
770.145	3.705760
772.226	3.624180
774.306	4.028630
776.346	4.165860
778.385	3.349480
780.448	3.814010
782.489	3.341770
784.629	3.896680
786.669	4.123990
788.749	3.588140
790.809	3.649300
792.869	3.494880
794.908	3.736760
796.989	3.918320
799.031	4.079400
801.070	3.945640
803.130	3.365410
805.211	3.259930
807.288	3.305890
809.369	3.496400
811.411	3.529140
813.471	3.330790
815.551	3.482820
817.611	3.319090
819.653	3.693650
821.672	3.692770
823.753	3.979360
825.812	4.332460
827.893	3.813730
829.914	3.728330
831.974	3.531170
834.073	3.745400
836.135	3.300900
838.216	3.687710
840.258	3.690280
842.318	3.387220
844.398	3.888510
846.458	4.024740
848.498	3.804620
850.539	3.141620
852.579	3.541500
854.621	3.723550
856.701	3.243190
858.800	3.451000
860.842	3.193610
862.902	4.227790
864.962	4.069290
867.024	3.478760
869.084	3.194180
871.144	3.811180
873.232	3.947950
875.292	4.219720
877.334	3.693980
879.394	3.767000
881.454	4.006720
883.555	3.824120
885.597	3.676000
887.616	3.336210
889.676	3.544620
891.738	3.492920
893.777	3.219210
895.817	3.161820
897.897	3.659040
899.957	3.827070
901.999	3.157120
904.039	3.595560
906.101	3.630870
908.143	4.323170
910.203	3.333210
912.263	3.627710
914.343	3.264650
916.463	4.329310
918.504	4.002610
920.588	3.803400
922.714	3.194780
924.777	4.025670
926.816	3.491580
928.856	3.213150
930.877	3.062750
932.957	2.602310
935.079	3.054050
937.119	3.994460
939.178	3.795580
941.241	3.999710
943.280	3.979840
945.340	4.437890
947.382	3.022440
949.501	3.556850
951.523	3.937640
953.562	4.433140
955.643	4.131230
957.702	3.298060
959.742	3.365070
961.784	3.626400
963.864	3.755250
965.942	2.994240
967.984	3.903040
970.044	3.744170
972.086	4.261440
974.185	3.494050
976.244	3.219920
978.307	3.332180
980.326	3.787000
982.365	4.000330
984.407	3.887530
986.446	3.390720
988.519	3.629010
990.638	3.181170
992.680	3.982990
994.720	3.925950
996.779	3.559490
998.819	3.530620
1000.840	3.401650
1002.941	3.416910
1004.975	3.402320
1007.061	3.140710
1009.144	3.276380
1011.181	3.268420
1013.244	3.493910
1015.324	3.897120
1017.402	3.874690
1019.444	3.441390
1021.465	3.741360
1023.543	3.540720
1025.631	3.168210
1027.666	3.543330
1029.705	4.360890
1031.747	4.139650
1033.786	3.718140
1035.846	3.416550
1037.886	3.932750
1039.974	3.541710
1042.013	3.646880
1044.073	3.750610
1046.112	3.295120
1048.193	2.962410
1050.273	3.273900
1052.349	3.646860
1054.388	3.119000
1056.469	3.510060
1058.549	4.022400
1060.591	3.252210
1062.669	3.684390
1064.729	2.968600
1066.810	3.789070
1068.870	3.799050
1070.911	3.268500
1072.971	3.332810
1075.031	3.827250
1077.053	3.640760
1079.133	3.256380
1081.211	3.727640
1083.253	3.383800
1085.292	3.560420
1087.334	3.127800
1089.374	3.796890
1091.395	3.846300
1093.434	3.444370
1095.520	3.384210
1097.600	3.740080
1099.660	3.460630
1101.720	3.693340
1103.762	3.333980
1105.843	3.568760
1107.882	3.552410
1109.942	3.510760
1112.025	3.631080
1114.062	3.784950
1116.122	4.131000
1118.164	4.346640
1120.203	3.970140
1122.224	3.985310
1124.323	3.052630
1126.386	3.530070
1128.430	3.352630
1130.485	4.214740
1132.545	3.369320
1134.587	3.493730
1136.647	3.450550
1138.686	4.125860
1140.728	3.595680
1142.806	3.322050
1144.868	3.522530
1146.908	3.451910
1148.978	3.421800
1151.038	3.105730
1153.098	3.652530
1155.178	4.107700
1157.220	3.292350
1159.301	4.043650
1161.340	3.364510
1163.390	3.533640
1165.473	3.358640
1167.631	3.976550
1169.693	3.884860
1171.833	3.783460
1173.872	3.366890
1175.973	3.622010
1178.015	3.591500
1180.093	3.813760
1182.135	2.978890
1184.174	4.036040
1186.255	4.402610
1188.297	3.691250
1190.375	3.488930
1192.417	3.585010
1194.497	3.777310
1196.539	3.797670
1198.579	3.351390
1200.677	3.623070
1202.737	3.721950
1204.779	3.307690
1206.880	3.430980
1208.919	3.403730
1211.000	3.226520
1213.039	3.446160
1215.081	3.608170
1217.159	3.349530
1219.240	3.570430
1221.302	3.026620
1223.421	2.987340
1225.461	3.675120
1227.541	3.836910
1229.583	3.291950
1231.643	3.862690
1233.744	4.088180
1235.763	2.983530
1237.823	3.493820
1239.862	4.281980
1241.884	3.840670
1243.926	4.042230
1246.037	3.589960
1248.076	3.918200
1250.118	3.854690
1252.178	3.751700
1254.217	3.521860
1256.319	3.491190
1258.358	3.657950
1260.400	3.679060
1262.439	3.521120
1264.461	3.502510
1266.500	3.975500
1268.601	3.629420
1270.640	3.304160
1272.721	3.854980
1274.760	3.267700
1276.869	3.486860
1278.929	3.922490
1280.968	3.552150
1283.010	3.931760
1285.050	3.718290
1287.130	3.653750
1289.169	3.876470
1291.191	3.550660
1293.292	3.818110
1295.352	3.283770
1297.394	3.420630
1299.456	3.542600
1301.534	3.601040
1303.615	3.545480
1305.675	3.760290
1307.714	3.756040
1309.815	3.328710
1311.857	3.790560
1313.896	4.021640
1315.936	3.460180
1318.016	4.033960
1320.117	3.528210
1322.198	3.392570
1324.217	3.535700
1326.297	3.164890
1328.339	4.197610
1330.378	3.087370
1332.438	4.049970
1334.501	3.933800
1336.607	3.367360
1338.649	2.673180
1340.668	3.408960
1342.689	3.861760
1344.783	3.567860
1346.863	3.738130
1348.923	3.121390
1350.965	3.675180
1353.064	3.504490
1355.105	3.535370
1357.165	3.499760
1359.205	3.683880
1361.247	3.890260
1363.327	3.448190
1365.366	3.842820
1367.406	3.906310
1369.486	3.085360
1371.546	3.517020
1373.588	3.048410
1375.669	3.883390
1377.749	3.266230
1379.830	3.075550
1381.890	3.703450
1383.929	4.387140
1385.989	3.928330
1388.031	3.892580
1390.091	3.619700
1392.171	3.177350
1394.211	2.967540
1396.232	3.701100
1398.271	3.564570
1400.339	3.741620
1402.381	3.345190
1404.462	3.852010
1406.545	4.129740
1410.626	3.654430
1412.686	3.703730
1414.808	3.409160
1416.849	3.139960
1418.889	3.592510
1420.969	3.712500
1423.029	3.444760
1425.071	3.150090
1427.131	3.765540
1429.209	3.772910
1431.251	3.433810
1433.311	3.429420
1435.371	3.347460
1437.413	3.746370
1439.473	3.780920
1441.494	2.940980
1443.554	3.632230
1445.614	3.736280
1447.656	3.925300
1449.734	3.642720
1451.809	3.948880
1453.877	4.274100
1455.957	3.652330
1458.017	3.606890
1460.059	3.361580
1462.114	3.523250
1464.153	3.247580
1466.254	3.600370
1468.294	3.584970
1470.354	3.842380
1472.378	3.471740
1474.468	3.957250
1476.508	3.968850
1478.568	3.283210
1480.607	3.622120
1482.652	3.328200
1484.748	3.187980
1486.807	3.138730
1488.909	4.015380
1490.969	3.785910
1493.008	3.947900
1495.073	4.017730
1497.169	3.709120
1499.291	3.128230
1501.351	3.536080
1503.375	3.215680
1505.455	4.366980
1507.536	3.653240
1509.554	3.602370
1511.614	2.936550
1513.654	3.787630
1515.739	3.691850
1517.779	3.379510
1519.916	3.175830
1521.955	3.545690
1524.015	4.062970
1526.075	3.618540
1528.140	3.276570
1530.179	3.092780
1532.265	3.156990
1534.387	3.674530
1536.447	3.620910
1538.527	4.474260
1540.567	4.325960
1542.647	3.935050
1544.707	3.548290
1546.788	3.756660
1548.868	3.215900
1550.908	3.145780
1552.952	3.914320
1555.012	3.744420
1557.051	3.409100
1559.091	3.631360
1561.171	3.719610
1563.272	3.910770
1565.332	3.883250
1567.392	3.899340
1569.432	3.151150
1571.512	3.353250
1573.536	3.883830
1575.632	3.299220
1577.697	4.231360
1579.736	3.670880
1581.837	3.271860
1583.954	3.684090
1586.019	3.684680
1588.079	3.287010
1590.139	2.784460
1592.178	3.155180
1594.259	3.337670
1596.339	3.458940
1598.379	3.536750
1600.418	3.799300
1602.457	3.862970
1604.559	3.791440
1606.608	3.575290
1608.663	3.939520
1610.661	3.461610
1612.731	3.151210
1614.812	3.667960
1616.872	4.004640
1618.932	4.022750
1620.992	3.277600
1623.093	3.154900
1625.184	4.011220
1627.254	3.508670
1629.314	3.195240
1631.374	3.643510
1633.418	3.272580
1635.478	3.063440
1637.600	3.631250
1639.681	3.913790
1641.730	3.662710
1643.759	3.793460
1645.799	3.673760
1647.858	3.420880
1649.898	3.269080
1652.004	2.989870
1654.105	3.352530
1656.145	3.697570
1658.168	3.813160
1660.228	4.006370
1662.288	3.784180
1664.348	3.558390
1666.388	3.812250
1668.448	4.108050
1670.513	3.802140
1672.531	4.166490
1674.571	3.298580
1676.631	3.048740
1678.711	2.944490
1680.792	3.698340
1682.852	3.408380
1684.912	3.425020
1686.972	3.685800
1689.042	3.393550
1691.091	3.380360
1693.115	4.140470
1695.155	3.486140
1697.194	3.300330
1699.274	3.331260
1701.314	3.670210
1703.436	3.630620
1705.516	3.205850
1707.535	4.009500
1709.574	3.501790
1711.613	3.742040
1713.704	3.587280
1715.800	3.380630
1717.860	3.337610
1719.925	3.025260
1721.960	3.652120
1724.019	3.678790
1726.100	3.565810
1728.139	3.797310
1730.179	3.556490
1732.239	3.761280
1734.309	3.665490
1736.333	3.798100
1738.372	3.532700
1740.411	4.168750
1742.513	3.733670
1744.552	3.630630
1746.653	3.718560
1748.734	3.902140
1750.773	4.006010
1752.853	3.610630
1754.955	4.024230
1756.999	3.572070
1759.033	3.575560
1761.093	3.957310
1763.153	3.730930
1765.192	3.383720
1767.278	3.324960
1769.343	3.923920
1771.424	3.618060
1773.463	3.739210
1775.528	3.603490
1777.609	3.693820
1779.669	3.050890
1781.729	3.858790
1783.789	3.306220
1785.885	3.352470
1787.929	3.150110
1790.010	3.115590
1792.090	3.225550
1794.114	3.678720
1796.174	4.084530
1798.254	4.018440
1800.294	3.094790
1802.333	3.132190
1804.383	3.576790
1806.427	4.108100
1808.472	3.409570
1810.526	3.418530
1812.597	3.926450
1814.677	3.948620
1816.753	3.863100
1818.813	3.587860
1820.893	4.010340
1822.953	3.776860
1825.018	3.378170
1827.119	3.190620
1829.200	3.666500
1831.239	3.649740
1833.340	3.721220
1835.421	3.490310
1837.440	3.534120
1839.500	3.190770
1841.580	4.067040
1843.625	4.183130
1845.664	4.022240
1847.744	3.242480
1849.784	3.645140
1851.864	3.839400
1853.924	3.340810
1855.984	3.558600
1858.044	3.691620
1860.063	3.426910
1862.107	3.301500
1864.147	3.353810
1866.207	3.796380
1868.225	3.519130
1870.306	3.288720
1872.350	3.309220
1874.410	3.630630
1876.450	3.786610
1878.468	3.145220
1880.549	3.054830
1882.588	3.538620
1884.628	4.190400
1886.688	3.964830
1888.747	3.968180
1890.792	3.333310
1892.852	3.601060
1894.891	3.271200
1896.961	3.462820
1899.042	3.390020
1901.102	3.590700
1903.141	3.612890
1905.222	3.608770
1907.282	3.482620
1909.362	3.792920
1911.422	4.213920
1913.503	3.721640
1915.521	3.631510
1917.587	3.578810
1919.626	3.246650
1921.686	3.232950
1923.746	3.274980
1925.785	3.329630
1927.866	4.450610
1929.926	3.951420
1932.006	3.532950
1934.045	3.428950
1936.085	3.253890
1938.150	3.987680
1940.189	4.504980
1942.249	3.184230
1944.294	3.208780
1946.333	3.558790
1948.372	3.927160
1950.412	3.438330
1952.461	2.857930
1954.521	2.985990
1956.591	3.577560
1958.672	3.410760
1960.732	3.481770
1962.751	3.601040
1964.811	3.442300
1966.891	3.821670
1968.956	3.444480
1970.996	4.035670
1973.035	4.088870
1975.054	3.741240
1977.114	3.433500
1979.194	3.334820
1981.259	4.564560
1983.278	3.456160
1985.317	3.852970
1987.377	3.284780
1989.458	3.565740
1991.497	3.132240
1993.557	3.127570
1995.617	3.871910
1997.697	4.402270
1999.799	3.670260
2001.859	2.618300
2003.913	3.860420
2006.009	3.110250
2008.054	3.788130
2010.093	3.215110
2012.112	3.805480
2014.259	3.200180
2016.299	3.327310
2018.400	3.413700
2020.460	3.892600
2022.499	3.863740
2024.544	3.527550
2026.604	3.500910
2028.663	3.384210
2030.682	3.723960
2032.763	3.206690
2034.781	3.161030
2036.867	3.412700
2038.943	3.248860
2041.002	3.933820
2043.047	3.681830
2045.086	4.000760
2047.167	4.315190
2049.206	3.758350
2051.266	3.676760
2053.326	3.567200
2055.371	3.441020
2057.467	3.796010
2059.506	3.911040
2061.566	4.039490
2063.626	3.524980
2065.686	3.647050
2067.746	4.144510
2069.764	3.862920
2071.845	3.019450
2073.951	3.241590
2076.052	3.280490
2078.117	3.743650
2080.157	3.144080
2082.237	3.584950
2084.297	3.753330
2086.414	3.489250
2088.438	3.316450
2090.482	3.470750
2092.542	3.714010
2094.617	3.791690
2096.641	3.949430
2098.681	3.850810
2100.741	3.530370
2102.801	3.124040
2104.840	3.539620
2106.900	4.208780
2109.001	3.674230
2111.082	3.265550
2113.121	3.353370
2115.165	3.356300
2117.277	4.353060
2119.337	3.529190
2121.397	3.844570
2123.436	3.253210
2127.566	3.452560
2129.585	3.274030
2131.665	4.149350
2133.731	3.761730
2135.796	3.127880
2137.892	3.348420
2139.936	3.825980
2142.017	3.857630
2144.077	4.072980
2146.116	3.914310
2148.140	3.582830
2150.179	4.217900
2152.218	3.539590
2154.258	3.221050
2156.318	3.054650
2158.357	3.177430
2160.417	3.361130
2162.498	3.895400
2164.619	3.733150
2166.659	3.496880
2168.739	3.688490
2170.799	3.201230
2172.864	3.547400
2174.904	3.607040
2176.943	3.523060
2178.982	3.908150
2181.063	3.605580
2183.143	3.155380
2185.183	3.630830
2187.304	3.184770
2189.328	3.900300
2191.424	3.922940
2193.469	3.597500
2195.508	3.283830
2197.568	3.720490
2199.628	3.998110
2201.667	3.500180
2203.707	3.639160
2205.746	3.039130
2207.842	3.719730
2209.881	3.710580
2212.024	3.738080
2214.073	3.520490
2216.118	3.132150
2218.209	3.768890
2220.248	3.938910
2222.349	3.591890
2224.409	3.592940
2226.489	4.019650
2228.529	3.647600
2230.548	3.549450
2232.587	3.869670
2234.667	2.874240
2236.733	2.464980
2238.808	3.423200
2240.868	3.924090
2242.954	4.209860
2245.013	3.350810
2247.032	3.628790
2249.113	4.053200
2251.193	4.053610
2253.212	3.666200
2255.339	3.602190
2257.383	3.688840
2259.479	3.938210
2261.519	3.804530
2263.584	3.167100
2265.623	3.956140
2267.662	3.374790
2269.743	3.654180
2271.803	3.736520
2273.883	3.716710
2275.969	3.408560
2277.988	3.389670
2280.048	3.678310
2282.108	3.325590
2284.127	3.031010
2286.207	3.367440
2288.288	3.608430
2290.348	4.182020
2292.392	3.695240
2294.431	3.642590
2296.527	3.080830
2298.572	3.451420
2300.668	3.489530
2302.790	3.473070
2304.834	3.188190
2306.915	3.459150
2308.974	3.845340
2311.014	3.346820
2313.053	3.458810
2315.134	3.951280
2317.230	3.616360
2319.269	3.558820
2321.308	3.576110
2323.389	4.252330
2325.469	3.855430
2327.509	3.470020
2329.553	3.457010
2331.613	3.961350
2333.653	3.685970
2335.692	3.811130
2337.731	3.364140
2339.791	3.317550
2341.851	3.722480
2343.896	3.760260
2345.935	3.425160
2347.995	3.668870
2350.014	3.556190
2352.058	3.326440
2354.133	3.038310
2356.178	3.618730
2358.295	3.780670
2360.318	3.867370
2362.358	3.694100
2364.418	2.926930
2366.462	3.441110
2368.558	3.802000
2370.577	3.912490
2372.616	3.191160
2374.717	3.480630
2376.777	3.509200
2378.858	3.449160
2380.938	3.840880
2382.978	3.959100
2385.063	3.618670
2387.082	3.853950
2389.163	3.600700
2391.279	4.319460
2393.324	3.271150
2395.420	3.856540
2397.475	3.586410
2399.483	3.677980
2401.522	3.932020
2403.567	3.641680
2405.606	3.675200
2407.645	2.948990
2409.736	3.069690
2411.796	3.375160
2413.877	3.710070
2415.937	3.632170
2418.012	3.785070
2420.072	3.974460
2422.117	3.505550
2424.176	4.161930
2426.226	3.543450
2428.296	3.714690
2430.356	3.108180
2432.396	3.511410
2434.492	3.576920
2436.552	3.184440
2438.627	3.722170
2440.651	3.739280
2442.670	3.440780
2444.735	3.437160
2446.815	4.180750
2448.875	3.635420
2450.956	3.922960
2452.974	4.028550
2455.075	3.681820
2457.115	3.885520
2459.216	3.518730
2461.255	2.905790
2463.295	3.201140
2465.396	3.240770
2467.456	4.112340
2469.495	3.271010
2471.555	4.062830
2473.620	3.227300
2475.659	3.732290
2477.740	3.926660
2479.800	3.425830
2481.911	3.746970
2483.940	4.071250
2486.000	3.808060
2488.040	3.699010
2490.141	4.080820
2492.180	4.033330
2494.261	3.692370
2496.341	3.727340
2498.381	2.972460
2500.466	3.672640
2502.506	3.576630
2504.565	4.101290
2506.625	3.500820
2508.644	3.330040
2510.704	3.463500
2512.785	3.089010
2514.845	3.958760
2516.884	3.294550
2518.970	3.025750
2521.045	3.260320
2523.131	3.680120
2525.170	3.359450
2527.209	3.517510
2529.269	3.764570
2531.309	4.436100
2533.348	3.845000
2535.408	3.432180
2537.468	3.121100
2539.528	3.252950
2541.624	2.884880
2543.668	3.182580
2545.738	4.115370
2547.767	4.075870
2549.807	3.330130
2551.867	4.057460
2553.947	4.173440
2555.987	3.495400
2558.047	3.368800
2560.107	4.041640
2562.187	3.436610
2564.273	3.519280
2566.312	3.686900
2568.357	3.624400
2570.427	3.723370
2572.471	3.919970
2574.552	3.237750
2576.591	3.289240
2578.672	3.146690
2580.732	3.742070
2582.771	3.838740
2584.831	3.617340
2586.891	3.904110
2588.951	3.776620
2591.011	4.660560
2593.071	3.950830
2595.095	3.978340
2597.154	3.114080
2599.214	3.412630
2601.295	2.850410
2603.334	3.469150
2605.415	4.139850
2607.475	4.121510
2609.535	3.187920
2611.595	3.809870
2613.639	3.433210
2615.725	3.126290
2617.841	3.267180
2619.886	3.194990
2621.925	3.853040
2624.006	3.419770
2626.086	3.577470
2628.126	3.777870
2630.227	4.047640
2632.266	3.473870
2634.347	3.408010
2636.437	3.145190
2638.508	3.586210
2640.609	3.614370
2642.648	3.866760
2644.687	3.627470
2646.753	3.548230
2648.771	3.834820
2650.852	3.528260
2652.912	3.290180
2654.931	3.297290
2657.011	3.282690
2659.092	3.830330
2661.141	3.476110
2663.253	3.789440
2665.271	3.702500
2667.373	4.182260
2669.432	3.958810
2671.513	3.926910
2673.573	4.039140
2675.612	3.842180
2677.652	3.339420
2679.696	2.853810
2681.756	3.684480
2683.831	3.329550
2685.917	3.702100
2687.956	3.443910
2690.011	3.728420
2692.035	3.509200
2694.095	3.822550
2696.134	3.710680
2698.199	4.018320
2700.239	3.708010
2702.319	3.270330
2704.338	3.017330
2706.377	3.811880
2708.437	3.807700
2710.482	3.535260
2712.562	3.454380
2714.602	3.033310
2716.662	3.461140
2718.773	3.617610
2720.812	3.510600
2722.857	3.906870
2724.876	3.849950
2726.977	3.746680
2729.057	3.778220
2731.102	3.180020
2733.136	3.387280
2735.217	3.578990
2737.256	3.219560
2739.300	3.382620
2741.381	4.191690
2743.461	3.990870
2745.501	3.773830
2747.617	4.226950
2749.579	4.086020
2751.603	3.741100
2753.684	3.458440
2755.723	3.822840
2757.742	3.557470
2759.781	3.632110
2761.826	3.335680
2763.845	3.320010
2765.904	3.490830
2767.964	3.471210
2770.009	3.917320
2772.089	3.039570
2774.129	3.443620
2776.168	3.411690
2778.249	4.092950
2780.309	3.570410
2782.389	3.910500
2784.428	3.717030
2786.494	3.670100
2788.533	3.902750
2790.572	3.492950
2792.612	3.225830
2794.697	3.524480
2796.762	3.575570
2798.905	3.270860
2800.949	3.247450
2803.030	3.353780
2805.048	3.363040
2807.088	3.952890
2809.148	3.663880
2811.192	3.728620
2813.273	3.706410
2815.291	3.031650
2817.372	3.665670
2819.411	3.842320
2821.471	3.817760
2823.552	3.718160
2825.617	3.355260
2827.656	3.549220
2829.773	3.612710
2831.817	4.413400
2833.898	3.658940
2835.937	3.742010
2837.997	3.636220
2840.016	3.651940
2842.117	3.469370
2844.177	3.057340
2846.201	3.707450
2848.240	3.665690
2850.259	3.747590
2852.339	3.042200
2854.456	3.667840
2856.537	3.759610
2858.617	3.244390
2860.698	3.236310
2862.737	3.834620
2864.802	3.293150
2866.841	4.028530
2868.958	3.490610
2871.023	3.414560
2873.083	3.507850
2875.122	3.741280
2877.223	3.315460
2879.325	3.784870
2881.364	3.433650
2883.403	3.633930
2885.443	4.051230
2887.503	4.128630
2889.604	3.874410
2891.643	3.165390
2893.687	3.446260
2895.727	3.622870
2897.787	4.437150
2899.847	3.541680
2901.907	3.297540
2903.967	3.240410
2906.026	3.697690
2908.066	3.316520
2910.115	3.581070
2912.196	4.150900
2914.240	4.047010
2916.280	3.323370
2918.319	3.376820
2920.358	3.347530
2922.418	3.690910
2924.499	3.372190
2926.569	3.800430
2928.650	3.629900
2930.689	3.667570
2932.734	3.249080
2934.752	3.846850
2936.833	3.293760
2938.852	4.150510
2940.932	3.330190
2943.013	3.627600
2945.073	3.098180
2947.117	3.850260
2949.192	3.745070
2951.258	2.906970
2953.276	3.408040
2955.377	3.547540
2957.417	3.370510
2959.477	3.358170
2961.537	3.190630
2963.669	3.807700
2965.729	3.833590
2967.752	3.359650
2969.833	4.356540
2971.914	3.545990
2973.953	3.136200
2976.033	3.542130
2978.155	2.750490
2980.277	3.340750
2982.316	3.670840
2984.356	3.170710
2986.379	3.787880
2988.455	3.524190
2990.525	4.635810
2992.595	4.028000
2994.660	3.501010
2996.700	3.902390
2998.760	3.351990
3000.861	4.037090
3002.931	3.713700
3004.981	3.254780
3007.020	2.993380
3009.080	3.241330
3011.161	4.063000
3013.220	3.818790
3015.301	4.134160
3017.361	3.840310
3019.400	3.052220
3021.424	4.069650
3023.484	3.668380
3025.585	3.117330
3027.599	3.174310
3029.715	3.640630
3031.775	3.480940
3033.810	3.588350
3035.864	3.590730
3037.919	3.851800
3039.979	3.586210
3042.018	3.511660
3044.078	3.426880
3046.143	3.881890
3048.239	3.647620
3050.243	3.975140
3052.359	3.526880
3054.409	3.247420
3056.484	3.473680
3058.544	3.743950
3060.604	3.640870
3062.664	3.872690
3064.745	2.996800
3066.825	3.041820
3068.885	3.786070
3070.966	3.545370
3073.005	3.568310
3075.044	3.801810
3077.109	3.317930
3079.190	3.841210
3081.250	3.671980
3083.336	3.243110
3085.349	4.158040
3087.414	3.767770
3089.557	3.291270
3091.616	3.720430
3093.682	3.769120
3095.741	4.006670
3097.843	3.538650
3099.882	3.975710
3101.942	4.042430
3103.981	3.833400
3106.005	3.574980
3108.044	3.408180
3110.084	3.370070
3112.144	3.144590
3114.183	3.542840
3116.202	3.583180
3118.246	3.850280
3120.322	3.506690
3122.366	3.518840
3124.406	3.873810
3126.486	3.623550
3128.546	3.034050
3130.606	3.819190
3132.645	3.826510
3134.726	3.472830
3136.765	2.471460
3138.804	3.580450
3140.885	3.405670
3142.950	3.780720
3145.046	3.785600
3147.091	4.227610
3149.130	3.731030
3151.231	3.495280
3153.270	3.883870
3155.330	3.351500
3157.390	3.319990
3159.450	3.543770
3161.515	3.534420
3163.534	2.977970
3165.594	3.510740
3167.695	3.760370
3169.734	3.639540
3171.774	3.884990
3173.813	3.646820
3175.858	3.175920
3177.918	3.999180
3179.957	3.522350
3181.996	3.616070
3184.036	3.729450
3186.075	3.630510
3188.140	3.034110
3190.179	3.918590
3192.239	3.447310
3194.330	4.112410
3196.369	3.894660
3198.476	3.425470
3200.536	3.256610
3202.637	3.644260
3204.697	3.425160
3206.757	3.805470
3208.801	3.729590
3210.876	3.609450
3212.936	3.440460
3215.022	3.433800
3217.082	3.176100
3219.121	3.645660
3221.181	3.543590
3223.221	3.353140
3225.260	3.516270
3227.304	3.791360
3229.380	4.210090
3231.440	4.715180
3233.484	3.640950
3235.585	4.036760
3237.645	3.693370
3239.664	3.711740
3241.703	3.072300
3243.722	4.182020
3245.782	3.190650
3247.806	3.449700
3249.887	3.714170
3251.967	3.860460
3254.048	3.894820
3256.108	3.381810
3258.167	3.462790
3260.186	3.554240
3262.272	3.377980
3264.291	3.462690
3266.351	3.709180
3268.395	3.402660
3270.507	2.878190
3272.566	3.516390
3274.611	3.813530
3276.691	3.660470
3278.731	3.266340
3280.770	3.733850
3282.835	4.197160
3284.880	3.933690
3286.940	3.272910
3289.020	3.077150
3291.080	3.665600
3293.119	3.700510
3295.221	3.189520
3297.281	3.604190
3299.320	3.647040
3301.359	3.629110
3303.429	3.836560
3305.510	3.936190
3307.549	3.601060
3309.609	4.004390
3311.669	3.700580
3313.770	3.663960
3315.830	3.384190
3317.952	3.150140
3320.012	3.615830
3322.072	3.985680
3324.173	3.301520
3326.315	3.513590
3328.355	3.560480
3330.512	3.433450
3332.557	3.382610
3334.596	3.428030
3336.656	3.692350
3338.737	3.111870
3340.797	3.516540
3342.857	3.759960
3344.917	4.082550
3346.956	3.835300
3349.016	3.096850
3351.081	4.289390
3353.141	3.650330
3355.221	3.828770
3357.302	3.478270
3359.341	3.598310
3361.381	3.489280
3363.420	3.602540
3365.480	3.580940
3367.560	3.346400
3369.620	3.537800
3371.644	3.538380
3373.709	3.794030
3375.744	3.615470
3377.783	3.696120
3379.827	3.183280
3381.903	3.363600
3383.983	3.613830
3386.048	3.687470
3388.124	3.136130
3390.215	3.235330
3392.254	3.767620
3394.309	3.951780
3396.405	3.422210
3398.470	3.647270
3400.530	3.618890
3402.548	3.760830
3404.650	3.383770
3406.694	4.069480
3408.805	3.882660
3410.773	3.814880
3412.889	3.782010
3414.913	3.432280
3416.953	3.422540
3419.033	3.493070
3421.072	3.712330
3423.132	3.525620
3425.192	3.116490
3427.232	3.529890
3429.292	3.495550
3431.352	3.459650
3433.411	3.670580
3435.435	4.214880
3437.495	3.342990
3439.555	3.605060
3441.595	3.719750
3443.634	3.963740
3445.678	3.840570
3447.738	3.568990
3449.778	3.576060
3451.838	4.000820
3453.898	3.779340
3455.957	3.569780
3458.017	3.344650
3460.057	3.337810
3462.117	3.232040
3464.171	3.729090
3466.200	3.747190
3468.260	3.333660
3470.279	3.879650
3472.339	2.861230
3474.378	3.017150
3476.444	4.403860
3478.483	4.146900
3480.589	3.157650
3482.649	3.442360
3484.735	3.259150
3486.784	3.691650
3488.886	3.580150
3490.987	3.387770
3493.026	3.630910
3495.065	3.245000
3497.084	3.843300
3499.185	3.823330
3501.204	3.560980
3503.321	3.806770
3505.406	3.034850
3507.487	3.541500
3509.505	2.966520
3511.638	3.930580
3513.656	3.789230
3515.737	3.262330
3517.817	3.536280
3519.918	3.799060
3521.999	3.764990
3524.080	3.432360
3526.139	3.192980
3528.179	3.954050
3530.239	3.582090
3532.299	3.339300
3534.338	3.793400
3536.419	3.425520
3538.458	3.951980
3540.595	3.739990
3542.660	3.147400
3544.700	3.987810
3546.759	3.963660
3548.799	3.644650
3550.838	3.789880
3552.903	3.318930
3554.943	3.142400
3557.023	3.555440
3559.083	4.040700
3561.122	4.132670
3563.187	3.860320
3565.268	3.355780
3567.343	3.331190
3569.444	3.747810
3571.577	3.476940
3573.600	3.608170
3575.676	3.880870
3577.756	3.384630
3579.780	2.877570
3581.861	3.766900
3583.921	3.895960
3585.981	3.895570
3588.025	3.469610
3590.090	3.631820
3592.140	3.766080
3594.179	3.957180
3596.239	3.854330
3598.278	3.602570
3600.344	3.758460
3602.403	3.603470
3604.463	3.552450
3606.503	4.038900
3608.583	3.300010
3610.643	2.765580
3612.683	3.604870
3614.743	3.722480
3616.802	3.075460
3618.883	3.696690
3620.943	3.811120
3622.987	3.184300
3625.027	3.347470
3627.066	3.907460
3629.126	3.154180
3631.170	3.313010
3633.210	3.540840
3635.290	3.593770
3637.330	3.469500
3639.426	3.796640
3641.465	3.263630
3643.525	3.731040
3645.569	3.786170
3647.629	3.791340
3649.705	3.265440
3651.770	3.670720
3653.830	3.608400
3655.869	3.667470
3657.950	3.269910
3660.010	3.646840
3662.049	3.675770
3664.068	2.974820
3666.133	3.676120
3668.213	3.172240
3670.273	3.445520
3672.313	3.845280
3674.393	3.192380
3676.453	3.960010
3678.513	3.731680
3680.609	3.697810
3682.669	3.598610
3684.708	3.415180
3686.789	3.195020
3688.808	4.048530
3690.929	4.164590
3692.989	4.536400
3695.029	3.305020
3697.088	3.798670
3699.133	3.504780
3701.172	3.386750
3703.191	3.892680
3705.236	3.720620
3707.331	3.451400
3709.371	3.518420
3711.410	3.778030
3713.450	3.934670
3715.494	3.754520
3717.533	4.027600
3719.573	3.719130
3721.653	3.267180
3723.693	3.705800
3725.752	3.506270
3727.818	3.301560
3729.878	3.678100
3731.937	3.863210
3733.956	3.813290
3735.996	3.604610
3738.040	3.495080
3740.141	3.198890
3742.263	3.637270
3744.302	3.248420
3746.383	3.475760
3748.504	3.379560
3750.585	3.315690
3752.666	3.933280
3754.705	3.826300
3756.765	3.875270
3758.866	3.805750
3760.926	3.032280
3762.965	3.739560
3764.989	3.611230
3767.085	3.843230
3769.130	4.148830
3771.148	3.132030
3773.229	3.720960
3775.268	3.449870
3777.308	3.462540
3779.388	3.655020
3781.433	3.206860
3783.493	3.244670
3785.552	3.706880
3787.612	3.554870
3789.698	3.850670
3791.758	3.862450
3793.839	3.482290
3795.898	3.617980
3797.938	3.544840
3800.060	3.425360
3802.099	3.824040
3804.159	3.332500
3806.239	2.998120
3808.320	3.648420
3810.359	3.855510
3812.383	4.069010
3814.464	3.564540
3816.503	3.094580
3818.522	3.119930
3820.602	3.919050
3822.642	3.476690
3824.722	3.601980
3826.803	3.730150
3828.863	3.324200
3830.902	3.516460
3833.003	3.539180
3835.042	3.922500
3837.123	3.638290
3839.203	3.458610
3841.227	3.757360
3843.308	3.482650
3845.327	3.651900
3847.371	3.715520
3849.431	3.501090
3851.491	3.594450
3853.530	3.867700
3855.590	3.771140
3857.630	3.715730
3859.777	3.762400
3861.837	3.280320
3863.897	3.711710
3865.921	3.655650
3867.945	3.439470
3870.000	3.398820
3872.080	3.871070
3874.140	3.972830
3876.231	3.706090
3878.265	3.286670
3880.346	3.585700
3882.390	3.433980
3884.491	3.768100
3886.531	3.867170
3888.590	3.382320
3890.692	2.891380
3892.731	3.358840
3894.811	3.977240
3896.830	3.421310
3898.875	3.690670
3900.914	3.583380
3902.995	3.891470
3905.013	3.624440
3907.094	3.703380
3909.174	3.016850
3911.193	3.755780
3913.238	3.737850
3915.256	3.463300
3917.337	4.187610
3919.397	3.723050
3921.436	3.553610
3923.558	3.048130
3925.618	3.369010
3927.698	3.342030
3929.738	3.211640
3931.839	2.935310
3933.899	3.543750
3935.959	4.449350
3938.019	3.729000
3940.125	3.493430
3942.180	3.882150
3944.240	3.847150
3946.279	3.466080
3948.318	3.434230
3950.399	3.184380
3952.438	4.385640
3954.503	3.442710
3956.522	3.326770
3958.582	3.233010
3960.621	3.711350
3962.666	3.676640
3964.705	3.174730
3966.765	3.441170
3968.825	3.898930
3970.885	3.467030
3972.935	3.649900
3974.964	2.903930
3976.987	3.179340
3979.047	3.424980
3981.169	2.836610
3983.208	3.389500
3985.248	4.046790
3987.308	4.075290
3989.430	4.108990
3991.489	3.910910
3993.570	4.068400
3995.630	3.852530
3997.741	2.738250
3999.827	3.490320
4001.908	3.569610
4004.004	3.870150
4006.069	3.622610
4008.129	3.491880
4010.168	3.622490
4012.212	3.768270
4014.252	3.992700
4016.312	3.890650
4018.392	3.534240
4020.411	3.792010
4022.512	3.261510
4024.551	2.652930
4026.591	3.257860
4028.630	3.538140
4030.690	3.764420
4032.714	3.704620
4034.794	3.478010
4036.875	3.306960
4038.914	3.528750
4040.990	3.287740
4043.050	3.229540
4045.110	4.070490
4047.128	4.099430
4049.219	3.772870
4051.279	3.470880
4053.360	3.670200
4055.384	4.134690
4057.485	3.142470
4059.545	3.233410
4061.646	4.114660
4063.685	3.769100
4065.704	3.757120
4067.764	3.966400
4069.808	3.482100
4071.889	3.208400
4073.949	3.494040
4075.988	3.752060
4078.089	3.630690
4080.129	3.199710
4082.188	3.591300
4084.248	4.204530
4086.313	4.040390
4088.373	2.341520
4090.413	3.145790
4092.473	3.789310
4094.564	3.393010
4096.593	3.607310
4098.673	3.394750
4100.692	3.423560
4102.736	3.485740
4104.755	3.525650
4106.851	4.484120
4108.973	3.356700
4111.053	3.679000
4113.093	3.676750
4115.132	3.532250
4117.192	3.087930
4119.257	3.768810
4121.338	3.564080
4123.377	3.447460
4125.457	3.254330
4127.538	3.564500
4129.618	3.461470
4131.678	3.550700
4133.800	3.658060
4135.839	3.799510
4137.858	3.599860
4139.918	4.100650
4141.952	3.785590
4143.987	3.519750
4146.046	3.693550
4148.086	3.890120
4150.161	3.624230
4152.242	3.076460
4154.260	3.939730
4156.346	3.774470
4158.386	3.397370
4160.471	3.448800
4162.552	3.499320
4164.653	3.982090
4166.692	3.234280
4168.711	2.973010
4170.740	3.068940
4172.846	3.714940
4174.891	4.484520
4177.012	3.815160
4179.072	3.567170
4181.122	3.706810
4183.192	4.330700
4185.252	3.774030
4187.271	3.679370
4189.393	3.598160
4191.453	3.491510
4193.492	3.341310
4195.531	3.756660
4197.632	3.683160
4199.656	3.467440
4201.696	3.689500
4203.756	4.084240
4205.816	3.357120
4207.917	3.598880
4209.956	3.082100
4212.057	2.914520
4214.117	3.485530
4216.156	3.375530
4218.196	3.740350
4220.256	3.565400
4222.300	3.472910
4224.350	3.140080
4226.410	3.522150
4228.470	3.453680
4230.509	4.112800
4232.631	3.751090
4234.691	3.880170
4236.730	3.732460
4238.790	3.573810
4240.855	3.112820
4242.936	3.308340
4244.975	3.781130
4246.994	3.975000
4249.033	3.257870
4251.057	3.283710
4253.117	3.525530
4255.156	3.801870
4257.216	3.655570
4259.255	3.010740
4261.315	3.401910
4263.375	4.368440
4265.415	3.447120
4267.459	3.865320
4269.535	3.758110
4271.615	3.705930
4273.696	3.295310
4275.740	3.652600
4277.779	3.924030
4279.860	3.817090
4281.920	2.796480
4283.980	3.320240
4286.096	3.657840
4288.115	3.580390
4290.196	4.021250
4292.302	3.610040
4294.367	3.962110
4296.473	3.027640
4298.513	3.204600
4300.593	3.377160
4302.633	3.294840
4304.713	3.591650
4306.794	3.891220
4308.854	3.973720
4310.877	2.939920
4312.917	3.570250
4314.956	3.014030
4316.995	3.625050
4319.035	3.412390
4321.115	3.918720
4323.196	3.702120
4325.235	3.373640
4327.259	3.587900
4329.298	3.427260
4331.338	3.749210
4333.377	3.506390
4335.437	3.283210
4337.518	3.559820
4339.562	3.450280
4341.601	3.601780
4343.641	3.657380
4345.706	3.876550
4347.745	3.503390
4349.877	3.863510
4351.917	3.231420
4354.018	3.488540
4356.057	3.682320
4358.101	3.661310
4360.177	3.793950
4362.263	3.219550
4364.323	3.508510
4366.362	3.366470
4368.422	3.136280
4370.549	3.745250
4372.506	4.189170
4374.545	3.315580
4376.584	3.320940
4378.675	3.958610
4380.756	4.009590
4382.857	3.316330
4384.937	3.876560
4386.977	3.369360
4389.016	4.148340
4391.138	2.982930
4393.198	3.416980
4395.258	3.411420
4397.359	3.968690
4399.419	3.690860
4401.535	3.872340
4403.575	3.406730
4405.635	3.543510
4407.715	4.222620
4409.775	3.475090
4411.835	3.786500
4413.900	3.456960
4415.960	3.455320
4418.020	3.639080
4420.131	2.873800
4422.171	3.670620
4424.251	3.641650
4426.311	3.595660
4428.371	3.507680
4430.452	3.430960
4432.512	3.951090
4434.571	3.882340
4436.631	3.484080
4438.676	3.593200
4440.695	3.537940
4442.734	3.458580
4444.773	3.417500
4446.854	3.614900
4448.940	3.878690
4450.974	3.404340
4453.018	3.845760
4455.078	3.153320
4457.117	3.007660
4459.136	3.650960
4461.227	3.748170
4463.266	3.172020
4465.326	4.227760
4467.371	3.551790
4469.431	3.353750
4471.491	4.026400
4473.530	3.193380
4475.549	3.921410
4477.629	3.760530
4479.669	3.396440
4481.718	3.978410
4483.778	3.636530
4485.859	4.252090
4487.939	3.075230
4489.958	3.548720
4492.003	3.355290
4494.062	2.905620
4496.138	3.999390
4498.203	3.645080
4500.283	3.647700
4504.403	3.368450
4506.484	3.993060
4508.544	3.804670
4510.583	3.382380
4512.622	3.490520
4514.682	3.958320
4516.763	3.254540
4518.843	3.336600
4520.903	3.157710
4522.963	3.354330
4525.028	3.500690
4527.124	3.903550
4529.190	3.393470
4531.249	3.554820
4533.309	4.005260
4535.411	3.717470
4537.460	3.965710
4539.494	3.140190
4541.534	4.021590
4543.594	4.082320
4545.633	3.300740
4547.693	3.600100
4549.753	3.385640
4551.792	3.461880
4553.857	3.490190
4555.897	3.521770
4557.941	3.801570
4560.006	3.719430
4562.102	3.359320
4564.147	3.184950
4566.186	3.059920
4568.225	3.764600
4570.265	3.545810
4572.325	3.693100
4574.364	4.022130
4576.444	3.389200
4578.510	3.146270
4580.569	3.574810
4582.609	3.592410
4584.648	3.795130
4586.688	3.576500
4588.732	3.106140
4590.771	3.854970
4592.909	3.272010
4594.963	3.162520
4597.064	3.734030
4599.088	3.576380
4601.148	3.625500
4603.208	3.748650
4605.227	3.269550
4607.307	3.363740
4609.367	3.707620
4611.407	3.832650
4613.482	3.452230
4615.511	3.548750
4617.551	3.454640
4619.590	3.339890
4621.629	3.720690
4623.674	3.261250
4625.734	3.511170
4627.773	3.605280
4629.874	4.070900
4631.934	3.994230
4633.973	4.278820
4636.054	4.010770
4638.114	3.970730
4640.174	3.110250
4642.295	3.145260
4644.345	3.233980
4646.395	3.710170
4648.414	3.193870
4650.515	3.022360
4652.559	4.155770
4654.676	3.860840
4656.720	3.678100
4658.837	3.712580
4660.928	3.694170
4662.982	3.836630
4665.022	3.848880
4667.082	3.659400
4669.162	3.943530
4671.202	3.687380
4673.323	3.453610
4675.363	3.317080
4677.423	3.423860
4679.503	3.194190
4681.584	3.571160
4683.644	3.453760
4685.683	4.072130
4687.722	3.854710
4689.803	3.722910
4691.847	3.378710
4693.887	3.415100
4695.926	3.627100
4697.965	3.552390
4700.025	4.022630
4702.065	3.426060
4704.130	3.704410
4706.210	3.051620
4708.286	3.485000
4710.330	3.847830
4712.390	3.520170
4714.450	3.638310
4716.551	3.691310
4718.611	3.601280
4720.650	3.443180
4722.690	3.647370
4724.729	3.755640
4726.810	3.979540
4728.869	3.501690
4730.950	3.588130
4732.994	3.700110
4735.054	3.789510
4737.094	3.173060
4739.154	3.424030
4741.193	3.596220
4743.212	3.785900
4745.292	3.796380
4747.352	3.874240
4749.433	3.112980
4751.477	3.289190
4753.578	3.880100
4755.597	4.047570
4757.657	3.296930
4759.676	3.558940
4761.756	2.724340
4763.816	3.630780
4765.861	3.699700
4767.941	4.030300
4769.981	3.234680
4772.041	3.112680
4774.116	2.976440
4776.176	3.089840
4778.287	3.910090
4780.368	4.194690
4782.428	4.492220
4784.488	3.739740
4786.568	3.630140
4788.628	3.528010
4790.714	3.820700
4792.789	3.819260
4794.829	3.458120
4796.873	3.852190
4798.933	3.428270
4800.972	3.504590
4803.032	2.948850
4805.072	3.584230
4807.096	3.900090
4809.176	4.471990
4811.215	3.382020
4813.275	2.877740
4815.335	3.483780
4817.395	3.711490
4819.476	3.540610
4821.520	3.697100
4823.621	3.424200
4825.681	4.229900
4827.762	3.717580
4829.858	3.657760
4831.938	3.716340
4833.978	3.911100
4836.027	3.627740
4838.108	3.741630
4840.147	3.485070
