Elapsed time [s]	Value [0,1500]
0.000	450.0780
0.314	450.0130
2.371	449.9680
6.491	449.8530
8.551	449.8070
10.613	449.9380
16.801	450.0020
18.861	450.1070
20.923	450.0530
23.019	450.1700
25.058	450.0720
31.179	449.9820
47.774	449.9360
55.958	450.0200
62.199	450.0780
64.238	450.0020
78.601	449.8610
80.659	449.9680
88.883	450.0640
93.119	449.9150
97.223	450.0010
101.379	450.0660
105.520	449.9740
111.702	450.0520
113.762	450.0030
115.783	449.9430
119.844	450.0470
123.984	449.9250
128.104	449.8460
130.185	449.9960
136.375	450.0700
138.435	450.1380
144.630	450.0250
148.709	450.0950
150.771	449.9950
152.831	449.8880
161.071	449.7950
163.131	449.9740
167.279	450.0200
169.313	450.0840
171.353	450.1410
175.514	450.0840
183.759	450.0370
185.839	449.9530
194.076	449.8970
196.118	449.9760
206.364	450.0600
212.520	449.9760
216.599	450.0220
230.841	449.9260
239.153	450.0050
245.353	450.1110
253.598	449.9370
255.640	450.0070
261.822	449.9130
267.997	450.0140
278.348	450.1150
282.427	450.0080
290.690	449.8990
294.771	449.9710
296.849	450.0410
298.891	449.9920
305.071	450.0610
309.173	449.9700
313.300	450.0240
319.521	449.9380
321.555	450.0390
323.615	449.9830
329.780	449.9090
333.879	449.8550
335.957	450.0350
340.077	449.9610
342.119	450.0310
346.218	450.0970
350.338	450.0420
362.762	449.9090
373.044	450.1070
375.085	450.0550
379.285	450.0000
383.366	449.9110
385.465	449.9930
387.574	449.8910
389.634	450.0050
391.676	450.0840
395.796	450.0040
404.056	449.9520
408.137	449.9990
418.439	450.0460
420.481	449.9550
422.541	450.0980
428.682	449.9830
434.901	449.8880
436.940	449.9580
439.062	450.0140
441.142	449.9260
443.202	449.8480
445.224	449.9410
447.284	450.0080
449.344	449.9530
453.502	450.0060
455.637	450.1150
459.697	450.0470
461.739	450.1050
467.898	450.0140
469.961	449.9550
474.040	449.8500
476.087	449.9550
478.185	449.8970
480.227	449.9520
484.368	449.8570
486.407	449.9550
492.610	450.0410
494.693	450.1140
500.894	450.2070
503.015	450.1140
505.075	449.9920
507.135	449.9120
509.195	449.8400
511.255	449.9010
513.297	449.9650
515.375	450.0350
517.437	449.9640
521.516	450.0130
523.630	449.9590
529.699	450.0080
533.878	449.9480
535.938	450.0060
538.003	450.0710
540.043	449.9980
542.103	450.0940
546.204	449.9710
548.264	450.0670
550.384	449.9950
562.787	449.9020
566.999	450.0240
573.156	449.9110
575.237	450.0380
583.497	450.1170
587.578	450.0070
593.761	449.8870
597.880	449.9400
601.980	449.9910
610.163	450.0380
618.325	450.0870
622.427	450.0310
624.508	449.9110
626.588	449.9720
630.742	449.8810
636.870	449.9980
640.951	450.0890
651.202	450.1670
653.337	450.0060
657.402	449.9290
659.444	449.8620
661.504	449.9180
669.708	450.0100
673.797	449.9180
675.906	450.0670
682.047	450.1340
684.127	450.0610
686.200	449.9990
688.260	450.1210
690.320	450.0460
694.481	449.9250
698.604	449.8740
700.664	449.8210
702.765	449.9140
706.885	450.0180
713.067	450.0860
715.186	450.0160
717.228	450.1510
725.488	450.0290
727.569	449.9430
731.650	449.8850
735.791	449.7910
739.893	449.8910
741.937	450.0240
746.062	450.1120
748.122	450.1750
750.161	450.0870
752.203	450.1360
756.282	450.0630
760.422	449.9960
764.542	449.9150
766.584	449.8020
768.603	449.9540
770.645	449.8970
774.783	449.9470
778.882	450.0110
780.944	450.0800
783.022	450.1300
787.124	450.1920
789.184	450.1020
791.244	450.0320
793.286	449.9860
801.611	449.9090
803.671	449.8570
805.774	449.9180
815.997	450.0880
818.036	450.0250
826.356	450.1070
828.395	450.0590
830.437	449.9730
832.476	450.0450
834.575	449.9550
838.718	449.8880
840.737	449.9630
846.960	450.0790
849.061	450.0160
853.202	449.9340
855.259	449.9850
857.360	450.0340
865.608	449.9830
867.665	450.0620
869.707	449.9020
875.941	449.9600
882.113	450.1180
888.311	450.0630
890.355	450.0130
896.535	450.1000
898.616	449.9400
906.858	449.8640
911.037	449.9350
915.139	449.9940
917.199	450.0480
923.381	450.1410
927.542	450.0370
929.582	449.9640
933.684	449.9120
937.783	449.9590
939.884	449.8950
941.926	449.9980
948.126	450.0650
950.207	450.1110
954.327	450.1620
956.389	450.0630
962.590	450.0020
964.670	449.8880
974.970	449.9800
983.233	450.0690
987.322	450.1760
991.421	450.1160
995.580	450.0210
999.679	449.9730
1005.820	449.8070
1009.948	449.8910
1016.084	450.0110
1018.123	450.1290
1026.306	450.2060
1028.366	450.1330
1030.447	450.0540
1034.572	449.9940
1036.668	449.9070
1038.728	449.8380
1040.831	449.7740
1042.868	449.8560
1044.912	449.9150
1046.972	449.9970
1049.009	450.0950
1059.211	450.0130
1061.271	449.9640
1065.362	449.9020
1069.544	449.9640
1071.622	450.0340
1075.706	450.1190
1079.885	449.9760
1086.067	449.9050
1088.148	449.9510
1094.312	449.8860
1096.354	449.9600
1098.419	450.0840
1100.448	449.9990
1104.609	450.0950
1106.677	450.0400
1118.998	449.9700
1123.082	450.0280
1125.098	449.9770
1129.174	449.8450
1131.273	449.9780
1135.395	450.0430
1137.414	450.0910
1139.476	449.9920
1158.080	450.0830
1160.174	449.9310
1164.296	449.9930
1168.434	449.9270
1170.494	450.0010
1182.838	450.0590
1187.020	449.9830
1193.122	450.0900
1195.182	450.0350
1197.252	449.9830
1205.495	449.9130
1207.537	449.8190
1209.676	449.9100
1211.716	449.9620
1215.838	450.0290
1217.919	450.0880
1219.979	450.1950
1222.000	450.1220
1224.060	450.0550
1232.225	450.0080
1234.288	449.9410
1236.345	449.8480
1238.384	449.7640
1240.485	449.8330
1242.525	449.9030
1246.606	450.0720
1250.806	450.2120
1257.009	450.0750
1259.069	449.9350
1269.389	449.8640
1275.551	449.9670
1279.653	450.0580
1281.733	450.1200
1285.832	450.1720
1289.934	450.0290
1291.994	449.9650
1296.155	449.8780
1298.215	449.9410
1302.356	449.8610
1306.499	449.9630
1310.598	450.0530
1312.658	450.1240
1314.700	450.0350
1325.020	450.1100
1327.085	449.9830
1333.224	449.9270
1347.708	450.0250
1351.786	450.0960
1353.826	449.9810
1355.927	450.0920
1360.026	449.9620
1362.107	450.0610
1366.208	450.0130
1370.390	449.9430
1374.510	449.9900
1386.795	450.1370
1388.852	450.0030
1392.954	450.0630
1395.014	449.9960
1397.095	449.9430
1401.235	450.0040
1409.511	450.0740
1413.592	450.0200
1421.832	449.9430
1423.892	450.0280
1425.934	449.9680
1432.075	450.0420
1444.417	449.9560
1448.536	450.0190
1450.596	449.9720
1452.659	449.8670
1456.797	450.0620
1467.094	450.0140
1473.279	449.9320
1477.363	450.0390
1485.561	449.9420
1489.738	449.9260
1495.840	449.9720
1499.940	450.0430
1504.044	450.0990
1508.164	450.0020
1518.422	449.9160
1524.643	449.9880
1526.703	450.0570
1537.044	449.9540
1539.104	449.9080
1541.164	449.9800
1547.364	450.0470
1551.505	450.0980
1553.534	450.1840
1555.589	449.9840
1563.829	449.8970
1565.930	449.8310
1567.990	449.8760
1570.034	449.9990
1572.089	450.0600
1578.212	450.1240
1584.443	450.0330
1588.558	449.8910
1596.839	449.9820
1598.899	450.0340
1603.024	449.9750
1605.084	450.0450
1609.188	450.0960
1613.267	450.0480
1615.327	449.9850
1619.426	450.0470
1621.481	450.0010
1623.525	449.9280
1629.736	449.8570
1631.822	449.9810
1633.877	450.0300
1638.038	450.1930
1642.199	450.1460
1644.259	450.0160
1650.480	449.8500
1652.545	449.8980
1656.721	449.9820
1671.125	450.0450
1673.206	449.9900
1687.595	450.0410
1689.634	450.0990
1691.694	450.0440
1693.733	450.1240
1697.874	450.0760
1699.954	449.9770
1701.999	449.8840
1704.038	449.9350
1708.179	449.8580
1710.259	449.9600
1718.514	450.0490
1722.624	450.1210
1726.749	450.0070
1739.145	449.9390
1741.184	450.0290
1747.384	449.9540
1751.489	450.0480
1753.513	449.9670
1755.552	450.0170
1757.674	449.9400
1759.728	449.8890
1763.812	450.0180
1774.112	450.0690
1776.203	449.9750
1778.263	450.0410
1782.403	450.0990
1786.502	450.0180
1790.648	449.9190
1792.703	449.8450
1796.849	449.9240
1798.924	450.0660
1803.008	450.0080
1805.088	449.9610
1809.167	450.0430
1813.307	449.9810
1821.604	450.0690
1827.820	449.9850
1838.104	449.9390
1842.203	450.0180
1852.523	450.0940
1854.599	450.0110
1856.623	449.9650
1858.662	449.8880
1862.782	450.0190
1868.885	449.9460
1870.929	450.0210
1877.140	449.9450
1879.220	450.0040
1883.356	450.0550
1887.434	449.9870
1891.497	450.0440
1893.619	450.0940
1895.659	449.9660
1899.763	449.9170
1905.938	449.9660
1907.977	450.0480
1910.021	449.9800
1918.220	450.0540
1930.605	449.9340
1938.922	449.9850
1940.982	449.8800
1943.022	449.9430
1945.087	450.0230
1947.152	449.9740
1953.352	450.0810
1963.631	450.0050
1969.739	449.8730
1977.943	450.0250
1980.080	449.9150
1982.124	449.9670
1986.265	450.0370
1988.325	450.0840
1992.465	450.1870
1996.544	450.1120
2000.705	449.9300
2002.744	449.8850
2010.907	449.9440
2012.987	450.0060
2017.148	449.9250
2019.255	450.0330
2023.411	450.1190
2033.674	450.0170
2037.753	449.8330
2039.813	449.8970
2041.899	449.8320
2043.974	449.9800
2046.034	449.8490
2048.135	449.9630
2052.219	450.0470
2054.258	450.1450
2058.404	450.0580
2060.479	450.1730
2062.519	450.1060
2066.644	450.0470
2070.722	449.9560
2072.762	449.8230
2076.881	449.9210
2085.080	450.0170
2087.119	450.1170
2099.505	450.0570
2101.529	449.9400
2103.609	449.8750
2105.674	449.7630
2107.750	449.8640
2111.849	449.9420
2113.888	450.0250
2118.013	450.1510
2124.229	450.0840
2126.268	450.0310
2130.409	449.9620
2134.513	449.9170
2144.792	450.0250
2146.832	450.0930
2150.916	450.0350
2157.075	449.9550
2161.195	450.0320
2165.335	450.0830
2169.455	449.9990
2171.520	449.9030
2175.599	449.8530
2177.659	449.9340
2179.719	450.0140
2185.857	450.0670
2192.006	450.1410
2196.147	450.0460
2198.212	449.9310
2204.397	450.0060
2206.457	449.9150
2214.717	449.9920
2218.837	450.0950
2220.917	450.0480
2225.037	450.1400
2231.196	450.0660
2233.298	449.9320
2235.342	449.8630
2241.568	449.9190
2243.608	449.9670
2245.667	449.8610
2247.727	449.9580
2249.787	450.0470
2253.948	450.1090
2260.066	450.0600
2262.111	449.9620
2276.494	450.0080
2278.529	449.9310
2280.609	450.0120
2282.669	450.1080
2286.753	449.9540
2288.797	450.0170
2290.837	449.9300
2297.011	450.0000
2301.131	449.9410
2305.292	450.0490
2307.352	450.1020
2309.515	450.0080
2311.596	450.0590
2313.635	450.1300
2319.810	449.9730
2321.849	449.8560
2325.969	449.8020
2330.032	449.9230
2334.173	450.0160
2336.253	450.1080
2350.621	449.8830
2352.702	449.9690
2354.741	449.9220
2361.003	449.9790
2365.164	449.9250
2367.245	450.0640
2369.284	449.9320
2371.344	450.1190
2375.443	450.0690
2379.569	449.9910
2381.613	449.8950
2383.668	449.9880
2387.808	449.9340
2394.096	449.9810
2398.190	450.0570
2404.416	450.0010
2408.521	449.9350
2412.641	449.9810
2414.696	449.9150
2416.776	449.8630
2418.872	450.0110
2425.006	450.0710
2427.045	450.1580
2429.105	450.0630
2431.165	450.0170
2433.204	450.1840
2435.223	450.0820
2437.339	450.0000
2439.399	449.9280
2451.707	449.8830
2453.747	449.9980
2457.867	450.0570
2462.023	450.1290
2466.148	450.0340
2468.208	449.9280
2472.333	450.0390
2486.757	449.9120
2488.797	450.0180
2490.877	449.8740
2495.023	449.9650
2499.127	450.0930
2503.227	450.0390
2511.487	449.9780
2513.526	450.0260
2515.566	449.9720
2517.610	450.0200
2529.887	449.9670
2536.052	449.9210
2538.101	449.9980
2542.221	449.9400
2546.341	449.9930
2548.385	450.0880
2550.471	450.0130
2554.606	450.1300
2560.843	450.0550
2564.947	449.9430
2569.088	449.8760
2575.242	449.9980
2577.322	450.0550
2583.430	449.9650
2587.540	450.0240
2591.613	449.9630
2597.757	450.0470
2599.817	449.9810
2601.903	450.0650
2608.088	450.1280
2612.223	450.0540
2616.405	449.9150
2624.588	449.8670
2626.648	449.9220
2628.708	450.0310
2630.793	449.9800
2632.833	450.0530
2636.911	450.1030
2643.132	450.0420
2651.393	449.9350
2653.473	449.8870
2659.674	449.9370
2661.785	450.0190
2665.864	450.0860
2676.194	450.0010
2678.280	449.9320
2690.670	449.9880
2692.730	450.0810
2694.816	450.0150
2696.897	450.0770
2698.957	450.0250
2700.991	450.1190
2705.075	449.9570
2717.573	450.0020
2719.633	449.9530
2721.672	450.0430
2736.102	449.9440
2742.282	449.8970
2744.316	450.0150
2748.400	449.9660
2754.601	450.0310
2760.739	450.0770
2762.799	450.1340
2766.919	450.0780
2771.023	450.0140
2775.123	449.9330
2781.344	449.8000
2783.388	449.8910
2791.566	450.0830
2793.636	450.1300
2795.737	450.2600
2797.797	450.3160
2799.857	450.2210
2801.917	450.0510
2803.962	449.9380
2806.001	449.8440
2810.100	449.9290
2816.327	450.0080
2818.366	449.9240
2822.522	450.0050
2830.746	450.0590
2838.929	450.1390
2840.974	450.0390
2843.044	449.9570
2851.237	450.0410
2853.302	449.9450
2861.578	450.0210
2865.677	450.1270
2869.756	450.0360
2871.806	449.9570
2873.840	450.0210
2877.939	449.9500
2879.979	449.7900
2882.044	449.9030
2886.128	449.9950
2890.283	450.0710
2902.684	450.0080
2906.799	449.9250
2910.883	450.0280
2912.922	449.9580
2915.034	450.0390
2917.094	450.1060
2919.133	450.0480
2923.237	449.9760
2925.292	449.9300
2933.532	450.0220
2935.597	449.9530
2943.878	450.0060
2947.998	450.1320
2952.118	450.0470
2958.277	449.9860
2962.443	449.8800
2966.522	449.9330
2974.756	450.0030
2976.816	450.1040
2983.042	450.1510
2985.077	450.0640
2989.181	449.8820
2991.262	449.9730
3001.587	449.9050
3005.686	450.0150
3007.746	450.0810
3013.926	450.0330
3018.046	450.0790
3020.111	449.9440
3022.166	449.8450
3024.226	449.9450
3026.270	449.8710
3028.309	449.9490
3030.333	450.0040
3040.679	450.0610
3044.820	449.9610
3046.859	450.0460
3055.120	449.9580
3057.164	450.0040
3059.245	450.0760
3063.344	449.9810
3067.464	450.0580
3069.482	449.9450
3075.703	449.8910
3077.769	450.0210
3081.904	449.9400
3083.948	450.0630
3090.159	450.0030
3098.419	450.0680
3104.584	449.9690
3106.664	449.9190
3108.740	449.9900
3112.865	449.8890
3118.983	449.9350
3121.063	450.0030
3123.103	450.0760
3131.347	450.1760
3135.493	450.0500
3137.548	449.9680
3139.711	449.8890
3141.750	449.8400
3150.011	449.9150
3152.070	449.9880
3158.240	450.1280
3162.313	450.2720
3166.439	450.2000
3168.493	449.9900
3172.598	449.9260
3174.658	449.7930
3176.718	449.8490
3180.858	449.8960
3184.921	449.9540
3186.966	450.0280
3189.046	450.1260
3195.206	450.0570
3203.517	449.9510
3213.802	449.8650
3215.841	449.9180
3217.983	450.0680
3222.144	449.9860
3226.264	450.0500
3234.489	449.9190
3238.608	450.0160
3244.788	450.1350
3246.848	450.0290
3248.908	449.9790
3257.112	450.1050
3259.156	449.9590
3263.250	450.0290
3269.435	449.9400
3277.773	449.8820
3281.883	449.9510
3283.958	450.0600
3288.057	450.0020
3292.156	450.0540
3294.196	450.1220
3298.259	450.0450
3304.377	449.9560
3308.466	449.8800
3310.526	449.8140
3314.620	449.8950
3316.659	449.9460
3318.719	450.0160
3320.759	450.1190
3326.882	450.0510
3328.921	450.0990
3331.017	450.0020
3335.132	450.0540
3339.298	449.8760
3343.413	449.9730
3345.452	449.8700
3349.577	449.9900
3351.617	450.0670
3353.661	450.1510
3359.794	450.0490
3361.880	449.9860
3366.057	450.0350
3370.197	449.9610
3374.363	449.8460
3376.403	449.9290
3378.483	450.0490
3388.804	449.9460
3394.963	450.0250
3399.072	450.0930
3405.288	449.9170
3407.348	449.9780
3413.446	449.8840
3415.578	449.9430
3417.627	450.1150
3419.682	450.0540
3421.721	449.9710
3423.761	449.8980
3429.920	450.0120
3432.006	450.0830
3438.185	450.0200
3454.670	449.9360
3456.756	449.8830
3462.889	449.9530
3469.053	450.1220
3475.244	450.0510
3481.459	449.9990
3483.504	449.9370
3493.824	449.9870
3506.302	450.0480
3514.624	449.9680
3533.128	450.0690
3535.188	449.9970
3541.332	450.0990
3543.412	450.0020
3549.509	449.9430
3555.741	449.8720
3557.785	449.9230
3559.840	449.9770
3563.981	450.0590
3576.381	449.9440
3578.441	450.0710
3580.501	450.0220
3586.681	450.1100
3588.741	450.0230
3592.825	449.9210
3594.905	450.0220
3599.005	449.9610
3611.344	450.0400
3613.367	450.1000
3615.386	449.9930
3619.527	450.0940
3621.648	450.0390
3625.768	449.9610
3629.888	450.0290
3631.928	450.0780
3638.154	449.9620
3642.232	450.0210
3644.313	449.8890
3648.495	449.9430
3654.695	450.0670
3656.734	450.1240
3658.774	450.0640
3660.813	450.1200
3662.878	450.0640
3668.960	449.9230
3673.080	449.8540
3679.301	449.9040
3685.486	450.1320
3697.887	450.0500
3702.027	449.9200
3704.025	449.8680
3708.150	449.9400
3710.190	449.8740
3714.268	449.9230
3716.308	450.0070
3718.362	450.0830
3720.417	450.0370
3726.597	450.1050
3732.823	450.0410
3734.857	449.8820
3736.922	449.9380
3747.284	450.0390
3749.323	450.1420
3751.363	450.0880
3755.462	449.9820
3761.709	449.9100
3767.863	449.9910
3776.097	450.0480
3782.287	449.9140
3784.342	449.9780
3792.577	450.0780
3796.655	449.9950
3798.757	449.9420
3802.877	450.0510
3806.996	449.9590
3817.363	450.0080
3825.608	450.0580
3829.769	449.9980
3831.808	450.0620
3837.957	449.9770
3852.356	449.9010
3854.396	449.7900
3856.435	449.9150
3860.560	450.0460
3864.659	450.1050
3872.863	450.0560
3879.089	449.9530
3883.209	450.0080
3885.269	449.9570
3893.447	449.8790
3899.709	450.0180
3914.092	450.0660
3918.192	449.9530
3930.515	450.0090
3932.575	450.1010
3934.656	449.9850
3936.700	449.9320
3940.800	449.9980
3942.839	450.0880
3944.883	450.0300
3946.897	450.0890
3951.048	449.9580
3955.168	449.8950
3957.248	450.0280
3961.409	449.9500
3963.449	450.0030
3967.553	450.0590
3969.577	449.9760
3973.656	450.0420
3975.710	449.9810
3981.875	450.0550
3986.056	449.8580
3990.197	449.9160
3992.216	449.9740
3998.380	450.0570
4008.700	450.1060
4010.806	449.9660
4014.906	450.0230
4019.026	450.0730
4023.146	449.9810
4025.226	449.9210
4027.301	449.9990
4031.385	449.9230
4035.464	449.9990
4037.534	450.0440
4039.568	449.9720
4043.668	450.0310
4045.738	449.9610
4049.822	450.0800
4051.933	450.1520
4054.014	450.0900
4058.180	449.9800
4072.543	449.9290
4076.611	449.9760
4078.707	449.9150
4080.788	450.0190
4087.009	450.0790
4089.033	450.1390
4095.192	449.9290
4099.353	449.8300
4101.454	449.9180
4109.714	449.9840
4111.790	450.0560
4115.951	449.9920
4118.052	450.0920
4126.307	450.0170
4128.357	449.9490
4132.456	449.9980
4136.555	449.9280
4138.595	449.8790
4142.735	449.9390
4144.795	449.9950
4148.884	450.0520
4150.939	449.9970
4155.038	450.1760
4159.143	450.0760
4161.202	450.0070
4165.322	450.0780
4167.362	449.9940
4171.502	449.9480
4173.578	449.8870
4183.857	449.9350
4187.956	450.0440
4190.016	450.1910
4194.141	450.2600
4196.221	450.1940
4198.261	450.0470
4200.321	449.9360
4204.461	449.7620
4206.500	449.8510
4214.781	449.9150
4216.826	450.0630
4220.930	450.1120
4227.110	449.9630
4229.170	450.0590
4231.235	449.9600
4237.379	450.0310
4243.595	449.9260
4247.756	450.0290
4249.800	449.9520
4251.860	450.0280
4253.920	450.1290
4255.960	450.0140
4258.009	449.9560
4270.405	450.0350
4276.569	450.1260
4278.609	450.0600
4280.643	450.0010
4282.723	449.9480
4284.804	449.8870
4293.033	449.9600
4295.150	450.0150
4299.275	450.1080
4305.480	450.0430
4309.595	450.1120
4311.660	450.0340
4313.715	449.9480
4315.760	449.8880
4317.799	449.8320
4321.903	449.9240
4326.018	450.0160
4332.121	450.1680
4334.160	450.0970
4340.262	450.0070
4342.343	449.9550
4348.605	449.8400
4350.665	449.8990
4352.684	449.9590
4356.855	450.0340
4367.057	450.0950
4369.138	450.0490
4377.377	449.9760
4379.437	449.9160
4383.521	449.9960
4414.425	449.8860
4416.547	450.0530
4420.760	449.9830
4426.924	449.9300
4431.064	449.9780
4439.268	450.0260
4453.667	449.9530
4455.727	450.0690
4457.787	450.0100
4459.811	449.9240
4465.949	450.0090
4470.157	449.9290
4474.313	450.0560
4476.393	449.9660
4482.573	450.0480
4486.631	449.9610
4490.772	450.0220
4494.995	450.0860
4497.044	450.1770
4499.094	450.1210
4501.133	449.9870
4503.178	449.9270
4505.232	449.8420
4515.475	449.9090
4517.520	450.0410
4519.580	449.9810
4521.681	450.0740
4523.741	450.1450
4531.996	450.0760
4534.036	449.9850
4536.095	449.8990
4538.212	449.8530
4540.313	449.7660
4542.353	449.9000
4546.431	449.9780
4548.476	450.0410
4550.515	450.0990
4556.669	450.0350
4560.799	449.9460
4562.900	450.0270
4564.919	450.0780
4566.938	450.0180
4568.998	449.8900
4579.261	450.0050
4581.337	450.1120
4593.722	450.0260
4599.887	449.9330
4606.082	449.8460
4610.202	449.9090
4612.262	450.0050
4624.503	450.1030
4630.703	449.9840
4636.868	449.8910
4638.886	449.9710
4640.972	449.8960
4643.011	449.9500
4645.179	450.0580
4653.388	449.9530
4667.926	450.0130
4676.104	450.1160
4678.159	450.0680
4680.209	450.1300
4686.409	450.0100
4692.594	449.9010
4694.675	449.9640
4696.755	449.8200
4698.820	449.8860
4702.894	449.9720
4711.159	450.0200
4715.325	450.0720
4717.406	450.1560
4721.546	450.1100
4723.586	450.0600
4729.791	449.9400
4746.235	450.0320
4752.394	449.9820
4754.454	450.0980
4756.493	450.1900
4760.613	450.0600
4764.676	449.9750
4766.747	449.8980
4768.806	449.8190
4770.882	449.9180
4777.046	450.0050
4783.241	450.0510
4787.367	450.1090
4789.421	450.0220
4791.466	449.9550
4801.683	450.0050
4805.798	449.9330
4807.920	449.8800
4812.003	450.0610
4822.262	450.1090
4824.306	449.9870
4828.467	450.0450
4830.507	449.8480
4832.587	449.9230
4836.671	449.9760
4838.772	449.9120
4840.853	449.9970
