Elapsed time [s]	Value [0,800]
0.000	300.0360
16.193	299.9630
30.528	300.0380
34.761	299.9890
40.979	300.0210
43.080	299.9860
49.242	299.9350
51.305	300.0120
55.414	299.9650
65.716	300.0170
102.878	299.9600
106.941	299.9220
111.043	299.9820
113.082	299.9400
115.124	300.0100
117.210	299.9700
119.270	299.9320
123.451	300.0170
156.336	300.0640
158.380	300.0090
160.438	299.9530
164.557	299.9990
166.597	299.9660
183.002	300.0200
195.387	299.9850
199.484	300.0360
203.606	299.9730
207.664	300.0220
224.110	299.9830
242.590	299.9480
244.632	299.9880
246.715	300.0210
252.898	299.9760
259.047	300.0080
267.389	300.0480
273.585	300.0110
283.887	299.9740
323.095	300.0280
333.457	300.0680
335.537	300.0070
345.840	299.9230
351.999	299.9780
362.283	299.9380
366.403	299.9870
374.645	300.0230
409.633	299.9690
421.993	299.9380
424.053	299.9740
446.758	300.0190
448.798	300.0580
452.936	299.9980
459.077	300.0280
463.197	299.9980
467.296	300.0400
471.398	299.9990
473.437	300.0310
483.719	299.9720
494.000	300.0240
518.668	299.9900
520.728	299.9520
524.830	299.9830
528.909	300.0220
549.436	299.9790
563.897	300.0150
574.199	299.9770
580.361	300.0080
582.400	300.0460
584.460	299.9910
588.523	300.0420
590.563	299.9950
609.115	300.0260
611.216	300.0590
617.406	299.9910
621.526	299.9540
625.648	299.9990
629.789	299.9500
631.887	300.0050
656.766	300.0390
671.273	300.0020
683.566	299.9710
689.749	300.0030
722.751	299.9690
730.996	300.0120
747.509	299.9740
753.746	300.0120
764.058	299.9620
766.064	300.0000
792.928	299.9430
794.970	299.9750
801.191	300.0210
809.431	300.0680
813.517	300.0130
821.772	299.9620
823.812	299.9250
830.012	299.9780
832.072	299.9440
838.257	299.9900
846.517	300.0300
848.559	299.9750
852.741	300.0410
858.962	300.0720
873.430	300.0220
881.655	299.9690
906.258	300.0030
910.360	300.0330
931.057	299.9950
935.223	300.0250
949.599	299.9770
970.142	300.0250
980.385	300.0580
984.528	300.0100
996.821	299.9600
998.940	300.0070
1050.315	299.9720
1054.471	300.0260
1062.770	299.9950
1068.970	299.9370
1071.012	299.9710
1081.319	300.0060
1085.401	300.0530
1087.442	300.0200
1097.745	300.0650
1099.776	300.0230
1107.967	299.9760
1110.022	299.9390
1122.345	299.9880
1132.666	300.0710
1140.849	300.0390
1146.967	299.9990
1157.259	299.9390
1167.710	299.9740
1169.770	300.0130
1182.194	300.0650
1190.437	300.1250
1194.539	300.0320
1198.658	299.9880
1202.778	299.9560
1206.919	299.9170
1208.961	299.8870
1213.101	299.9460
1217.200	299.9160
1223.522	299.9680
1227.621	300.0090
1233.863	300.0550
1235.943	300.0240
1240.045	300.0920
1258.489	300.0580
1260.526	300.0200
1262.568	299.9780
1264.648	299.9480
1268.727	299.9120
1270.810	299.9480
1289.370	299.9890
1293.552	300.0350
1303.831	300.0800
1322.219	300.0000
1324.297	299.9660
1326.362	299.9310
1344.862	299.9690
1348.964	300.0310
1357.204	300.0780
1363.366	300.0260
1367.506	300.0590
1371.587	300.0180
1384.030	299.9620
1390.225	299.9320
1392.264	299.9680
1400.429	300.0070
1406.596	300.0490
1423.130	299.9960
1427.211	299.9310
1445.735	299.9710
1449.875	300.0270
1458.079	300.0580
1464.220	300.0980
1468.366	300.0460
1476.564	299.9660
1478.609	299.9260
1480.689	299.8780
1482.755	299.9350
1488.970	299.9470
1493.090	299.9790
1497.210	300.0120
1507.582	300.0790
1513.726	300.0480
1521.996	300.0810
1526.121	300.0450
1528.207	299.9730
1542.724	299.9280
1550.990	299.9960
1555.069	299.9630
1557.149	300.0030
1561.269	300.0390
1567.454	300.0980
1571.574	300.0650
1579.798	300.0300
1584.036	299.9690
1596.422	299.9300
1600.562	299.9620
1608.720	300.0020
1612.824	300.0380
1619.035	300.1090
1621.074	300.0660
1629.396	300.0210
1633.496	299.9760
1637.657	299.9380
1641.756	299.9040
1643.821	299.9710
1645.871	299.9390
1654.167	299.9780
1660.326	300.0100
1666.506	300.0510
1670.610	300.0840
1674.751	300.0460
1680.890	299.9920
1689.093	299.9600
1697.276	299.9970
1701.458	299.9570
1703.497	299.9940
1709.636	300.0510
1711.655	300.0100
1720.018	299.9770
1722.042	300.0400
1734.360	299.9460
1738.444	300.0040
1754.996	300.0400
1759.100	300.0070
1763.277	299.9760
1771.635	300.0100
1777.758	299.9670
1779.777	300.0050
1827.181	300.0540
1829.262	300.0100
1835.462	299.9630
1837.501	300.0180
1843.681	299.9790
1853.986	300.0220
1862.205	299.9880
1876.547	300.0190
1907.400	299.9840
1921.882	300.0250
1928.041	299.9910
1940.364	300.0360
1946.585	300.0040
1950.674	300.0370
1952.688	300.0020
1958.868	299.9710
1967.118	300.0320
1979.431	300.0010
1997.837	300.0420
2001.956	300.0070
2010.196	299.9710
2014.301	300.0080
2049.268	299.9770
2073.992	300.0460
2078.174	299.9880
2080.193	300.0200
2098.840	299.9790
2115.243	300.0290
2117.313	299.9960
2119.378	299.9510
2123.518	299.9810
2127.607	300.0360
2129.667	300.0060
2131.707	300.0620
2133.813	300.0320
2146.198	299.9980
2148.279	299.9660
2150.380	300.0140
2152.419	299.9640
2162.662	300.0100
2195.668	300.0450
2197.707	300.0110
2216.210	299.9480
2220.315	299.9900
2236.872	300.0330
2242.990	300.0010
2251.296	299.9380
2253.408	299.9730
2259.557	300.0160
2273.925	300.0650
2280.110	299.9900
2282.170	299.9530
2290.451	299.8920
2302.831	299.9310
2311.070	299.9790
2313.110	300.0240
2315.190	300.0590
2319.393	300.1140
2321.427	300.0840
2323.471	300.1150
2333.812	300.0560
2339.992	299.9960
2348.175	299.9660
2360.457	300.0010
2364.588	300.0380
2370.767	299.9930
2374.913	300.0310
2393.380	299.9820
2403.665	299.9390
2411.904	299.9720
2420.124	300.0330
2426.257	299.9440
2428.338	299.9950
2430.418	300.0620
2440.774	300.0310
2446.913	300.0000
2451.017	299.9430
2455.173	299.9120
2467.518	299.9480
2473.656	300.0070
2479.882	300.0700
2484.007	300.1030
2494.405	300.0450
2502.609	299.9860
2504.663	299.9420
2508.804	299.9720
2510.828	299.9300
2515.009	299.8940
2519.088	299.9340
2523.208	299.9790
2527.271	300.0510
2541.706	300.0900
2547.834	300.0280
2549.863	299.9960
2558.134	299.9640
2574.588	299.9210
2578.692	299.9970
2584.893	300.0410
2593.194	300.0920
2597.299	300.0400
2609.679	299.9880
2617.883	299.9440
2626.164	299.9090
2628.203	299.9540
2632.333	300.0120
2652.968	300.0470
2665.359	300.0100
2671.631	299.9640
2677.883	299.9270
2686.108	299.9690
2688.188	300.0120
2692.267	299.9790
2698.426	300.0110
2706.650	300.0580
2712.810	300.1100
2716.914	300.0460
2721.013	299.9800
2727.234	299.9090
2733.414	299.8420
2737.508	299.8940
2745.666	299.9520
2749.811	299.9850
2753.890	300.0420
2762.088	300.1050
2776.493	300.0520
2780.633	299.9980
2786.895	299.9300
2799.219	299.9660
2801.299	299.9200
2803.339	299.9680
2811.542	300.0160
2813.618	300.0740
2817.686	300.1520
2821.760	300.0970
2823.820	300.0480
2825.864	300.0870
2830.025	299.9910
2836.226	299.9350
2852.566	299.9860
2856.717	300.0270
2858.756	300.0670
2860.821	300.0240
2862.840	300.0630
2864.879	300.0300
2866.944	300.0760
2873.145	300.0160
2887.590	299.9770
2889.645	299.9260
2891.725	299.9760
2908.169	300.0110
2922.568	300.0630
2926.693	300.0310
2932.852	300.0000
2941.092	300.0350
2945.176	300.0040
2947.256	299.9690
2953.374	299.9380
2959.518	300.0040
2961.583	299.9700
2965.770	300.0010
2967.850	299.9580
2978.212	300.0150
2992.698	300.0660
2994.758	300.0290
3000.917	299.9940
3011.243	299.9560
3017.423	299.9990
3019.441	299.9620
3021.486	299.9240
3025.621	299.9710
3027.681	299.9380
3029.762	299.9880
3031.842	300.0290
3044.140	300.0730
3048.260	300.0320
3056.562	300.0000
3060.661	299.9580
3068.926	300.0250
3075.127	299.9750
3077.187	299.9400
3081.368	299.9760
3089.696	300.0170
3095.860	300.0480
3104.161	300.0100
3112.339	300.0410
3114.405	300.0060
3122.644	299.9290
3126.764	299.9600
3132.851	299.9980
3134.927	300.0470
3137.007	299.9920
3147.209	300.0240
3151.329	300.0800
3153.409	300.0140
3169.817	299.9670
3184.216	300.0000
3188.356	299.9620
3196.514	299.9990
3204.800	300.0300
3208.904	300.0940
3215.120	300.0350
3219.260	299.9920
3221.284	299.9340
3231.502	299.8850
3237.702	299.9660
3243.887	300.0070
3245.926	300.0430
3252.086	300.0870
3262.406	300.0530
3268.591	300.0080
3270.671	299.9640
3274.812	299.9210
3282.954	299.9850
3289.051	300.0210
3295.277	300.0540
3313.812	300.0160
3315.871	299.9660
3332.619	299.9240
3334.699	299.9640
3338.814	300.0030
3340.864	299.9560
3342.903	300.0000
3347.043	300.0420
3355.257	300.0810
3363.461	300.0170
3365.562	299.9710
3373.781	299.9330
3377.850	299.8880
3386.187	299.9400
3390.287	299.9970
3398.532	300.0750
3402.631	300.0250
3404.727	300.0800
3410.876	300.1260
3414.996	300.0590
3417.050	300.0240
3419.131	299.9920
3425.275	299.9180
3431.393	299.9540
3437.593	299.9900
3439.694	299.9460
3443.830	299.9820
3452.033	300.0360
3462.374	300.0730
3468.539	300.0110
3474.677	299.9800
3482.840	299.9500
3486.949	299.9990
3509.608	300.0360
3517.859	300.0060
3536.516	299.9630
3548.840	300.0170
3565.361	300.0600
3567.426	300.0180
3581.897	299.9850
3583.977	299.9490
3586.022	299.9890
3592.181	299.9560
3604.525	300.0190
3610.684	299.9870
3612.750	300.0600
3618.945	300.0110
3620.984	300.0420
3623.049	299.9950
3627.133	300.0440
3631.232	299.9940
3639.487	299.9420
3641.568	299.9900
3660.071	300.0200
3672.410	299.9870
3674.460	299.9540
3680.666	299.9850
3697.191	300.0150
3703.387	300.0470
3711.611	300.0010
3721.792	299.9620
3740.260	299.9970
3754.746	300.0440
3760.983	300.0090
3769.166	299.9790
3771.210	299.9480
3773.249	299.9800
3777.390	300.0170
3793.942	299.9560
3798.041	299.9860
3800.121	299.9440
3802.140	299.9830
3806.306	300.0260
3824.887	299.9670
3843.370	300.0190
3870.139	300.0590
3874.222	299.9960
3880.392	299.9580
3886.572	299.9230
3888.652	299.9580
3892.788	300.0000
3907.176	300.0590
3915.395	300.0180
3933.940	299.9780
3950.440	299.9400
3952.521	299.9780
3962.743	300.0120
3975.046	300.0520
3991.649	299.9640
3995.779	299.8950
4010.250	299.9450
4014.350	299.9770
4018.511	300.0370
4026.694	300.0710
4030.793	300.1080
4038.976	300.0760
4041.067	300.0330
4043.111	299.9910
4045.171	299.9340
4047.252	299.8790
4059.642	299.9180
4063.778	299.9750
4071.930	300.0190
4074.047	300.0600
4076.091	300.0250
4078.130	300.0600
4084.310	300.0960
4088.430	300.1600
4090.469	300.1290
4094.594	300.0700
4096.654	300.0230
4100.774	299.9620
4102.814	299.9200
4111.095	299.8740
4117.274	299.9130
4119.314	299.9690
4129.675	300.0290
4133.836	300.0670
4135.881	300.1350
4139.959	300.1010
4154.384	300.0650
4156.423	299.9960
4160.523	299.9530
4162.614	299.8670
4166.754	299.9000
4172.929	299.9360
4175.014	299.9740
4177.152	299.9340
4181.251	299.9860
4183.295	300.0220
4185.371	300.0730
4199.734	300.1110
4203.853	300.0510
4207.958	300.0130
4210.018	299.9680
4216.198	299.9330
4224.499	299.8790
4228.598	299.9200
4230.617	299.9560
4238.852	300.0020
4245.032	300.0830
4247.076	300.1430
4249.136	300.1090
4257.335	300.0780
4259.425	300.0350
4265.579	299.9390
4275.843	299.8850
4279.901	299.9220
4286.158	299.9610
4292.323	300.0380
4298.554	300.0750
4300.634	300.1140
4310.996	300.0720
4315.095	299.9780
4321.239	299.9060
4333.521	299.9490
4341.740	300.0170
4343.780	300.0500
4347.915	300.0920
4358.241	300.0420
4368.463	300.0080
4370.549	299.9710
4374.586	299.9390
4380.817	299.9060
4384.979	299.9610
4395.340	299.9980
4399.480	300.0380
4401.597	300.0790
4416.058	300.0040
4422.212	299.9530
4426.394	299.8600
4428.433	299.9120
4440.834	299.9560
4446.998	300.0170
4449.037	300.0580
4451.097	300.0950
4463.457	300.0640
4465.548	300.0320
4473.870	299.9960
4475.914	299.9570
4480.091	299.9900
4482.130	299.9380
4492.394	299.9710
4498.636	300.0110
4504.795	300.0520
4525.219	300.0060
4527.263	299.9550
4547.894	299.9910
4556.113	300.0250
4564.358	300.0610
4566.397	300.0950
4570.517	300.0450
4576.661	300.0090
4584.859	299.9740
4593.104	299.9070
4605.505	299.9410
4609.584	299.9810
4613.683	300.0410
4621.887	300.0720
4634.164	300.0370
4644.433	299.9820
4648.578	299.9110
4663.060	299.9750
4665.084	299.9350
4667.164	299.9890
4671.305	300.0400
4696.029	300.0070
4702.229	299.9490
4724.873	299.9880
4730.996	300.0230
4741.275	300.0650
4745.354	300.0120
4747.435	300.0440
4755.674	300.0100
4761.818	299.9750
4782.536	299.9440
4784.575	299.9980
4794.932	300.0630
4805.170	300.0300
4813.353	299.9880
4831.974	300.0290
4834.040	299.9950
4838.149	299.9520
4840.188	299.9940
