Elapsed time [s]	Value [0,100]
0.000	6.252250
2.057	6.511760
4.119	6.355210
6.159	6.454850
8.219	6.346970
10.299	6.578640
12.382	6.443090
14.419	6.389730
16.481	6.738920
18.539	6.757360
20.581	6.805600
22.602	6.520620
24.662	6.553650
26.722	6.544630
28.764	6.520830
30.783	6.254380
32.822	6.499260
34.923	6.566930
36.962	6.585700
41.105	6.398370
43.181	6.664780
45.282	6.570860
47.342	6.677230
49.422	6.730830
51.444	6.372160
53.465	6.604410
55.522	6.680360
57.603	6.578970
59.683	6.637430
61.764	6.524260
63.803	6.586130
65.858	6.378810
67.897	6.388340
69.937	6.495140
71.997	6.504820
74.098	6.464900
76.137	6.494710
78.179	6.509370
80.329	6.358540
82.389	6.507310
84.449	6.585240
86.530	6.343480
88.659	6.479510
90.678	6.394590
92.738	6.520880
94.798	6.547420
96.860	6.487190
98.920	6.559960
100.980	6.564590
103.040	6.693840
105.121	6.754650
107.160	6.714900
109.181	6.512900
111.220	6.469330
113.260	6.624070
115.322	6.326460
117.403	6.495310
119.422	6.798130
121.510	6.587570
123.590	6.296570
125.632	6.434320
127.672	6.418070
129.714	6.317430
131.771	6.536960
133.833	6.556920
135.914	6.439610
137.953	6.504910
140.067	6.296330
142.109	6.515720
144.174	6.422800
146.216	6.404800
148.238	6.463920
150.277	6.443740
152.337	6.492750
154.415	6.396610
156.516	6.374540
158.576	6.641470
160.638	6.751800
162.678	6.696070
164.717	6.448340
166.759	6.643810
168.798	6.532960
170.840	6.446850
172.880	6.638870
174.939	6.597570
176.999	6.491550
179.059	6.517900
181.140	6.478280
183.182	6.305150
185.242	6.531310
187.340	6.354910
189.382	6.614990
191.442	6.439990
193.561	6.590600
195.621	6.574860
197.643	6.363540
199.715	6.332960
201.760	6.573010
203.797	6.628990
205.880	6.521080
207.922	6.469400
209.940	6.524800
212.021	6.599820
214.109	6.531600
216.205	6.441710
218.247	6.328340
220.266	6.404910
222.346	6.646950
224.427	6.746720
226.448	6.529700
228.488	6.446180
230.550	6.512150
232.610	6.551860
234.688	6.602960
236.750	6.483090
238.810	6.591860
240.850	6.685790
242.912	6.698500
244.972	6.299490
246.991	6.466160
249.030	6.415100
251.111	6.619190
253.153	6.519410
255.254	6.616780
257.293	6.405380
259.332	6.442620
261.392	6.431000
263.434	6.711330
265.494	6.443580
267.554	6.283420
269.596	6.467060
271.684	6.589350
273.744	6.537240
275.825	6.468240
277.867	6.460070
279.906	6.518160
281.948	6.622110
284.008	6.656550
286.068	6.646280
288.169	6.687650
290.229	6.452680
292.310	6.462310
294.349	6.608050
296.409	6.575050
298.492	6.700930
300.570	6.570710
302.632	6.546580
304.672	6.575570
306.734	6.467410
308.833	6.539430
310.911	6.726220
312.953	6.377920
314.992	6.490750
317.034	6.593410
319.073	6.570820
321.174	6.508180
323.234	6.297950
325.315	6.318710
327.357	6.391530
329.375	6.426360
331.515	6.578860
333.557	6.332120
335.617	6.595140
337.718	6.605680
339.737	6.630060
341.797	6.447980
343.919	6.545240
345.999	6.898980
348.080	6.691440
350.140	6.643900
352.179	6.403030
354.260	6.385610
356.304	6.577220
358.359	6.534260
360.421	6.568520
362.440	6.799190
364.482	6.646770
366.542	6.494530
368.602	6.628760
370.662	6.382680
372.732	6.418430
374.784	6.375430
376.826	6.484170
378.974	6.408700
381.054	6.407440
383.093	6.486470
385.174	6.252590
387.234	6.569450
389.273	6.519460
391.315	6.517930
393.357	6.495230
395.417	6.412630
397.456	6.423280
399.516	6.505900
401.566	6.389810
403.618	6.436840
405.658	6.559760
407.717	6.721370
409.757	6.675620
411.827	6.782870
413.892	6.568000
415.913	6.687980
417.973	6.464540
420.093	6.535010
422.152	6.640520
424.215	6.499990
426.293	6.609380
428.379	6.556380
430.415	6.596910
432.473	6.742730
434.535	6.487650
436.577	6.607810
438.658	6.655790
440.718	6.495530
442.798	6.525600
444.843	6.451510
446.959	6.416940
449.019	6.234560
451.061	6.530940
453.139	6.643950
455.202	6.496600
457.261	6.492900
459.321	6.445700
461.402	6.373800
463.521	6.727160
465.522	6.363610
467.561	6.502790
469.642	6.691180
471.763	6.645150
473.823	6.418340
475.886	6.447500
477.925	6.596110
479.965	6.535500
482.027	6.573160
484.046	6.682370
486.126	6.556220
488.148	6.522260
490.228	6.716830
492.288	6.412620
494.330	6.334980
496.349	6.582240
498.388	6.666440
500.443	6.566000
502.523	6.499410
504.565	6.528920
506.607	6.302700
508.647	6.542770
510.668	6.595880
512.748	6.606870
514.788	6.327150
516.830	6.531380
518.910	6.545940
520.970	6.792630
522.989	6.632750
525.072	6.459810
527.153	6.378550
529.233	6.470690
531.293	6.583080
533.314	6.432040
535.377	6.601730
537.416	6.347050
539.497	6.478350
541.559	6.448360
543.640	6.650580
545.679	6.567680
547.721	6.628200
549.760	6.579320
551.800	6.655710
553.860	6.582460
558.000	6.572500
560.114	6.384990
562.135	6.547310
564.216	6.470980
566.317	6.690580
568.457	6.546090
570.525	6.342190
572.564	6.677280
574.639	6.584220
576.679	6.403440
578.739	6.552570
580.840	6.311320
582.902	6.346520
584.898	6.512900
586.940	6.631950
588.982	6.355150
591.042	6.663980
593.081	6.510060
595.141	6.652270
597.203	6.413360
599.263	6.668090
601.303	6.530930
603.362	6.641270
605.425	6.533840
607.462	6.529560
609.545	6.354240
611.625	6.232310
613.665	6.446140
615.707	6.525120
617.767	6.657820
619.847	6.624570
621.907	6.598420
623.967	6.623820
626.027	6.434230
628.069	6.487080
630.129	6.777150
632.189	6.427420
634.231	6.440660
636.350	6.586460
638.392	6.437060
640.454	6.512020
642.553	6.752460
644.631	6.452130
648.774	6.570470
650.813	6.576110
652.873	6.439840
654.894	6.486620
656.954	6.309830
659.035	6.585420
661.056	6.402270
665.235	6.436680
667.298	6.594970
669.396	6.539760
671.459	6.474870
673.498	6.550820
675.558	6.525880
677.639	6.518290
679.673	6.457890
681.720	6.672660
683.800	6.486750
685.899	6.606660
687.941	6.571190
689.962	6.448670
692.002	6.699290
694.041	6.374940
696.119	6.475710
698.197	6.538250
700.298	6.641990
702.378	6.532740
704.431	6.545910
706.452	6.503970
708.460	6.474560
710.520	6.426890
712.583	6.415880
714.604	6.538090
716.662	6.514260
718.683	6.484380
720.771	6.527230
722.870	6.724850
724.950	6.560570
727.031	6.418360
729.073	6.495280
731.133	6.422420
733.172	6.367020
735.273	6.505270
737.333	6.525060
739.416	6.369070
741.494	6.436850
743.577	6.538240
745.637	6.645750
747.718	6.633730
749.757	6.567690
751.817	6.503050
753.877	6.465650
755.999	6.554450
758.059	6.574880
760.098	6.579290
762.158	6.484560
764.220	6.680940
766.285	6.454730
768.299	6.487710
770.359	6.427870
772.460	6.514510
776.583	6.472300
778.642	6.663330
780.723	6.427250
782.783	6.466470
784.843	6.594100
786.867	6.617120
788.904	6.634560
790.989	6.633730
793.057	6.782920
795.130	6.526470
797.192	6.516730
799.252	6.531730
801.294	6.259440
803.393	6.480940
805.442	6.397940
807.523	6.247460
809.534	6.300510
811.612	6.436730
813.682	6.695820
815.727	6.373120
817.792	6.452790
819.854	6.630220
821.893	6.775630
824.033	6.788680
826.096	6.703480
828.156	6.750410
830.195	6.382140
832.237	6.695840
834.356	6.562300
836.385	6.681520
838.455	6.414080
840.518	6.457910
842.560	6.505730
844.625	6.553470
846.703	6.290320
848.745	6.720210
850.779	6.617450
852.867	6.301930
854.981	6.482140
857.021	6.287660
859.062	6.368360
861.122	6.313490
863.203	6.381200
865.263	6.376120
867.390	6.487160
869.450	6.408760
871.510	6.600570
873.549	6.579050
875.629	6.612280
877.731	6.522400
879.773	6.501720
881.832	6.576390
883.892	6.560070
885.952	6.565460
887.994	6.641050
890.054	6.298790
892.132	6.602020
894.233	6.466220
896.255	6.675990
898.273	6.497590
900.336	6.470600
902.378	6.456740
904.456	6.380860
906.536	6.393850
908.596	6.574690
910.620	6.281540
912.657	6.489750
914.717	6.429710
916.797	6.476440
918.860	6.465900
920.899	6.400460
922.941	6.549070
925.009	6.425270
927.043	6.360900
929.103	6.431260
931.163	6.614830
933.277	6.511510
935.378	6.395370
937.458	6.444120
939.498	6.531850
941.540	6.563460
943.602	6.402420
945.639	6.670100
947.678	6.491360
949.741	6.555060
951.780	6.530570
953.840	6.555590
955.882	6.536370
957.921	6.479260
959.963	6.570480
962.062	6.429160
964.145	6.460460
966.205	6.402700
968.265	6.457810
970.304	6.301990
972.405	6.455340
974.424	6.374190
976.543	6.639110
978.583	6.375470
980.722	6.277030
982.782	6.595260
984.842	6.656790
986.866	6.449950
988.905	6.563340
990.945	6.573090
992.966	6.637770
995.036	6.423300
997.117	6.582550
999.177	6.403120
1001.278	6.493300
1003.358	6.489270
1005.460	6.446330
1007.522	6.668520
1009.621	6.393070
1011.663	6.564400
1013.722	6.277570
1015.782	6.437740
1017.842	6.392250
1019.864	6.469960
1021.903	6.467210
1023.945	6.451940
1025.984	6.570800
1028.047	6.532720
1030.068	6.446990
1032.190	6.510830
1034.250	6.414210
1036.312	6.533670
1038.349	6.449490
1040.412	6.465960
1042.451	6.494460
1044.508	6.504510
1046.550	6.382530
1048.610	6.619550
1050.652	6.613050
1052.714	6.404550
1054.798	6.335280
1058.912	6.478730
1060.972	6.555690
1063.014	6.608190
1065.053	6.582670
1067.113	6.602220
1069.135	6.695850
1071.213	6.522250
1073.293	6.429710
1075.335	6.349070
1077.395	6.592410
1079.494	6.467120
1081.577	6.442620
1083.655	6.340370
1085.717	6.173300
1087.757	6.510310
1089.837	6.493090
1091.897	6.467320
1093.939	6.277570
1095.958	6.395630
1097.997	6.243950
1100.039	6.473880
1102.119	6.492330
1104.159	6.506850
1106.242	6.555710
1108.302	6.621750
1110.403	6.785160
1112.468	6.708350
1114.510	6.591320
1116.549	6.418910
1118.609	6.461060
1120.690	6.501000
1122.750	6.378080
1124.792	6.495740
1126.893	6.357960
1128.953	6.434860
1131.015	6.300570
1133.075	6.083650
1135.115	6.304810
1137.154	6.360780
1139.214	6.236510
1141.276	6.569690
1143.357	6.473530
1145.435	6.597490
1147.456	6.575940
1149.495	6.560830
1151.558	6.566930
1153.597	6.603330
1155.678	6.764120
1157.758	6.724110
1159.818	6.480890
1161.840	6.466850
1163.879	6.453730
1165.939	6.507890
1167.981	6.319800
1170.041	6.424030
1172.080	6.419090
1174.122	6.402180
1176.141	6.458460
1178.224	6.429940
1180.304	6.421730
1182.364	6.333310
1184.404	6.343940
1186.466	6.230210
1188.505	6.302660
1190.555	6.147100
1192.597	6.275620
1194.698	6.616080
1196.717	6.571090
1198.797	6.682510
1200.839	6.595830
1202.920	6.642520
1204.959	6.519070
1207.040	6.740860
1209.079	6.765290
1211.160	6.553490
1213.240	6.435090
1215.300	6.504680
1217.383	6.784580
1219.402	6.536050
1221.560	6.598920
1223.643	6.418970
1225.762	6.405400
1227.822	6.432790
1229.882	6.566250
1231.903	6.290330
1233.984	6.317470
1236.044	6.529590
1238.124	6.218220
1240.166	6.149580
1242.205	6.303240
1244.325	6.455230
1246.367	6.301660
1248.488	6.264420
1250.528	6.401480
1252.608	6.319530
1254.668	6.282800
1256.749	6.266150
1258.770	6.568920
1260.830	6.602370
1262.890	6.651050
1264.932	6.656220
1266.992	6.594870
1269.072	6.535620
1271.112	6.601580
1273.171	6.471060
1275.213	6.734840
1277.235	6.476790
1279.313	6.464220
1281.352	6.548520
1283.474	6.482060
1285.534	6.559580
1287.583	6.437180
1289.664	6.430720
1291.685	6.370180
1293.755	6.317410
1295.815	6.494280
1297.857	6.413910
1299.956	6.546690
1301.995	6.286650
1304.076	6.237520
1306.156	6.344210
1308.216	6.209450
1310.258	6.416740
1312.297	6.247190
1314.319	6.321140
1316.358	6.414020
1318.400	6.390530
1320.478	6.319600
1322.558	6.790300
1324.680	6.735560
1326.720	6.688420
1328.759	6.669790
1330.839	6.340760
1332.902	6.600890
1334.962	6.601850
1337.040	6.679390
1339.082	6.510570
1341.149	6.567660
1343.261	6.571970
1345.323	6.412840
1347.363	6.441210
1349.384	6.199060
1351.464	6.481120
1353.527	6.514150
1355.546	6.385090
1357.606	6.148980
1359.666	6.390010
1361.687	6.510030
1363.747	6.609800
1365.807	6.255130
1367.867	6.326070
1369.888	6.374200
1371.927	6.738310
1374.026	6.491750
1376.106	6.344860
1378.128	6.432970
1380.159	6.482140
1382.209	6.507930
1384.287	6.530390
1386.350	6.457570
1388.430	6.643930
1390.490	6.676930
1392.591	6.497010
1394.651	6.396050
1396.752	6.465840
1398.792	6.430410
1400.893	6.364640
1402.991	6.472510
1405.023	6.229250
1407.044	6.255170
1409.083	6.330480
1411.143	6.306360
1413.183	6.258410
1415.245	6.522860
1417.285	6.350900
1419.345	6.434150
1421.425	6.440680
1423.485	6.573840
1425.548	6.623230
1427.587	6.634080
1429.626	6.630900
1431.699	6.598610
1433.738	6.482390
1435.839	6.494570
1437.899	6.508770
1439.939	6.587210
1442.019	6.526910
1444.100	6.459140
1446.142	6.417640
1448.243	6.291860
1450.262	6.282030
1452.301	6.299660
1454.343	6.350920
1456.382	6.412940
1458.422	6.287520
1460.481	6.275480
1462.562	6.346100
1464.612	6.324140
1468.711	6.505920
1470.725	6.472880
1472.805	6.528210
1474.906	6.499330
1477.002	6.696940
1479.042	6.693280
1481.065	6.776870
1483.105	6.367870
1485.144	6.558640
1487.209	6.622630
1489.269	6.536900
1491.329	6.501980
1493.368	6.471530
1495.408	6.369070
1497.447	6.328820
1499.466	6.483430
1501.510	6.465240
1503.596	6.566780
1505.656	6.212060
1507.716	6.236670
1509.755	6.392300
1511.836	6.231200
1513.896	6.420510
1515.935	6.408160
1517.979	6.307630
1520.075	6.458630
1522.115	6.194950
1524.237	6.520490
1526.317	6.485850
1528.398	6.671100
1530.437	6.629040
1532.543	6.509290
1534.583	6.582230
1536.642	6.384320
1538.708	6.454720
1540.788	6.362350
1542.827	6.753320
1544.887	6.772230
1546.927	6.594130
1549.007	6.422580
1551.108	6.295350
1553.153	6.413610
1555.192	6.615450
1557.273	6.366010
1559.353	6.348480
1561.413	6.293750
1563.453	6.315710
1565.512	6.281870
1567.572	6.147780
1569.617	6.330640
1571.734	6.272490
1573.773	6.373260
1575.874	6.384760
1577.955	6.393660
1580.004	6.503230
1582.059	6.550910
1584.134	6.739760
1586.199	6.520980
1588.239	6.470720
1590.319	6.551240
1592.420	6.537380
1594.522	6.601370
1596.581	6.637270
1598.641	6.655860
1600.681	6.433300
1602.720	6.392370
1604.759	6.489750
1606.804	6.353610
1608.864	6.300860
1610.924	6.404940
1612.984	6.303650
1615.064	6.374840
1617.124	6.350500
1619.164	6.066550
1621.203	6.407170
1623.273	6.261350
1625.354	6.324580
1627.414	6.512770
1629.515	6.529640
1631.595	6.550910
1633.614	6.613740
1635.658	6.505330
1637.796	6.673450
1639.840	6.645300
1641.879	6.775820
1643.939	6.279340
1646.020	6.586140
1648.101	6.511870
1650.140	6.625440
1652.220	6.529640
1654.280	6.303260
1656.366	6.418880
1658.447	6.462290
1660.527	6.305860
1662.572	6.392790
1664.611	6.424680
1666.727	6.377240
1668.772	6.265550
1670.811	6.361420
1672.851	6.256960
1674.890	6.491360
1676.934	6.392780
1678.953	6.502280
1681.013	6.602260
1683.073	6.562000
1685.118	6.640420
1687.193	6.524480
1689.258	6.533380
1691.297	6.380140
1693.316	6.534980
1695.355	6.417270
1697.431	6.405870
1699.475	6.440750
1701.576	6.613070
1703.657	6.495510
1705.696	6.358090
1707.777	6.532380
1709.852	6.133710
1711.881	6.496160
1713.941	6.387060
1716.001	6.443050
1718.097	6.539650
1720.136	6.623030
1722.160	6.176780
1724.241	6.538010
1726.321	6.295410
1728.361	6.439270
1730.400	6.434130
1732.439	6.575760
1734.505	6.695340
1736.585	6.547430
1738.624	6.247030
1740.664	6.436890
1742.765	6.406570
1744.804	6.495290
1746.844	6.395180
1748.903	6.457450
1750.974	6.436170
1753.018	6.371390
1755.135	6.257920
1757.195	6.477060
1759.275	6.497020
1761.315	6.475230
1763.395	6.560960
1765.455	6.358280
1767.577	6.479580
1769.678	6.502780
1771.758	6.329050
1773.860	6.406460
1775.981	6.557230
1778.041	6.544760
1780.101	6.290890
1782.141	6.441110
1784.180	6.328740
1786.260	6.614390
1788.305	6.577010
1790.349	6.422960
1792.384	6.464360
1794.402	6.329200
1796.462	6.623530
1798.481	6.398460
1800.505	6.688610
1802.544	6.480990
1804.584	6.487540
1806.623	6.521580
1808.693	6.403820
1810.758	6.536370
1812.798	6.354310
1814.899	6.292730
1817.036	6.473000
1819.075	6.456590
1821.120	6.364850
1823.241	6.350830
1825.322	6.267690
1827.361	6.329530
1829.421	6.480570
1831.502	6.381760
1833.582	6.510560
1835.642	6.598320
1837.702	6.368710
1839.742	6.409580
1841.801	6.431920
1843.846	6.596740
1845.983	6.468460
1847.966	6.450180
1850.005	6.395450
1852.065	6.421000
1854.146	6.373550
1856.185	6.334210
1858.224	6.549500
1860.284	6.306130
1862.365	6.557070
1864.404	6.463030
1866.449	6.474020
1868.488	6.560690
1870.527	6.375200
1872.618	6.425340
1874.668	6.378180
1876.712	6.204290
1878.752	6.406720
1880.796	6.321140
1882.871	6.469280
1884.890	6.340580
1887.012	6.506940
1889.051	6.525930
1891.152	6.358050
1893.212	6.435500
1895.355	6.496920
1897.394	6.492520
1899.459	6.409550
1901.498	6.378110
1903.558	6.440900
1905.598	6.452770
1907.616	6.437830
1909.676	6.391190
1911.721	6.720030
1913.776	6.456830
1915.861	6.518590
1919.981	6.231150
1922.041	6.217500
1924.122	6.471420
1926.182	6.467790
1928.242	6.468640
1930.302	6.463560
1932.341	6.614310
1934.401	6.342570
1936.461	6.403140
1938.521	6.433530
1940.601	6.326310
1942.646	6.417530
1944.685	6.541000
1946.745	6.523400
1948.784	6.443200
1950.808	6.320330
1952.848	6.481210
1955.010	6.542280
1957.070	6.376510
1959.130	6.416110
1961.190	6.640700
1963.230	6.482730
1965.248	6.441200
1967.288	6.160240
1969.332	6.467170
1971.371	6.364230
1973.431	6.438530
1975.471	6.316680
1977.531	6.434590
1979.570	6.453810
1981.630	6.495130
1983.680	6.513550
1985.760	6.401530
1987.815	6.700550
1989.875	6.495750
1991.935	6.224630
1993.974	6.425680
1996.034	6.381800
1998.151	6.413330
2000.190	6.482800
2002.250	6.518640
2004.294	6.552550
2006.334	6.521580
2008.373	6.469680
2010.412	6.553410
2012.436	6.402020
2014.496	6.422750
2018.596	6.466010
2020.655	6.406600
2022.695	6.450880
2024.734	6.527120
2026.799	6.427830
2028.839	6.438030
2030.919	6.461740
2032.984	6.545000
2035.065	6.331100
2037.125	6.347400
2039.149	6.372870
2041.188	6.515430
2043.207	6.459420
2045.287	6.483030
2047.311	6.258150
2049.386	6.654590
2051.431	6.413030
2053.527	6.484190
2055.592	6.404640
2057.683	6.570340
2059.722	6.551370
2061.782	6.342260
2063.806	6.593930
2065.887	6.431600
2067.946	6.350850
2069.986	6.343090
2072.092	6.474300
2074.157	6.230150
2076.212	6.453820
2078.277	6.625540
2080.378	6.383090
2082.438	6.550050
2084.498	6.405720
2086.558	6.375970
2088.639	6.430070
2090.678	6.367390
2092.779	6.400280
2094.823	6.585290
2096.899	6.473970
2098.974	6.599180
2101.024	6.486460
2103.063	6.474060
2105.103	6.432890
2107.147	6.586290
2109.222	6.512830
2111.308	6.447890
2113.347	6.444870
2115.366	6.289820
2117.436	6.369670
2119.496	6.650320
2121.556	6.505410
2123.637	6.438560
2125.697	6.456380
2127.824	6.224610
2129.884	6.417740
2131.928	6.184200
2133.967	6.278490
2136.048	6.405870
2138.108	6.459770
2140.147	6.317180
2142.228	6.353930
2144.267	6.642150
2146.312	6.552820
2150.478	6.335500
2152.522	6.563940
2154.582	6.521240
2156.658	6.612340
2158.723	6.660720
2160.762	6.480600
2162.879	6.379840
2164.903	6.490210
2166.983	6.521390
2169.022	6.524770
2171.062	6.320770
2173.122	6.273000
2175.202	6.389680
2177.262	6.370590
2179.301	6.437140
2181.346	6.432590
2183.406	6.379890
2185.445	6.474750
2187.546	6.477000
2189.627	6.435560
2191.687	6.409100
2193.809	6.482970
2195.930	6.252530
2197.990	6.544380
2200.009	6.492680
2202.048	6.392660
2204.088	6.540370
2206.132	6.444650
2208.171	6.455770
2210.252	6.506550
2212.312	6.500870
2214.413	6.466780
2216.473	6.726770
2218.574	6.532560
2220.634	6.416410
2222.673	6.476310
2224.733	6.406090
2226.778	6.548480
2228.817	6.218460
2230.857	6.592230
2232.953	6.549710
2235.028	6.457800
2237.088	6.316170
2239.112	6.392510
2241.151	6.473700
2243.190	6.549090
2245.292	6.603290
2247.331	6.485380
2249.375	6.367420
2251.435	6.714870
2253.516	6.462620
2255.555	6.471960
2257.615	6.456580
2259.654	6.361200
2261.771	6.442140
2263.816	6.495540
2265.875	6.396780
2267.915	6.373090
2269.934	6.386380
2271.993	6.371880
2274.064	6.200130
2276.108	6.159590
2278.184	6.486200
2280.228	6.656720
2282.288	6.674740
2284.348	6.668580
2286.428	6.676670
2288.509	6.593190
2290.548	6.784050
2292.588	6.806410
2294.632	6.598740
2296.692	6.657810
2298.809	6.646220
2300.869	6.695290
2302.929	6.404760
2305.030	6.508320
2307.074	6.593870
2309.175	6.462450
2311.194	6.472460
2313.254	6.181360
2315.350	6.160550
2317.446	6.325150
2319.490	6.204490
2321.550	6.359660
2323.590	6.208030
2325.629	6.413020
2327.710	6.291040
2329.749	6.178500
2331.814	6.229880
2333.931	6.490710
2335.996	6.372440
2338.056	6.478480
2340.095	6.582020
2342.155	6.477690
2344.194	6.543810
2346.254	6.493850
2348.335	6.507280
2350.374	6.439430
2352.439	6.472210
2354.515	6.387910
2356.580	6.541190
2358.640	6.412470
2360.679	6.376860
2362.718	6.477840
2364.742	6.237130
2366.818	6.491220
2368.883	6.451850
2370.922	6.571080
2372.961	6.436600
2375.011	6.313550
2377.071	6.376280
2379.151	6.284720
2381.191	6.399840
2383.271	6.322200
2385.331	6.481520
2387.371	6.409570
2389.394	6.566970
2391.434	6.343010
2393.494	6.596790
2395.585	6.502850
2397.644	6.517700
2399.704	6.577270
2401.723	6.528510
2403.804	6.628560
2405.884	6.587110
2407.908	6.622890
2409.947	6.600100
2412.028	6.430140
2414.129	6.470720
2416.189	6.383290
2418.249	6.525660
2420.268	6.307410
2422.389	6.354860
2424.429	6.560210
2426.514	6.551860
2428.574	6.349250
2430.655	6.147290
2432.735	6.180880
2434.775	6.288180
2436.799	6.349610
2438.859	6.509100
2440.919	6.414870
2442.958	6.385150
2445.038	6.479820
2447.160	6.555850
2449.200	6.483190
2451.239	6.549450
2453.299	6.691390
2455.338	6.664920
2457.383	6.614270
2459.458	6.555310
2461.518	6.490480
2463.557	6.562300
2465.658	6.691180
2467.718	6.482550
2469.799	6.464980
2471.859	6.509200
2473.878	6.275100
2475.958	6.476990
2478.080	6.366170
2480.140	6.146930
2482.200	6.255590
2484.218	6.242620
2486.320	6.349360
2488.364	6.406890
2490.403	6.290770
2492.463	6.381150
2494.544	6.524330
2496.645	6.487910
2498.705	6.418490
2500.744	6.356650
2502.784	6.614270
2504.828	6.712680
2506.903	6.524670
2508.969	6.446220
2511.049	6.620400
2513.088	6.595040
2515.107	6.732520
2517.188	6.462590
2519.268	6.480520
2521.297	6.524400
2523.326	6.390700
2525.371	6.447890
2527.410	6.007580
2529.491	6.315080
2531.509	6.487790
2533.590	6.437500
2535.634	6.153950
2537.694	6.284600
2539.754	6.392100
2541.814	6.275130
2543.874	6.237200
2545.924	6.374640
2547.984	6.618450
2550.064	6.591470
2552.104	6.367570
2554.184	6.356450
2556.270	6.433660
2558.330	6.662570
2560.390	6.574230
2562.450	6.554590
2564.489	6.520030
2566.549	6.555900
2568.593	6.558450
2570.674	6.427360
2572.734	6.594500
2574.773	6.658310
2576.854	6.519460
2578.914	6.282200
2580.974	6.362080
2583.034	6.409320
2585.078	6.152790
2587.117	6.308960
2589.157	6.370110
2591.217	6.325300
2593.313	6.181170
2595.357	6.275200
2597.479	6.464150
2599.539	6.278250
2601.563	6.265100
2603.643	6.460730
2605.724	6.249740
2607.804	6.518730
2609.905	6.455760
2611.965	6.589490
2614.025	6.490370
2616.085	6.448670
2618.125	6.623700
2620.164	6.595480
2622.224	6.600780
2624.304	6.574060
2626.364	6.585890
2628.388	6.398920
2630.448	6.460960
2632.467	6.272790
2634.547	6.398720
2636.628	6.168340
2638.667	6.350630
2640.810	6.559950
2642.849	6.282560
2644.909	6.483330
2646.953	6.545930
2649.008	6.457170
2651.032	6.391510
2653.071	6.271560
2655.131	6.417730
2657.196	6.367120
2659.313	6.373640
2661.352	6.346400
2663.469	6.385040
2665.550	6.541850
2667.651	6.436250
2669.752	6.524940
2671.771	6.640630
2673.851	6.615980
2675.926	6.475720
2678.007	6.656600
2680.103	6.676410
2682.147	6.524030
2684.228	6.496670
2686.288	6.346430
2688.327	6.232850
2690.387	6.503850
2692.406	6.522570
2694.450	6.475210
2696.490	6.397700
2698.570	6.415950
2700.589	6.341550
2702.690	6.422770
2704.750	6.496100
2706.810	6.169330
2708.911	6.252520
2710.971	6.405960
2712.990	6.119680
2715.050	6.357450
2717.094	6.465000
2719.154	6.509080
2721.214	6.682040
2723.310	6.425310
2725.349	6.644770
2727.415	6.900590
2729.474	6.610370
2731.534	6.667040
2733.574	6.856580
2735.634	6.637090
2737.694	6.501060
2739.733	6.605510
2741.814	6.612110
2743.853	6.535890
2745.897	6.348260
2747.968	6.570180
2750.048	6.415070
2752.067	6.387130
2754.153	6.285150
2756.233	6.419930
2758.308	6.248960
2760.353	6.316950
2762.433	6.159570
2764.473	6.277850
2766.553	6.214480
2768.634	6.144480
2770.694	6.325620
2772.713	6.305650
2774.752	6.429590
2776.796	6.474770
2778.836	6.642350
2780.854	6.648040
2782.914	6.614980
2784.974	6.375570
2787.014	6.817770
2789.115	6.714340
2791.175	6.567340
2793.219	6.519050
2795.341	6.439590
2797.375	6.569440
2799.435	6.435970
2801.495	6.667100
2803.519	6.301240
2805.615	6.397150
2807.731	6.533950
2809.658	6.443430
2811.717	6.282170
2813.736	6.106590
2815.832	6.245880
2817.841	5.980760
2819.901	6.307760
2821.960	6.398820
2824.020	6.573610
2826.065	6.179380
2828.145	6.462940
2830.226	6.716450
2832.265	6.478520
2834.305	6.470220
2836.385	6.733800
2838.491	6.574660
2840.572	6.391760
2842.611	6.592930
2844.718	6.442400
2846.757	6.463360
2848.838	6.423910
2850.918	6.455290
2852.978	6.226320
2854.997	6.459960
2857.082	6.301910
2859.101	6.247650
2861.161	6.373510
2863.221	6.355700
2865.281	6.428800
2867.325	6.322850
2869.365	6.421210
2871.404	6.353910
2873.443	6.603080
2875.483	6.336790
2877.522	6.509790
2879.546	6.455700
2881.627	6.408140
2883.666	6.519660
2885.710	6.503590
2887.770	6.669690
2889.789	6.754090
2891.849	6.388140
2893.930	6.452620
2896.010	6.377980
2898.070	6.311240
2900.089	6.482280
2902.226	6.519190
2904.265	6.422440
2906.346	6.540650
2908.390	6.269440
2910.450	6.530380
2912.551	6.398050
2914.637	6.388120
2916.697	6.454340
2918.757	6.480430
2920.801	6.341370
2922.861	6.338190
2924.947	6.302740
2926.981	6.563090
2929.021	6.526260
2931.101	6.501900
2933.161	6.548760
2935.180	6.482320
2937.219	6.540120
2939.279	6.430760
2941.324	6.251380
2943.342	6.303740
2945.423	6.524250
2947.503	6.609970
2949.543	6.435120
2951.603	6.460360
2953.663	6.589430
2955.805	6.452130
2957.844	6.510670
2959.884	6.458400
2961.907	6.583340
2963.967	6.427930
2966.048	6.273460
2968.067	6.759540
2970.178	6.554360
2972.217	6.381690
2974.236	6.562450
2976.353	6.352740
2978.392	6.332530
2980.431	6.381010
2982.496	6.334660
2984.556	6.352280
2986.596	6.394390
2988.676	6.457970
2990.736	6.216790
2992.801	6.136330
2994.856	6.577260
2996.978	6.372190
2999.038	6.408140
3001.077	6.643200
3003.142	6.441530
3005.202	6.410720
3007.262	6.608480
3009.322	6.509260
3011.403	6.603370
3013.421	6.426790
3015.502	6.400430
3017.582	6.357800
3019.663	6.521230
3021.743	6.709030
3023.809	6.641690
3025.853	6.313180
3027.892	6.594530
3029.932	6.321800
3032.033	6.230380
3034.098	6.418390
3036.158	6.550820
3038.218	6.522380
3040.319	6.403090
3042.358	6.340170
3044.439	6.290570
3046.576	6.261740
3048.641	6.516450
3050.680	6.298750
3052.740	6.728850
3054.780	6.467560
3056.840	6.416980
3058.900	6.332040
3060.939	6.704210
3062.999	6.402610
3065.043	6.488900
3067.144	6.510800
3069.204	6.328640
3071.244	6.422250
3073.268	6.422910
3075.307	6.598800
3077.387	6.669900
3079.489	6.603930
3081.569	6.484760
3083.608	6.491000
3085.679	6.442970
3087.739	6.357840
3089.840	6.343310
3091.879	6.340190
3093.918	6.259630
3095.958	6.264780
3098.080	6.391530
3100.139	6.470130
3102.241	6.444630
3104.280	6.499630
3106.319	6.376810
3108.359	6.414920
3110.424	6.293250
3112.504	6.337630
3114.544	6.533010
3116.583	6.367110
3118.705	6.519180
3120.744	6.587070
3122.845	6.683060
3124.905	6.570040
3126.965	6.497830
3129.025	6.491010
3131.069	6.498370
3133.150	6.352450
3135.169	6.304530
3137.290	6.554210
3139.371	6.542660
3141.451	6.492470
3143.532	6.533500
3145.571	6.439160
3147.590	6.273280
3149.629	6.233140
3151.653	6.290460
3153.754	6.499290
3155.794	6.524970
3157.905	6.474170
3159.924	6.471960
3161.963	6.263580
3164.023	6.504190
3166.047	6.448020
3168.086	6.432510
3170.146	6.666720
3172.227	6.542900
3174.287	6.555790
3176.347	6.491990
3178.386	6.422300
3180.425	6.506990
3182.449	6.391770
3184.489	6.438960
3186.538	6.553150
3188.619	6.542130
3190.663	6.395940
3192.703	6.619920
3194.778	6.573960
3196.843	6.350530
3198.862	6.375200
3200.922	6.321550
3202.961	6.447880
3205.006	6.388130
3207.066	6.318830
3209.162	6.074580
3211.206	6.274280
3213.266	6.420220
3215.347	6.425380
3217.427	6.378660
3219.446	6.649470
3221.506	6.826860
3223.586	6.673140
3225.626	6.427450
3227.665	6.636390
3229.746	6.747700
3231.811	6.736050
3233.871	6.700790
3235.910	6.505500
3237.929	6.352900
3239.989	6.617550
3242.033	6.272240
3244.072	6.266950
3246.174	6.303870
3248.233	6.389090
3250.299	6.305770
3252.374	6.134280
3254.393	5.991270
3256.437	6.309070
3258.497	6.384870
3260.536	6.546590
3262.596	6.548020
3264.687	6.309060
3266.768	6.416620
3268.869	6.774230
3270.908	6.723230
3272.989	6.651040
3275.080	6.727540
3277.140	6.735070
3279.179	6.632480
3281.239	6.581340
3283.263	6.148950
3285.302	6.351710
3287.341	6.329320
3289.381	6.433150
3291.461	6.284730
3293.526	6.305430
3295.566	6.286860
3297.646	6.351060
3299.706	6.446220
3301.766	6.405350
3303.826	6.230060
3305.865	6.295530
3307.925	6.548820
3309.965	6.447090
3312.066	6.377590
3314.126	6.403020
3316.170	6.771400
3318.246	6.652980
3320.305	6.554620
3322.391	6.405390
3324.487	6.530510
3326.552	6.574130
3328.633	6.434910
3330.734	6.565660
3332.814	6.589080
3334.910	6.384010
3336.991	6.351490
3339.030	6.259720
3341.070	6.589180
3343.114	6.347610
3345.153	6.228960
3347.234	6.353600
3349.273	6.398350
3351.313	6.333780
3353.378	6.292370
3355.417	6.265630
3357.513	6.284010
3359.558	6.277670
3361.654	6.346320
3363.719	6.594820
3365.779	6.684540
3367.818	6.453340
3369.857	6.665170
3371.897	6.522700
3373.957	6.600050
3375.996	6.682290
3378.040	6.851940
3380.080	6.647190
3382.098	6.511910
3384.267	6.521300
3386.306	6.400840
3388.366	6.382270
3390.405	6.366670
3392.527	6.270060
3394.587	6.603120
3396.647	6.291400
3398.707	6.103340
3400.787	6.345030
3402.832	6.560760
3404.866	6.220020
3406.910	6.286180
3408.929	6.201710
3410.974	6.174040
3413.090	6.197370
3415.114	6.561170
3417.251	6.582820
3419.275	6.660580
3421.335	6.456600
3423.410	6.655090
3425.455	6.798140
3427.515	6.640960
3429.554	6.520820
3431.635	6.432250
3433.653	6.504290
3435.693	6.486220
3437.737	6.287040
3439.895	6.567120
3441.934	6.465750
3443.994	6.478830
3446.090	6.458600
3448.114	6.631920
3450.195	6.483640
3452.234	6.238820
3454.273	6.339330
3456.436	6.291840
3458.512	6.320790
3460.556	6.201030
3462.616	6.298920
3464.676	6.410810
3466.715	6.368250
3468.755	6.550260
3470.856	6.654310
3472.936	6.362980
3474.976	6.632340
3477.020	6.546810
3479.080	6.694050
3481.140	6.292040
3483.180	6.538080
3485.260	6.352210
3487.341	6.315030
3489.359	6.350260
3491.440	6.320440
3493.520	6.432520
3495.622	6.464940
3497.661	6.387520
3499.700	6.530760
3501.781	6.368250
3503.882	6.454060
3508.022	6.421860
3510.123	6.393400
3512.168	6.323470
3514.243	6.479580
3516.267	6.389580
3518.394	6.492690
3520.423	6.509540
3522.462	6.557520
3524.502	6.414600
3526.567	6.494340
3528.586	6.545340
3530.666	6.484690
3532.706	6.496920
3534.765	6.472970
3536.805	6.510810
3538.870	6.666740
3540.930	6.513730
3543.010	6.496610
3545.070	6.478060
3547.130	6.424380
3549.190	6.335880
3551.230	6.360260
3553.248	6.392590
3555.288	6.497540
3557.332	6.597140
3559.433	6.525950
3561.493	6.334320
3563.615	6.304700
3565.706	6.194350
3567.802	6.511910
3569.877	6.439330
3571.916	6.311380
3573.940	6.391010
3575.980	6.560210
3577.998	6.501210
3580.058	6.554430
3582.118	6.606310
3584.163	6.640930
3586.181	6.323310
3588.221	6.511040
3590.301	6.526230
3592.382	6.587240
3594.421	6.445590
3596.461	6.539330
3598.526	6.581640
3600.586	6.560520
3602.646	6.491830
3604.726	6.209610
3606.786	6.273600
3608.805	6.335070
3610.885	6.626490
3612.966	6.152470
3614.985	6.196890
3617.065	6.452730
3619.166	6.666970
3621.226	6.420110
3623.327	6.628190
3625.387	6.371250
3627.427	6.334010
3629.564	6.433810
3631.649	6.583460
3633.668	6.536450
3635.728	6.557230
3637.809	6.625000
3639.853	6.603460
3641.913	6.344830
3646.074	6.332840
3648.155	6.460870
3650.199	6.579340
3652.218	6.458890
3654.298	6.409750
3656.358	6.426660
3658.418	6.432990
3660.458	6.312520
3662.497	6.445900
3664.521	6.378420
3666.540	6.447000
3668.620	6.290660
3670.639	6.466910
3672.683	6.614910
3674.723	6.689320
3676.762	6.484580
3678.863	6.490940
3680.923	6.453960
3682.962	6.623460
3685.002	6.582520
3687.026	6.377560
3689.111	6.355700
3691.249	6.527330
3693.293	6.398890
3695.348	6.518390
3697.392	6.409850
3699.473	6.482530
3701.553	6.464730
3703.613	6.349640
3705.653	6.375010
3707.713	6.423970
3709.814	6.353060
3711.832	6.601490
3713.872	6.311150
3715.932	6.483020
3718.012	6.354750
3720.113	6.442700
3722.266	6.617920
3724.254	6.391310
3726.298	6.678430
3728.358	6.682220
3730.454	6.551400
3732.535	6.368460
3734.615	6.346980
3736.680	6.432110
3738.699	6.553550
3740.739	6.489420
3742.798	6.378240
3744.838	6.228810
3746.939	6.492310
3749.019	6.556400
3751.069	6.273520
3753.129	6.339480
3755.189	6.395780
3757.249	6.416770
3759.329	6.407750
3761.369	6.458440
3763.449	6.477430
3765.530	6.431180
3767.569	6.524420
3769.609	6.544910
3771.648	6.620750
3773.692	6.293430
3775.752	6.587010
3777.853	6.314390
3779.913	6.439360
3781.973	6.379040
3784.033	6.482820
3786.093	6.477640
3788.153	6.354360
3790.213	6.461220
3792.232	6.412760
3794.292	6.630030
3796.336	6.618650
3798.396	6.415410
3800.435	6.628450
3802.475	6.323080
3804.597	6.359210
3806.656	6.301060
3808.737	6.566310
3810.843	6.287730
3812.924	6.413270
3814.963	6.395390
3817.023	6.404990
3819.104	6.302310
3821.143	6.566310
3823.167	6.562260
3825.186	6.650490
3827.225	6.550560
3829.285	6.488860
3831.304	6.545710
3833.328	6.616840
3835.387	6.365420
3837.427	6.633270
3839.466	6.360580
3841.547	6.439530
3843.586	6.328530
3845.630	6.329320
3847.670	6.434370
3849.730	6.550320
3851.795	6.436060
3853.875	6.515720
3855.956	6.386070
3858.036	6.205360
3860.076	6.429510
3862.120	6.410010
3864.180	6.549790
3866.220	6.398420
3868.238	6.338100
3870.339	6.208330
3872.384	6.396570
3874.423	6.446710
3876.483	6.549920
3878.523	6.501520
3880.582	6.515210
3882.642	6.513730
3884.682	6.386030
3886.742	6.593610
3888.802	6.508380
3890.892	6.481890
3892.932	6.243620
3894.992	6.488970
3897.031	6.409660
3899.091	6.272300
3901.146	6.316950
3903.170	6.516600
3905.214	6.436990
3907.274	6.208160
3909.313	6.345070
3911.394	6.291630
3913.449	6.318480
3915.498	6.525470
3917.558	6.405530
3919.618	6.524930
3921.658	6.383690
3923.697	6.352770
3925.777	6.363800
3927.837	6.266820
3929.949	6.606640
3932.060	6.427610
3934.079	6.544130
3936.180	6.445980
3938.261	6.533180
3940.341	6.580170
3942.401	6.577830
3944.440	6.433990
3946.485	6.331200
3948.560	6.447960
3950.620	6.708600
3952.639	6.261060
3954.720	6.369050
3956.800	6.538900
3958.881	6.467530
3960.920	6.423880
3963.021	6.438670
3965.060	6.434510
3967.126	6.231140
3969.165	6.486160
3971.225	6.489770
3973.264	6.244490
3975.303	6.145680
3977.369	6.485770
3979.423	6.350380
3981.468	6.384940
3983.507	6.274840
3985.567	6.307150
3987.606	6.510060
3989.687	6.427040
3991.752	6.664370
3993.812	6.698600
3995.918	6.706390
3997.978	6.534370
4000.090	6.725490
4002.134	6.515690
4004.184	6.730850
4006.228	6.449420
4008.273	6.597520
4010.369	6.383930
4012.439	6.432810
4014.473	6.444680
4016.549	6.258270
4018.634	6.187490
4020.694	6.248100
4022.734	6.285330
4024.778	6.296940
4026.817	6.306600
4028.893	6.298170
4030.953	6.192480
4033.018	6.125580
4035.037	6.280880
4037.076	6.334590
4039.095	6.390230
4041.191	6.576210
4043.230	6.714210
4045.310	6.843970
4047.350	6.865110
4049.430	6.721630
4051.506	6.770090
4053.550	6.538990
4055.590	6.507320
4057.763	6.478170
4059.864	6.668920
4061.944	6.401290
4064.010	6.381880
4066.049	6.520810
4068.109	6.396870
4070.148	6.440730
4072.187	6.387270
4074.247	6.283380
4076.271	6.479590
4078.331	6.298650
4080.391	6.318140
4082.430	6.191910
4084.501	6.193870
4086.530	6.323330
4088.590	5.997790
4090.634	6.285650
4092.674	6.333270
4094.713	6.521430
4096.752	6.609090
4098.833	6.606690
4100.918	6.634290
4102.994	6.787260
4105.018	6.549880
4107.109	6.629170
4109.194	6.660140
4111.254	6.765590
4113.314	6.541060
4115.374	6.538540
4117.465	6.540650
4119.504	6.287630
4121.564	6.653690
4123.603	6.578770
4125.648	6.371500
4127.698	6.474700
4129.799	6.276740
4131.817	6.299360
4133.960	6.318140
4135.999	6.029920
4138.059	6.252430
4140.098	6.265910
4142.158	6.256010
4144.239	6.301110
4146.278	6.389360
4148.338	6.397860
4150.419	6.211540
4152.479	6.329580
4154.523	6.451720
4156.599	6.666710
4158.622	6.673770
4160.713	6.615300
4162.753	6.884130
4164.813	6.723070
4166.852	6.496470
4169.035	6.689760
4171.095	6.444720
4173.191	6.395210
4175.272	6.311010
4177.373	6.548050
4179.433	6.494970
4181.498	6.227620
4183.537	6.095570
4185.556	6.144690
4187.595	6.125320
4189.635	6.309030
4191.674	6.296320
4193.713	6.252570
4195.794	6.411360
4197.838	6.253970
4199.898	6.237470
4201.938	6.437250
4203.956	6.509680
4205.996	6.489170
4208.076	6.640160
4210.136	6.644020
4212.279	6.734740
4214.318	6.514420
4216.378	6.548010
4218.417	6.697830
4220.518	6.542830
4222.578	6.586600
4224.618	6.647870
4226.750	6.626690
4228.779	6.431350
4230.823	6.418880
4232.863	6.284040
4234.902	6.531600
4236.982	6.457860
4239.063	6.346660
4241.143	6.367600
4243.183	6.325920
4245.243	6.115920
4247.303	6.041500
4249.342	6.292390
4251.381	6.353070
4253.426	6.312960
4255.553	6.227830
4257.566	6.472160
4259.683	6.693380
4261.727	6.576570
4263.767	6.327860
4265.806	6.824330
4267.887	6.719520
4269.926	6.558660
4271.965	6.591540
4274.087	6.593270
4276.126	6.822040
4278.207	6.708500
4280.308	6.405210
4282.368	6.477640
4284.387	6.424640
4286.472	6.318320
4288.512	6.458940
4290.633	6.490890
4292.714	6.101440
4294.753	6.440670
4296.772	6.276420
4298.873	6.283060
4300.913	6.013100
4302.957	6.158540
4305.038	6.250460
4307.097	6.349310
4309.137	6.467810
4311.197	6.416260
4313.236	6.547960
4315.275	6.606000
4317.356	6.665020
4319.436	6.520430
4321.496	6.779140
4323.562	6.661000
4325.621	6.686850
4327.681	6.652260
4329.710	6.463800
4331.776	6.485940
4333.799	6.509200
4335.839	6.453880
4337.883	6.445220
4339.902	6.373280
4341.941	6.150320
4343.981	6.257180
4346.061	6.243230
4348.101	6.239090
4350.140	6.027890
4352.200	6.264830
4354.224	6.285260
4356.284	6.418040
4358.380	6.510940
4360.440	6.429220
4362.479	6.430120
4364.518	6.254660
4366.542	6.487990
4368.581	6.406530
4370.621	6.510170
4372.660	6.388450
4374.699	6.670670
4376.785	6.588580
4378.876	6.663400
4380.915	6.573980
4383.078	6.571960
4385.138	6.384600
4387.177	6.399290
4389.227	6.540660
4391.328	6.499640
4393.378	6.448990
4395.443	6.338080
4397.560	6.388210
4399.599	6.336970
4401.736	6.132710
4403.775	6.140410
4405.835	6.274640
4407.895	6.304880
4410.017	6.438400
4412.036	6.310520
4414.096	6.428970
4416.156	6.627110
4418.216	6.629490
4420.270	6.495640
4422.351	6.548620
4424.411	6.618070
4426.491	7.026110
4428.531	6.504740
4430.673	6.468530
4432.712	6.464740
4434.736	6.504060
4436.832	6.446210
4438.877	6.513160
4440.957	6.485590
4443.017	6.430570
4445.098	6.461430
4447.178	6.345520
4449.238	6.160620
4451.298	6.155330
4453.358	6.321520
4455.397	6.282330
4457.457	6.369250
4459.497	6.334120
4461.557	6.208180
4463.601	6.416780
4465.646	6.518630
4467.747	6.417170
4469.848	6.386170
4471.928	6.472340
4473.994	6.505650
4476.033	6.652650
4478.139	6.597580
4480.189	6.321170
4482.249	6.610180
4484.314	6.654630
4486.394	6.685620
4488.434	6.481830
4490.473	6.686270
4492.533	6.368660
4494.613	6.465750
4496.673	6.273420
4498.754	6.270980
4500.814	6.305820
4502.838	6.393250
4504.898	6.327720
4506.942	6.397840
4509.018	6.261000
4511.078	6.344530
4513.158	6.364910
4515.218	6.385930
4517.278	6.332050
4519.343	6.315610
4521.398	6.461420
4523.463	6.450240
4525.533	6.612400
4527.588	6.647260
4529.627	6.547450
4531.687	6.543930
4533.768	6.566740
4535.828	6.364780
4537.929	6.602290
4539.989	6.502020
4542.069	6.460380
4544.114	6.403590
4546.153	6.452030
4548.213	6.420910
4550.252	6.280300
4552.312	6.560800
4554.352	6.417830
4556.396	6.301670
4558.435	6.205300
4560.516	6.343400
4562.576	6.307400
4564.636	6.323170
4566.675	6.112320
4568.699	6.387470
4570.738	6.303150
4572.778	6.553920
4574.858	6.411270
4576.898	6.530290
4578.958	6.450450
4581.018	6.398850
4583.077	6.420250
4585.137	6.570500
4587.177	6.564890
4589.242	6.777400
4591.281	6.559190
4593.300	6.732550
4595.339	6.585490
4597.461	6.557970
4599.536	6.595230
4601.596	6.470390
4603.697	6.539150
4605.778	6.477940
4607.838	6.425670
4609.877	6.396070
4611.937	6.357790
4613.982	6.336200
4616.021	6.389120
4618.060	6.355720
4620.100	6.383390
4622.139	6.132550
4624.183	6.385310
4626.269	6.137400
4628.329	6.352850
4630.348	6.338770
4632.449	6.409060
4634.488	6.474930
4636.548	6.367600
4638.572	6.574890
4640.689	6.351540
4642.749	6.365690
4644.829	6.592840
4646.894	6.642830
4648.934	6.700470
4650.994	6.663290
4653.084	6.588310
4655.144	6.515970
4657.204	6.570030
4659.269	6.487620
4661.324	6.606880
4663.405	6.323160
4665.449	6.591330
4667.489	6.426930
4669.569	6.329940
4671.593	6.313650
4673.689	6.387970
4675.733	6.329610
4677.773	6.440010
4679.791	6.241860
4681.872	6.316750
4683.917	6.344680
4685.992	6.329710
4688.016	6.291070
4690.055	6.441200
4692.136	6.370190
4694.196	6.545220
4696.256	6.568250
4698.295	6.634430
4700.339	6.588750
4702.456	6.658550
4704.536	6.534410
4706.596	6.441690
4708.620	6.423480
4710.660	6.449370
4712.699	6.581870
4714.738	6.465590
4716.783	6.533820
4718.822	6.690010
4720.913	6.473370
4722.963	6.451250
4724.992	6.403790
4727.031	6.378610
4729.091	6.431790
4731.192	6.387200
4733.175	6.496870
4735.235	6.326910
4737.315	6.362250
4739.334	6.472750
4741.435	6.082240
4743.480	6.296000
4745.540	6.601040
4747.558	6.315840
4749.639	6.187190
4751.678	6.420440
4753.717	6.539910
4755.819	6.425400
4757.879	6.493400
4759.938	6.478460
4761.978	6.530980
4764.058	6.597450
4766.139	6.413360
4768.183	6.298280
4770.202	6.469160
4772.314	6.412510
4774.373	6.487980
4776.475	6.649330
4778.535	6.596120
4780.636	6.537390
4782.675	6.557180
4784.756	6.299970
4786.815	6.422580
4788.875	6.338030
4790.915	6.312790
4792.975	6.483400
4795.029	6.109580
4797.110	6.352090
4799.170	6.494890
4801.250	6.430860
4803.290	6.375180
4805.376	6.385860
4807.415	6.537610
4809.475	6.444950
4811.555	6.426570
4813.574	6.661650
4815.634	6.588010
4817.673	6.497940
4819.754	6.376530
4821.798	6.476440
4823.838	6.654040
4825.949	6.582250
4828.025	6.283130
4830.064	6.516470
4832.083	6.240530
4834.158	6.416490
4836.218	6.656000
4838.324	6.692390
4840.389	6.376550
