Elapsed time [s]	Value [0,10]
0.000	28.75150
1.083	28.82170
3.094	28.76670
5.108	28.72400
7.116	28.70880
9.127	28.80950
11.138	28.82170
13.149	28.79420
15.158	28.76670
17.169	28.83690
23.199	28.82170
25.208	28.76670
27.221	28.84910
29.230	28.80950
31.241	28.79420
33.249	28.80950
35.260	28.75150
37.274	28.82170
39.280	28.77890
41.291	28.76670
43.302	28.75150
45.310	28.84910
47.321	28.80950
51.343	28.84910
55.363	28.76670
57.374	28.73620
59.382	28.86440
61.393	28.82170
63.404	28.75150
65.415	28.73620
67.426	28.84910
69.435	28.83690
71.446	28.80950
73.454	28.76670
77.476	28.82170
81.496	28.75150
83.504	28.80950
85.515	28.84910
87.526	28.83690
89.537	28.79420
91.548	28.72400
93.557	28.84910
95.575	28.82170
97.579	28.79420
99.590	28.80950
101.601	28.79420
103.609	28.75150
105.620	28.76670
107.628	28.84910
111.650	28.83690
113.662	28.75150
117.681	28.82170
119.692	28.80950
121.703	28.79420
123.711	28.76670
125.720	28.72400
127.744	28.83690
129.742	28.84910
131.753	28.80950
133.764	28.75150
135.775	28.79420
137.783	28.86440
139.794	28.79420
141.803	28.76670
145.825	28.82170
147.836	28.77890
149.847	28.79420
151.855	28.76670
153.864	28.84910
159.897	28.80950
161.905	28.79420
163.916	28.73620
165.927	28.75150
167.961	28.72400
169.947	28.86440
171.958	28.84910
175.977	28.76670
177.988	28.77890
179.999	28.76670
182.008	28.75150
184.019	28.86440
186.027	28.83690
188.038	28.84910
192.058	28.79420
194.071	28.75150
196.082	28.84910
198.093	28.82170
200.102	28.80950
202.113	28.84910
206.135	28.82170
208.146	28.75150
210.157	28.73620
212.165	28.84910
216.187	28.79420
218.198	28.75150
220.209	28.83690
222.220	28.82170
224.229	28.79420
226.240	28.75150
228.251	28.82170
230.262	28.83690
234.281	28.82170
236.292	28.83690
238.301	28.79420
240.309	28.76670
244.331	28.80950
246.342	28.86440
248.353	28.80950
250.361	28.82170
252.380	28.77890
258.406	28.75150
260.414	28.83690
264.436	28.82170
268.455	28.79420
270.464	28.80950
272.477	28.79420
274.488	28.84910
276.497	28.82170
278.508	28.83690
280.519	28.84910
282.527	28.82170
284.538	28.76670
286.547	28.80950
288.563	28.73620
290.569	28.84910
292.580	28.75150
294.591	28.84910
296.602	28.86440
298.621	28.76670
300.624	28.79420
304.646	28.77890
306.657	28.79420
308.665	28.73620
310.676	28.75150
314.696	28.73620
316.707	28.80950
318.718	28.79420
322.740	28.84910
324.751	28.80950
326.762	28.77890
328.770	28.79420
330.781	28.82170
332.790	28.79420
334.801	28.75150
336.812	28.84910
340.831	28.76670
342.842	28.73620
344.853	28.86440
346.867	28.82170
348.878	28.77890
350.889	28.79420
352.900	28.83690
354.908	28.84910
356.919	28.79420
358.930	28.75150
360.941	28.84910
362.952	28.83690
364.966	28.76670
368.985	28.79420
370.994	28.89190
375.016	28.79420
377.027	28.84910
379.038	28.87970
383.057	28.82170
385.066	28.76670
387.077	28.83690
389.088	28.87970
391.099	28.79420
395.118	28.86440
397.129	28.82170
401.149	28.77890
403.160	28.86440
405.171	28.83690
407.182	28.87970
409.193	28.86440
413.217	28.87970
415.226	28.79420
417.240	28.87970
419.251	28.79420
421.264	28.87970
423.275	28.76670
425.286	28.82170
427.297	28.77890
429.311	28.86440
431.322	28.79420
433.333	28.86440
435.344	28.82170
437.357	28.84910
441.379	28.89190
443.390	28.80950
445.401	28.86440
447.415	28.84910
449.426	28.77890
451.437	28.83690
453.448	28.76670
455.459	28.86440
457.467	28.87970
459.479	28.80950
461.487	28.77890
463.521	28.86440
465.509	28.80950
467.517	28.77890
469.528	28.76670
471.537	28.86440
473.548	28.82170
475.559	28.77890
477.570	28.87970
479.581	28.80950
481.589	28.89190
483.603	28.84910
485.611	28.79420
487.622	28.87970
489.633	28.86440
491.642	28.82170
493.653	28.89190
495.664	28.83690
499.683	28.90710
501.694	28.83690
503.705	28.77890
505.714	28.89190
507.725	28.87970
511.744	28.79420
513.755	28.82170
515.766	28.86440
517.785	28.80950
519.786	28.89190
521.797	28.84910
523.808	28.79420
525.816	28.77890
527.827	28.89190
529.838	28.84910
531.847	28.79420
533.858	28.76670
535.866	28.86440
539.888	28.79420
541.899	28.89190
543.908	28.86440
545.919	28.79420
547.930	28.83690
549.941	28.86440
551.952	28.82170
553.963	28.77890
555.974	28.86440
557.985	28.82170
559.993	28.80950
562.004	28.87970
568.035	28.80950
574.065	28.83690
576.073	28.87970
580.096	28.80950
582.107	28.82170
584.115	28.87970
586.126	28.84910
588.137	28.86440
590.148	28.83690
592.159	28.89190
594.170	28.90710
596.178	28.89190
598.189	28.82170
600.200	28.89190
602.209	28.86440
604.220	28.90710
606.236	28.79420
608.239	28.83690
610.250	28.79420
612.261	28.89190
614.270	28.86440
616.281	28.82170
618.292	28.87970
622.311	28.83690
624.320	28.82170
626.331	28.80950
628.342	28.89190
630.353	28.83690
632.364	28.79420
634.372	28.82170
636.383	28.90710
638.394	28.87970
640.405	28.80950
642.414	28.87970
646.436	28.82170
650.458	28.79420
652.466	28.89190
654.477	28.86440
656.488	28.80950
658.499	28.77890
660.508	28.79420
662.519	28.87970
664.527	28.84910
668.549	28.77890
670.560	28.82170
672.571	28.86440
674.580	28.89190
676.591	28.79420
678.599	28.77890
680.610	28.87970
682.621	28.84910
684.630	28.82170
686.641	28.76670
688.649	28.89190
690.660	28.82170
692.671	28.84910
694.679	28.89190
696.693	28.87970
698.702	28.84910
700.713	28.79420
704.732	28.84910
706.743	28.76670
708.751	28.86440
710.762	28.83690
712.773	28.79420
716.793	28.87970
718.804	28.79420
720.815	28.77890
722.823	28.89190
724.847	28.84910
726.843	28.76670
728.854	28.77890
730.865	28.86440
732.876	28.80950
734.887	28.87970
738.904	28.84910
740.915	28.79420
742.926	28.86440
744.937	28.87970
746.945	28.83690
748.956	28.77890
750.967	28.86440
752.978	28.83690
756.998	28.89190
759.006	28.84910
763.028	28.82170
765.039	28.76670
767.050	28.84910
769.059	28.82170
771.070	28.76670
773.081	28.86440
775.089	28.83690
777.100	28.79420
779.111	28.80950
781.120	28.86440
783.131	28.84910
785.139	28.82170
787.150	28.79420
789.161	28.76670
791.172	28.87970
793.183	28.80950
797.203	28.76670
799.211	28.86440
801.222	28.84910
803.233	28.83690
805.241	28.82170
809.263	28.87970
811.274	28.83690
813.283	28.79420
815.294	28.86440
817.302	28.77890
819.316	28.82170
821.327	28.77890
825.349	28.87970
827.360	28.82170
829.368	28.79420
831.379	28.77890
833.388	28.89190
835.399	28.87970
837.410	28.83690
839.418	28.79420
841.429	28.80950
843.438	28.77890
845.451	28.83690
847.460	28.80950
849.471	28.77890
851.482	28.86440
853.493	28.87970
855.501	28.82170
857.512	28.87970
859.523	28.84910
861.532	28.80950
863.543	28.82170
865.554	28.79420
867.565	28.90710
869.573	28.87970
871.584	28.84910
873.595	28.79420
877.615	28.89190
879.626	28.82170
881.634	28.89190
883.645	28.86440
885.656	28.82170
887.667	28.79420
889.676	28.82170
891.687	28.89190
895.706	28.79420
897.717	28.86440
899.728	28.84910
901.739	28.82170
903.748	28.77890
905.759	28.87970
907.767	28.83690
909.778	28.80950
911.789	28.79420
913.798	28.89190
915.809	28.84910
917.820	28.82170
919.831	28.89190
921.839	28.84910
923.850	28.82170
925.861	28.87970
927.872	28.83690
929.883	28.80950
931.894	28.86440
933.905	28.82170
935.916	28.87970
939.936	28.84910
941.944	28.77890
943.958	28.89190
945.969	28.80950
947.980	28.86440
952.002	28.82170
954.010	28.83690
956.021	28.86440
958.040	28.76670
960.043	28.84910
964.065	28.82170
966.074	28.77890
968.085	28.79420
970.093	28.86440
972.104	28.83690
974.115	28.82170
976.126	28.83690
978.137	28.80950
980.145	28.79420
982.157	28.75150
984.165	28.83690
986.176	28.84910
988.187	28.77890
992.209	28.86440
994.217	28.83690
996.228	28.76670
998.239	28.87970
1000.250	28.82170
1002.261	28.76670
1006.281	28.86440
1008.292	28.84910
1010.300	28.83690
1012.311	28.79420
1014.320	28.87970
1016.331	28.84910
1018.342	28.77890
1020.353	28.84910
1022.364	28.82170
1024.375	28.77890
1026.386	28.87970
1028.394	28.82170
1032.414	28.79420
1034.425	28.86440
1036.436	28.80950
1038.444	28.76670
1040.458	28.82170
1042.469	28.86440
1044.477	28.79420
1046.488	28.84910
1048.502	28.86440
1050.508	28.84910
1052.519	28.79420
1054.527	28.80950
1056.538	28.87970
1058.549	28.83690
1060.560	28.84910
1064.593	28.83690
1066.591	28.79420
1068.599	28.87970
1070.610	28.84910
1072.619	28.80950
1074.630	28.84910
1080.660	28.80950
1082.671	28.87970
1084.682	28.84910
1086.693	28.76670
1088.702	28.86440
1090.718	28.84910
1092.721	28.83690
1094.740	28.75150
1096.743	28.84910
1098.751	28.82170
1100.762	28.76670
1102.774	28.86440
1104.785	28.84910
1106.793	28.79420
1108.804	28.89190
1110.815	28.86440
1112.823	28.77890
1114.832	28.79420
1116.843	28.83690
1120.865	28.75150
1122.876	28.82170
1124.887	28.75150
1126.895	28.84910
1128.906	28.87970
1130.915	28.79420
1132.926	28.76670
1134.937	28.86440
1136.948	28.80950
1138.959	28.86440
1140.967	28.87970
1142.978	28.77890
1144.987	28.79420
1147.000	28.86440
1149.011	28.75150
1151.020	28.76670
1153.031	28.87970
1155.039	28.82170
1157.050	28.79420
1159.061	28.87970
1161.072	28.80950
1163.081	28.75150
1165.092	28.87970
1167.103	28.86440
1169.111	28.84910
1171.122	28.79420
1173.133	28.75150
1175.144	28.82170
1177.153	28.86440
1179.161	28.79420
1183.183	28.82170
1185.194	28.83690
1187.205	28.79420
1189.216	28.77890
1191.227	28.87970
1193.238	28.80950
1195.249	28.84910
1197.258	28.86440
1199.269	28.82170
1201.277	28.79420
1203.288	28.75150
1205.299	28.84910
1207.308	28.83690
1209.321	28.77890
1211.330	28.84910
1213.341	28.82170
1215.349	28.80950
1217.360	28.77890
1219.368	28.87970
1221.380	28.82170
1223.391	28.77890
1225.402	28.83690
1227.410	28.86440
1229.421	28.79420
1231.432	28.73620
1233.443	28.87970
1235.454	28.79420
1237.465	28.84910
1239.476	28.86440
1241.484	28.84910
1243.495	28.75150
1245.504	28.80950
1247.515	28.83690
1249.526	28.77890
1251.537	28.76670
1253.548	28.82170
1257.567	28.73620
1259.576	28.84910
1261.587	28.82170
1263.598	28.76670
1265.606	28.77890
1267.617	28.86440
1269.628	28.77890
1271.637	28.84910
1273.648	28.87970
1275.659	28.82170
1279.678	28.86440
1281.689	28.79420
1283.698	28.75150
1285.711	28.84910
1287.722	28.79420
1289.731	28.75150
1291.742	28.84910
1293.753	28.80950
1295.764	28.87970
1297.772	28.80950
1299.783	28.75150
1301.794	28.86440
1303.803	28.79420
1305.814	28.77890
1307.825	28.76670
1309.833	28.86440
1311.844	28.77890
1313.853	28.83690
1315.866	28.80950
1317.877	28.76670
1319.886	28.86440
1321.894	28.77890
1323.905	28.87970
1325.916	28.84910
1327.927	28.77890
1329.938	28.75150
1331.947	28.83690
1333.958	28.75150
1335.971	28.79420
1337.980	28.75150
1339.991	28.86440
1341.999	28.87970
1344.010	28.77890
1346.021	28.76670
1348.032	28.83690
1350.041	28.77890
1352.049	28.75150
1354.060	28.79420
1356.071	28.84910
1358.082	28.76670
1360.093	28.79420
1362.101	28.80950
1364.113	28.77890
1366.124	28.86440
1370.143	28.79420
1372.154	28.76670
1374.162	28.83690
1376.171	28.79420
1378.182	28.80950
1380.195	28.87970
1382.204	28.80950
1384.215	28.76670
1386.226	28.86440
1388.234	28.83690
1390.243	28.80950
1392.267	28.76670
1394.265	28.75150
1396.276	28.83690
1398.287	28.75150
1400.298	28.86440
1402.306	28.83690
1404.317	28.79420
1406.326	28.84910
1408.339	28.80950
1410.350	28.75150
1412.359	28.83690
1414.370	28.82170
1416.381	28.79420
1418.389	28.82170
1420.400	28.87970
1422.411	28.77890
1424.422	28.87970
1426.431	28.86440
1428.442	28.80950
1430.453	28.75150
1432.461	28.86440
1434.472	28.80950
1436.483	28.82170
1438.494	28.83690
1440.505	28.77890
1442.514	28.75150
1444.525	28.73620
1446.533	28.86440
1448.544	28.82170
1450.555	28.83690
1452.566	28.86440
1454.577	28.83690
1456.588	28.77890
1458.597	28.76670
1462.619	28.82170
1464.627	28.79420
1466.636	28.75150
1468.649	28.84910
1470.658	28.86440
1472.671	28.80950
1474.680	28.75150
1476.693	28.86440
1478.696	28.87970
1480.710	28.80950
1482.719	28.75150
1484.727	28.76670
1486.741	28.83690
1488.749	28.79420
1490.763	28.80950
1492.771	28.79420
1494.779	28.86440
1496.793	28.82170
1498.801	28.76670
1502.823	28.84910
1504.832	28.80950
1506.846	28.76670
1508.854	28.83690
1510.862	28.84910
1512.871	28.79420
1514.884	28.77890
1516.893	28.79420
1518.901	28.87970
1520.915	28.83690
1522.923	28.80950
1524.932	28.86440
1526.945	28.84910
1528.954	28.80950
1530.967	28.76670
1532.976	28.86440
1534.989	28.84910
1536.993	28.76670
1539.006	28.87970
1543.023	28.80950
1545.037	28.87970
1547.045	28.83690
1549.059	28.77890
1551.067	28.79420
1553.076	28.84910
1555.084	28.82170
1557.098	28.77890
1559.106	28.86440
1561.115	28.83690
1563.128	28.80950
1565.137	28.84910
1569.159	28.77890
1571.167	28.87970
1573.191	28.86440
1575.189	28.77890
1577.197	28.79420
1579.211	28.86440
1581.220	28.84910
1583.228	28.77890
1585.242	28.84910
1587.250	28.83690
1589.264	28.79420
1591.272	28.75150
1593.280	28.89190
1595.289	28.79420
1597.302	28.77890
1599.311	28.86440
1601.319	28.82170
1603.333	28.83690
1605.341	28.86440
1607.355	28.84910
1609.363	28.80950
1611.372	28.77890
1613.385	28.86440
1615.394	28.82170
1617.402	28.76670
1619.411	28.80950
1621.424	28.83690
1623.433	28.80950
1625.446	28.86440
1629.463	28.82170
1631.477	28.77890
1633.485	28.75150
1635.494	28.84910
1637.507	28.82170
1639.516	28.76670
1641.524	28.87970
1643.538	28.77890
1645.546	28.86440
1647.555	28.84910
1649.568	28.80950
1651.577	28.79420
1653.585	28.89190
1655.599	28.82170
1657.607	28.79420
1659.616	28.77890
1661.629	28.84910
1663.638	28.76670
1665.667	28.79420
1667.660	28.83690
1669.668	28.80950
1671.676	28.77890
1673.690	28.79420
1675.699	28.86440
1677.712	28.82170
1679.721	28.75150
1681.729	28.84910
1683.743	28.79420
1687.759	28.76670
1689.773	28.86440
1691.781	28.83690
1693.790	28.77890
1695.803	28.79420
1697.812	28.76670
1699.831	28.80950
1701.834	28.79420
1703.842	28.75150
1705.851	28.87970
1707.864	28.86440
1709.873	28.83690
1711.881	28.79420
1713.895	28.76670
1715.903	28.83690
1717.912	28.82170
1719.925	28.79420
1721.934	28.87970
1723.942	28.80950
1725.966	28.83690
1727.964	28.76670
1729.978	28.86440
1731.986	28.82170
1733.995	28.77890
1736.003	28.82170
1738.017	28.83690
1740.035	28.79420
1742.034	28.77890
1744.047	28.84910
1748.064	28.77890
1750.103	28.75150
1752.086	28.80950
1756.108	28.86440
1758.122	28.82170
1760.161	28.80950
1762.139	28.82170
1764.147	28.86440
1766.161	28.87970
1768.169	28.83690
1770.177	28.76670
1772.191	28.77890
1774.200	28.84910
1776.218	28.80950
1778.222	28.75150
1780.230	28.86440
1784.252	28.82170
1786.260	28.76670
1788.269	28.82170
1790.282	28.84910
1792.291	28.80950
1794.299	28.77890
1798.321	28.79420
1800.330	28.82170
1802.343	28.73620
1804.362	28.87970
1808.374	28.84910
1810.382	28.80950
1812.391	28.76670
1814.404	28.87970
1816.413	28.83690
1818.421	28.79420
1820.435	28.86440
1822.443	28.76670
1826.470	28.86440
1828.474	28.82170
1830.487	28.80950
1832.496	28.76670
1834.504	28.83690
1836.513	28.77890
1838.526	28.82170
1840.535	28.79420
1842.548	28.75150
1844.557	28.84910
1846.565	28.80950
1848.574	28.76670
1852.596	28.87970
1854.609	28.79420
1858.626	28.87970
1860.645	28.82170
1862.648	28.80950
1864.656	28.83690
1866.670	28.86440
1868.679	28.83690
1870.692	28.79420
1872.701	28.86440
1874.714	28.77890
1876.723	28.79420
1878.731	28.87970
1880.739	28.84910
1882.753	28.80950
1884.761	28.76670
1886.775	28.86440
1888.783	28.83690
1890.792	28.79420
1892.806	28.83690
1894.814	28.87970
1896.822	28.82170
1900.850	28.86440
1902.858	28.75150
1906.880	28.84910
1908.888	28.77890
1912.910	28.80950
1914.924	28.76670
1916.933	28.86440
1918.941	28.82170
1920.955	28.75150
1922.963	28.82170
1924.977	28.77890
1926.985	28.73620
1928.993	28.84910
1931.007	28.82170
1933.015	28.79420
1935.024	28.83690
1939.046	28.76670
1941.060	28.75150
1943.068	28.86440
1945.076	28.84910
1947.085	28.79420
1949.098	28.76670
1951.107	28.82170
1953.115	28.77890
1955.139	28.82170
1957.137	28.83690
1959.146	28.84910
1961.159	28.76670
1963.168	28.75150
1965.181	28.86440
1967.190	28.76670
1969.203	28.80950
1971.222	28.83690
1973.220	28.84910
1975.234	28.82170
1977.242	28.76670
1979.251	28.86440
1981.264	28.82170
1985.286	28.73620
1987.295	28.86440
1991.312	28.76670
1995.334	28.83690
1999.356	28.87970
2001.364	28.82170
2003.378	28.75150
2005.386	28.83690
2007.395	28.77890
2009.408	28.80950
2011.417	28.83690
2015.434	28.82170
2017.447	28.79420
2019.456	28.86440
2023.478	28.80950
2025.486	28.82170
2027.500	28.80950
2029.508	28.75150
2031.516	28.83690
2033.525	28.84910
2035.539	28.77890
2039.561	28.87970
2041.569	28.82170
2043.583	28.76670
2045.591	28.79420
2047.599	28.87970
2051.621	28.84910
2053.630	28.77890
2055.638	28.82170
2057.652	28.87970
2059.660	28.82170
2061.674	28.75150
2063.682	28.83690
2065.691	28.89190
2067.704	28.83690
2069.713	28.79420
2071.721	28.76670
2073.730	28.86440
2077.752	28.80950
2079.765	28.76670
2081.774	28.83690
2085.796	28.77890
2089.813	28.86440
2091.826	28.82170
2095.843	28.79420
2097.852	28.89190
2099.865	28.84910
2101.874	28.79420
2103.887	28.77890
2105.896	28.86440
2107.904	28.80950
2109.918	28.77890
2111.926	28.76670
2113.935	28.75150
2115.948	28.87970
2117.957	28.79420
2119.970	28.76670
2121.979	28.86440
2125.995	28.83690
2128.009	28.77890
2130.018	28.86440
2132.026	28.87970
2134.040	28.83690
2136.048	28.80950
2138.062	28.77890
2140.070	28.86440
2142.078	28.83690
2144.092	28.77890
2148.109	28.87970
2152.136	28.80950
2154.139	28.79420
2156.148	28.77890
2158.161	28.86440
2160.170	28.83690
2162.183	28.76670
2166.200	28.83690
2168.214	28.87970
2172.231	28.79420
2176.253	28.77890
2178.261	28.84910
2180.275	28.80950
2182.299	28.89190
2186.305	28.83690
2188.319	28.84910
2190.327	28.80950
2192.336	28.79420
2194.349	28.87970
2196.358	28.84910
2198.366	28.86440
2200.375	28.87970
2202.388	28.79420
2204.412	28.80950
2206.410	28.87970
2208.419	28.86440
2210.427	28.87970
2212.441	28.89190
2214.449	28.77890
2220.480	28.76670
2222.493	28.86440
2224.512	28.87970
2226.515	28.80950
2228.524	28.79420
2230.532	28.77890
2232.546	28.87970
2234.554	28.86440
2238.571	28.87970
2240.585	28.84910
2242.593	28.79420
2244.601	28.77890
2246.615	28.87970
2248.623	28.89190
2252.646	28.84910
2254.654	28.87970
2256.668	28.82170
2258.676	28.83690
2260.684	28.79420
2262.703	28.80950
2264.706	28.87970
2268.728	28.89190
2270.742	28.80950
2272.756	28.84910
2274.759	28.76670
2276.773	28.87970
2282.803	28.83690
2284.811	28.80950
2286.825	28.77890
2288.833	28.80950
2290.847	28.91930
2292.850	28.90710
2294.864	28.83690
2296.872	28.84910
2300.894	28.83690
2302.903	28.80950
2304.911	28.79420
2306.925	28.83690
2308.933	28.89190
2310.947	28.80950
2312.955	28.79420
2314.969	28.89190
2316.977	28.86440
2318.986	28.79420
2320.999	28.83690
2323.008	28.77890
2325.016	28.82170
2327.030	28.89190
2329.038	28.86440
2331.047	28.82170
2333.060	28.87970
2335.069	28.90710
2337.082	28.91930
2339.091	28.89190
2341.099	28.87970
2343.108	28.86440
2345.121	28.83690
2347.130	28.79420
2351.152	28.87970
2353.160	28.84910
2355.174	28.82170
2357.182	28.83690
2361.209	28.86440
2363.213	28.83690
2365.226	28.86440
2367.235	28.80950
2371.257	28.89190
2373.265	28.87970
2375.274	28.84910
2377.287	28.83690
2379.296	28.80950
2381.309	28.89190
2383.318	28.90710
2385.326	28.87970
2387.334	28.86440
2389.348	28.82170
2391.357	28.80950
2393.365	28.82170
2395.379	28.89190
2397.387	28.84910
2399.401	28.83690
2401.409	28.87970
2403.438	28.90710
2405.431	28.87970
2407.439	28.83690
2409.448	28.80950
2415.478	28.87970
2417.492	28.82170
2419.506	28.90710
2421.509	28.89190
2423.522	28.87970
2427.539	28.80950
2431.561	28.89190
2433.570	28.83690
2435.583	28.80950
2437.592	28.84910
2439.605	28.87970
2441.614	28.86440
2443.622	28.89190
2445.631	28.84910
2447.644	28.79420
2449.653	28.80950
2451.661	28.83690
2453.675	28.89190
2455.683	28.80950
2459.705	28.89190
2463.727	28.84910
2465.736	28.83690
2467.744	28.82170
2469.753	28.80950
2471.766	28.90710
2473.775	28.89190
2475.788	28.80950
2477.797	28.86440
2479.805	28.91930
2481.819	28.86440
2483.827	28.82170
2485.835	28.80950
2487.849	28.83690
2491.871	28.82170
2493.880	28.89190
2495.888	28.84910
2497.902	28.83690
2499.910	28.82170
2501.918	28.90710
2505.940	28.84910
2507.949	28.80950
2509.957	28.90710
2511.971	28.89190
2513.979	28.87970
2515.988	28.80950
2518.001	28.87970
2520.015	28.82170
2522.023	28.90710
2524.032	28.89190
2526.045	28.83690
2528.054	28.80950
2534.084	28.90710
2536.093	28.89190
2538.101	28.84910
2540.115	28.82170
2542.128	28.79420
2544.137	28.89190
2548.154	28.86440
2550.167	28.84910
2552.176	28.82170
2556.198	28.80950
2558.206	28.86440
2560.220	28.79420
2562.228	28.82170
2564.242	28.79420
2566.250	28.80950
2568.259	28.84910
2570.283	28.86440
2574.289	28.79420
2576.298	28.80950
2578.311	28.89190
2580.320	28.83690
2582.328	28.82170
2584.342	28.86440
2586.350	28.87970
2588.364	28.84910
2590.377	28.83690
2594.394	28.80950
2596.403	28.90710
2598.411	28.87970
2600.425	28.86440
2602.433	28.82170
2604.447	28.83690
2606.455	28.80950
2608.464	28.93460
2610.477	28.90710
2612.486	28.83690
2614.499	28.91930
2616.508	28.93460
2618.516	28.90710
2620.530	28.91930
2622.538	28.86440
2624.546	28.83690
2626.560	28.86440
2628.568	28.90710
2632.591	28.87970
2634.604	28.84910
2636.613	28.83690
2638.621	28.91930
2642.643	28.90710
2644.657	28.87970
2646.665	28.86440
2648.673	28.87970
2650.687	28.79420
2652.695	28.87970
2654.704	28.90710
2656.718	28.91930
2660.734	28.84910
2662.743	28.82170
2664.756	28.83690
2666.765	28.86440
2668.773	28.83690
2670.787	28.91930
2672.795	28.89190
2674.809	28.86440
2676.817	28.89190
2678.831	28.91930
2680.839	28.93460
2682.848	28.86440
2684.861	28.87970
2686.870	28.83690
2688.883	28.86440
2690.892	28.87970
2692.900	28.91930
2694.914	28.86440
2698.931	28.82170
2700.944	28.80950
2702.953	28.83690
2704.961	28.90710
2706.970	28.82170
2708.983	28.91930
2710.992	28.87970
2713.000	28.86440
2715.014	28.84910
2717.022	28.83690
2719.036	28.90710
2721.044	28.93460
2723.053	28.87970
2729.083	28.82170
2731.102	28.90710
2733.105	28.87970
2735.114	28.82170
2739.136	28.80950
2741.144	28.84910
2743.158	28.89190
2749.188	28.84910
2751.197	28.90710
2753.205	28.87970
2755.219	28.84910
2757.227	28.91930
2759.235	28.93460
2761.249	28.86440
2765.266	28.80950
2767.279	28.90710
2769.288	28.87970
2771.301	28.83690
2773.310	28.91930
2777.332	28.90710
2779.351	28.82170
2781.349	28.93460
2783.362	28.87970
2785.371	28.82170
2787.384	28.93460
2789.393	28.91930
2791.401	28.83690
2793.410	28.80950
2795.423	28.82170
2797.432	28.87970
2799.445	28.89190
2801.459	28.86440
2803.467	28.83690
2805.481	28.82170
2807.489	28.90710
2809.503	28.84910
2811.511	28.82170
2813.520	28.91930
2815.533	28.90710
2817.542	28.91930
2819.550	28.86440
2823.572	28.90710
2825.581	28.91930
2827.594	28.84910
2829.603	28.87970
2831.616	28.80950
2833.625	28.91930
2835.638	28.86440
2837.647	28.82170
2839.655	28.93460
2841.664	28.91930
2843.677	28.84910
2845.686	28.82170
2847.694	28.84910
2849.708	28.90710
2851.716	28.83690
2853.730	28.93460
2855.738	28.89190
2857.747	28.86440
2859.760	28.82170
2861.769	28.91930
2863.777	28.87970
2865.786	28.86440
2867.840	28.83690
2869.808	28.89190
2871.832	28.86440
2873.830	28.80950
2875.838	28.87970
2877.852	28.90710
2879.860	28.84910
2883.882	28.83690
2885.891	28.80950
2887.899	28.91930
2889.913	28.89190
2891.921	28.82170
2893.930	28.80950
2895.943	28.89190
2897.952	28.91930
2899.960	28.87970
2901.974	28.90710
2903.982	28.86440
2905.990	28.84910
2908.004	28.83690
2910.012	28.93460
2912.026	28.86440
2914.034	28.82170
2918.051	28.84910
2920.065	28.91930
2922.073	28.93460
2924.082	28.91930
2926.095	28.89190
2928.104	28.86440
2930.117	28.87970
2932.126	28.93460
2934.134	28.91930
2936.148	28.86440
2938.156	28.82170
2942.178	28.93460
2946.195	28.87970
2948.209	28.82170
2950.217	28.90710
2952.226	28.86440
2954.239	28.82170
2956.248	28.93460
2958.256	28.87970
2960.270	28.83690
2962.278	28.93460
2964.287	28.89190
2966.300	28.82170
2970.322	28.93460
2972.331	28.83690
2974.339	28.82170
2976.348	28.89190
2978.361	28.86440
2980.370	28.84910
2982.378	28.89190
2984.392	28.86440
2986.400	28.84910
2988.419	28.90710
2990.422	28.86440
2992.431	28.82170
2994.444	28.91930
2996.453	28.93460
2998.461	28.83690
3000.469	28.94980
3002.483	28.90710
3004.491	28.89190
3006.500	28.87970
3008.513	28.82170
3010.522	28.93460
3012.536	28.84910
3014.544	28.83690
3016.552	28.91930
3018.566	28.90710
3020.574	28.89190
3022.583	28.84910
3024.596	28.82170
3026.605	28.91930
3028.613	28.86440
3030.627	28.90710
3032.635	28.91930
3034.644	28.87970
3036.657	28.86440
3038.666	28.93460
3040.674	28.90710
3042.688	28.93460
3046.710	28.87970
3048.723	28.86440
3050.727	28.90710
3052.740	28.83690
3054.754	28.91930
3056.762	28.93460
3058.771	28.87970
3060.784	28.84910
3062.793	28.91930
3064.806	28.89190
3066.815	28.83690
3068.828	28.90710
3070.837	28.83690
3074.859	28.91930
3076.867	28.82170
3078.881	28.84910
3080.889	28.91930
3082.898	28.86440
3084.911	28.84910
3086.920	28.90710
3090.937	28.83690
3092.950	28.86440
3094.959	28.90710
3096.967	28.89190
3098.981	28.93460
3103.003	28.90710
3105.011	28.98950
3107.020	28.97730
3109.038	28.90710
3113.050	28.96210
3115.059	28.90710
3117.072	28.89190
3119.081	28.98950
3121.094	28.93460
3123.103	28.91930
3125.111	28.86440
3127.125	28.94980
3129.133	28.93460
3131.142	28.87970
3133.155	28.98950
3135.164	28.96210
3137.172	28.90710
3139.186	28.97730
3141.194	28.89190
3143.202	28.87970
3145.216	28.93460
3147.224	28.97730
3149.233	28.91930
3151.246	28.94980
3153.255	28.87970
3155.269	28.93460
3157.277	28.98950
3159.285	28.91930
3161.299	28.87970
3163.307	28.97730
3165.316	28.94980
3167.329	28.96210
3171.351	28.90710
3173.360	28.96210
3175.368	28.98950
3177.377	28.94980
3179.390	28.89190
3181.404	28.94980
3183.412	28.93460
3185.421	28.87970
3187.434	28.96210
3189.443	28.90710
3191.451	28.87970
3193.460	28.96210
3195.473	28.94980
3197.482	28.90710
3199.495	28.93460
3201.504	28.97730
3203.517	28.93460
3205.526	28.91930
3207.534	28.98950
3209.543	28.90710
3211.556	28.86440
3215.573	28.97730
3217.582	28.90710
3219.595	28.93460
3221.604	28.97730
3223.617	28.96210
3225.626	28.89190
3227.634	28.96210
3229.648	28.94980
3231.656	28.93460
3233.665	28.90710
3235.678	28.96210
3239.695	28.90710
3241.709	28.96210
3243.717	28.93460
3245.725	28.84910
3249.747	28.96210
3251.756	28.91930
3253.770	28.87970
3255.778	28.97730
3257.786	28.91930
3259.800	28.87970
3261.808	28.84910
3263.817	28.96210
3265.830	28.90710
3267.839	28.86440
3269.852	28.84910
3271.861	28.93460
3273.875	28.87970
3275.883	28.86440
3277.891	28.94980
3279.905	28.93460
3281.913	28.87970
3283.922	28.90710
3285.935	28.86440
3287.944	28.97730
3289.957	28.94980
3291.966	28.87970
3293.979	28.97730
3295.988	28.90710
3297.996	28.87970
3300.005	28.86440
3302.018	28.97730
3304.027	28.94980
3306.040	28.93460
3308.049	28.91930
3310.057	28.86440
3312.071	28.93460
3314.079	28.90710
3316.088	28.86440
3318.101	28.97730
3320.115	28.96210
3322.118	28.91930
3326.140	28.87970
3328.149	28.97730
3330.162	28.89190
3332.171	28.86440
3334.184	28.97730
3336.193	28.94980
3338.201	28.90710
3340.210	28.86440
3342.223	28.84910
3344.232	28.90710
3346.240	28.93460
3348.254	28.86440
3350.267	28.94980
3352.276	28.97730
3354.284	28.89190
3356.298	28.96210
3360.315	28.89190
3362.328	28.87970
3364.342	28.94980
3366.350	28.90710
3368.359	28.96210
3370.372	28.89190
3372.381	28.94980
3374.389	28.86440
3376.398	28.84910
3378.411	28.93460
3380.420	28.84910
3382.433	28.86440
3384.442	28.96210
3386.450	28.93460
3390.472	28.84910
3392.486	28.93460
3394.494	28.89190
3396.503	28.86440
3398.516	28.83690
3400.525	28.90710
3402.533	28.94980
3404.547	28.84910
3408.569	28.87970
3410.577	28.93460
3414.599	28.91930
3416.608	28.87970
3418.616	28.86440
3420.630	28.93460
3422.638	28.87970
3424.652	28.94980
3426.660	28.90710
3430.677	28.87970
3432.690	28.83690
3434.699	28.93460
3436.723	28.83690
3438.736	28.91930
3440.745	28.93460
3442.753	28.91930
3444.762	28.90710
3446.775	28.83690
3448.784	28.86440
3450.792	28.82170
3452.806	28.93460
3454.814	28.86440
3458.836	28.83690
3460.845	28.80950
3462.858	28.89190
3466.880	28.84910
3468.914	28.82170
3470.902	28.83690
3472.911	28.91930
3476.933	28.87970
3478.946	28.84910
3480.955	28.91930
3482.963	28.93460
3484.977	28.91930
3486.985	28.82170
3489.009	28.93460
3491.012	28.84910
3493.021	28.80950
3495.029	28.82170
3497.043	28.91930
3505.082	28.83690
3507.095	28.86440
3509.104	28.91930
3515.134	28.86440
3517.143	28.87970
3519.151	28.83690
3521.165	28.80950
3523.173	28.79420
3525.182	28.93460
3527.195	28.86440
3529.204	28.82170
3531.217	28.90710
3533.226	28.87970
3535.239	28.84910
3537.248	28.83690
3539.256	28.93460
3541.270	28.90710
3545.287	28.87970
3547.300	28.86440
3549.309	28.82170
3551.322	28.90710
3555.339	28.86440
3557.348	28.83690
3559.361	28.82170
3563.378	28.80950
3565.392	28.90710
3567.400	28.86440
3569.408	28.83690
3571.422	28.90710
3577.453	28.86440
3581.475	28.84910
3583.483	28.82170
3585.491	28.80950
3587.500	28.83690
3589.513	28.86440
3591.522	28.82170
3593.535	28.83690
3595.544	28.93460
3597.552	28.97730
3599.561	28.91930
3601.574	28.93460
3603.583	28.90710
3605.596	28.86440
3607.605	28.97730
3609.613	28.98950
3611.627	28.89190
3613.635	28.91930
3617.657	28.96210
3619.666	28.97730
3623.688	28.96210
3625.696	28.97730
3627.705	28.91930
3629.718	28.86440
3631.727	28.93460
3633.740	28.98950
3635.749	28.96210
3637.762	28.89190
3639.771	28.86440
3641.779	28.87970
3643.793	28.98950
3647.810	28.94980
3649.823	28.91930
3651.837	28.89190
3653.845	28.96210
3655.854	28.91930
3657.862	28.90710
3659.871	28.98950
3661.894	28.94980
3663.893	28.93460
3667.915	28.87970
3669.928	28.91930
3671.962	28.89190
3673.945	28.97730
3675.959	28.96210
3677.967	28.89190
3679.976	28.86440
3682.015	28.94980
3683.998	28.91930
3686.006	28.90710
3688.020	28.84910
3690.028	28.98950
3692.036	28.96210
3694.050	28.90710
3696.058	28.93460
3700.081	28.86440
3702.094	28.94980
3704.103	28.93460
3706.116	28.94980
3708.125	28.91930
3710.138	28.87970
3712.147	28.89190
3714.160	28.96210
3716.179	28.93460
3718.177	28.87970
3720.186	28.84910
3722.199	28.96210
3724.208	28.94980
3726.216	28.86440
3728.230	28.87970
3730.238	28.94980
3732.246	28.93460
3734.260	28.87970
3736.268	28.84910
3738.277	28.89190
3740.296	28.86440
3742.299	28.94980
3744.307	28.89190
3748.329	28.83690
3750.338	28.96210
3752.351	28.94980
3754.360	28.96210
3756.368	28.93460
3758.382	28.90710
3762.399	28.87970
3766.421	28.96210
3768.434	28.86440
3770.443	28.90710
3772.456	28.83690
3774.465	28.94980
3776.473	28.93460
3778.487	28.90710
3780.495	28.89190
3782.504	28.86440
3784.517	28.94980
3786.526	28.96210
3788.539	28.87970
3790.548	28.84910
3792.556	28.89190
3796.578	28.87970
3798.587	28.84910
3800.600	28.90710
3802.609	28.87970
3804.617	28.86440
3808.639	28.93460
3810.648	28.91930
3812.661	28.87970
3814.670	28.93460
3816.678	28.84910
3818.687	28.90710
3820.700	28.83690
3822.709	28.96210
3824.717	28.86440
3826.731	28.94980
3828.739	28.87970
3830.753	28.97730
3834.769	28.91930
3836.778	28.86440
3838.791	28.87970
3840.800	28.93460
3842.814	28.90710
3844.822	28.91930
3846.830	28.86440
3848.844	28.84910
3850.852	28.94980
3852.861	28.93460
3854.874	28.90710
3856.883	28.87970
3858.896	28.93460
3860.905	28.94980
3862.919	28.87970
3864.927	28.94980
3866.941	28.87970
3868.949	28.93460
3870.957	28.90710
3872.971	28.86440
3874.979	28.84910
3876.988	28.94980
3879.001	28.91930
3881.010	28.93460
3883.023	28.89190
3885.032	28.86440
3887.046	28.96210
3889.054	28.90710
3893.076	28.84910
3895.084	28.93460
3897.093	28.94980
3899.106	28.93460
3901.125	28.91930
3905.137	28.96210
3907.145	28.90710
3909.154	28.89190
3911.167	28.86440
3913.176	28.96210
3915.184	28.94980
3917.198	28.90710
3919.206	28.86440
3921.220	28.94980
3923.228	28.91930
3925.237	28.89190
3927.245	28.84910
3929.259	28.87970
3931.267	28.91930
3933.276	28.87970
3935.289	28.90710
3937.298	28.94980
3939.311	28.90710
3941.320	28.86440
3943.328	28.93460
3945.342	28.89190
3947.350	28.84910
3949.359	28.83690
3951.372	28.93460
3953.381	28.87970
3955.394	28.89190
3957.403	28.91930
3959.411	28.87970
3961.420	28.93460
3963.433	28.96210
3965.442	28.93460
3967.450	28.90710
3969.464	28.86440
3971.472	28.97730
3973.486	28.86440
3975.494	28.91930
3977.502	28.96210
3979.516	28.94980
3981.525	28.87970
3983.543	28.97730
3985.547	28.93460
3987.555	28.89190
3989.569	28.94980
3991.577	28.96210
3993.585	28.94980
3995.599	28.91930
3997.607	28.86440
3999.626	28.96210
4001.629	28.94980
4003.638	28.93460
4005.652	28.84910
4007.660	28.94980
4009.674	28.90710
4011.682	28.97730
4015.704	28.89190
4019.721	28.96210
4023.743	28.90710
4027.765	28.96210
4029.773	28.91930
4031.782	28.87970
4033.795	28.98950
4035.804	28.91930
4037.812	28.90710
4039.852	28.97730
4043.843	28.90710
4045.856	28.93460
4047.865	28.94980
4049.873	28.90710
4051.887	28.98950
4053.895	28.94980
4055.904	28.90710
4057.917	28.87970
4059.926	28.98950
4061.934	28.94980
4063.948	28.90710
4065.956	28.97730
4067.970	28.90710
4070.014	28.87970
4071.987	28.97730
4074.000	28.90710
4076.009	28.86440
4078.017	28.96210
4080.026	28.94980
4082.039	28.91930
4084.048	28.87970
4086.061	28.93460
4088.070	28.87970
4090.078	28.97730
4092.092	28.94980
4094.100	28.87970
4096.108	28.91930
4102.139	28.86440
4104.153	28.96210
4106.161	28.93460
4108.175	28.90710
4110.183	28.97730
4112.191	28.94980
4114.200	28.91930
4116.213	28.87970
4118.222	28.98950
4120.230	28.93460
4124.252	28.89190
4126.261	28.97730
4128.274	28.91930
4130.283	28.87970
4132.296	28.98950
4134.305	28.94980
4136.313	28.96210
4138.327	28.94980
4140.335	28.97730
4142.349	28.90710
4144.357	28.94980
4146.371	28.96210
4148.379	28.87970
4150.388	28.91930
4154.410	28.90710
4158.427	28.91930
4160.440	28.93460
4164.457	28.86440
4166.466	28.97730
4168.479	28.93460
4170.488	28.90710
4172.501	28.96210
4174.510	28.93460
4176.523	28.87970
4178.532	28.94980
4180.540	28.97730
4182.549	28.91930
4184.562	28.87970
4186.586	28.91930
4188.584	28.94980
4190.593	28.89190
4194.615	28.97730
4196.623	28.96210
4198.632	28.90710
4200.645	28.94980
4202.674	28.96210
4204.662	28.91930
4206.676	28.97730
4210.692	28.91930
4212.706	28.94980
4214.720	28.93460
4216.728	28.87970
4220.750	28.98950
4222.759	28.93460
4224.767	28.89190
4226.781	28.93460
4228.789	28.98950
4230.797	28.90710
4232.811	28.91930
4234.819	28.96210
4236.828	28.84910
4238.841	28.90710
4240.850	28.96210
4242.858	28.90710
4244.872	28.87970
4246.880	28.89190
4248.889	28.94980
4250.902	28.93460
4252.911	28.97730
4254.924	28.93460
4256.933	28.90710
4258.941	28.87970
4260.950	28.97730
4262.963	28.96210
4264.972	28.86440
4266.985	28.98950
4268.994	28.97730
4271.002	28.89190
4273.011	28.86440
4275.024	28.97730
4277.033	28.93460
4279.041	28.90710
4283.063	28.86440
4285.072	28.97730
4287.085	28.87970
4289.094	28.89190
4291.107	28.94980
4293.116	28.89190
4295.124	28.94980
4297.138	28.96210
4299.146	28.97730
4301.155	28.93460
4303.168	28.97730
4305.177	28.90710
4309.199	28.84910
4311.207	28.94980
4313.221	28.86440
4315.229	28.89190
4317.238	28.96210
4319.251	28.91930
4321.265	28.96210
4323.273	28.90710
4325.282	28.89190
4327.295	28.96210
4329.304	28.94980
4333.320	28.89190
4335.334	28.87970
4337.342	28.94980
4339.356	28.96210
4341.365	28.87970
4343.378	28.96210
4345.387	28.91930
4347.395	28.89190
4349.409	28.86440
4351.417	28.94980
4353.431	28.87970
4355.439	28.97730
4357.447	28.94980
4359.456	28.93460
4361.469	28.86440
4363.478	28.96210
4365.492	28.87970
4367.500	28.93460
4369.519	28.96210
4371.522	28.91930
4373.530	28.87970
4375.539	28.97730
4377.552	28.89190
4379.561	28.91930
4381.574	28.97730
4383.583	28.89190
4385.591	28.90710
4387.605	28.91930
4389.613	28.90710
4391.622	28.87970
4393.635	28.84910
4395.649	28.91930
4397.652	28.90710
4399.661	28.89190
4401.674	28.94980
4403.683	28.91930
4405.696	28.84910
4407.705	28.94980
4409.713	28.93460
4411.727	28.87970
4413.735	28.94980
4417.757	28.89190
4419.766	28.86440
4421.784	28.94980
4423.788	28.89190
4425.796	28.93460
4427.805	28.97730
4429.818	28.91930
4431.827	28.86440
4433.835	28.89190
4435.849	28.93460
4437.857	28.89190
4441.879	28.98950
4443.888	28.90710
4445.901	28.86440
4447.910	28.97730
4449.918	28.96210
4451.926	28.89190
4453.940	28.86440
4455.948	28.93460
4457.957	28.91930
4459.971	28.90710
4461.979	28.84910
4463.993	28.90710
4470.023	28.86440
4472.031	28.94980
4474.045	28.96210
4476.053	28.89190
4478.062	28.86440
4480.075	28.94980
4482.084	28.93460
4484.092	28.87970
4486.106	28.96210
4488.114	28.89190
4490.128	28.96210
4492.136	28.94980
4494.150	28.84910
4496.158	28.91930
4498.167	28.97730
4500.180	28.90710
4502.189	28.87970
4504.197	28.96210
4506.206	28.93460
4508.219	28.91930
4514.250	28.84910
4516.263	28.94980
4518.282	28.87970
4520.296	28.93460
4522.304	28.96210
4524.313	28.91930
4526.326	28.89190
4528.335	28.91930
4532.352	28.89190
4534.365	28.84910
4536.374	28.93460
4538.387	28.87970
4540.396	28.96210
4544.418	28.93460
4546.426	28.89190
4548.440	28.94980
4550.448	28.86440
4552.457	28.87970
4554.470	28.72400
4556.479	28.49820
4558.487	28.41270
4560.501	28.40050
4562.509	28.49820
4564.517	28.41270
4566.531	28.48290
4568.539	28.40050
4570.553	28.47070
4572.561	28.48290
4574.570	28.42800
4576.584	28.45550
4578.592	28.47070
4580.606	28.42800
4582.614	28.45550
4584.622	28.47070
4586.631	28.45550
4588.644	28.41270
4590.653	28.48290
4592.661	28.44320
4594.675	28.42800
4596.683	28.47070
4598.697	28.49820
4600.705	28.42800
4602.714	28.48290
4604.727	28.47070
4606.736	28.42800
4608.744	28.40050
4610.753	28.45550
4614.775	28.44320
4616.788	28.49820
4618.802	28.44320
4620.810	28.41270
4622.819	28.47070
4624.832	28.44320
4626.841	28.49820
4628.854	28.40050
4630.863	28.54090
4632.871	28.48290
4634.885	28.45550
4636.893	28.49820
4638.902	28.48290
4640.910	28.41270
4642.924	28.51340
4644.932	28.45550
4646.956	28.48290
4648.959	28.42800
4650.968	28.45550
4652.976	28.48290
4654.990	28.40050
4656.998	28.51340
4659.007	28.52560
4661.020	28.44320
4663.029	28.41270
4665.042	28.45550
4667.051	28.41270
4669.059	28.45550
4671.088	28.47070
4673.081	28.44320
4675.090	28.52560
4677.098	28.49820
4679.112	28.42800
4681.120	28.44320
4683.129	28.40050
4685.142	28.47070
4687.151	28.41270
4689.159	28.49820
4691.173	28.42800
4693.181	28.40050
4695.190	28.51340
4697.203	28.44320
4699.217	28.42800
4701.225	28.48290
4703.239	28.44320
4705.247	28.49820
4707.256	28.47070
4709.269	28.41270
4711.278	28.51340
4713.286	28.49820
4715.300	28.42800
4717.308	28.41270
4719.322	28.49820
4721.330	28.41270
4723.344	28.52560
4725.352	28.41270
4729.374	28.48290
4731.383	28.44320
4733.396	28.52560
4735.410	28.47070
4737.418	28.48290
4739.427	28.41270
4741.435	28.51340
4745.457	28.44320
4747.466	28.40050
4749.479	28.48290
4751.488	28.54090
4753.496	28.40050
4755.510	28.42800
4757.518	28.38530
4759.526	28.51340
4761.540	28.48290
4763.549	28.44320
4765.557	28.42800
4767.571	28.51340
4769.579	28.49820
4771.593	28.40050
4773.606	28.48290
4775.615	28.41270
4779.637	28.51340
4781.645	28.48290
4783.664	28.44320
4785.667	28.52560
4787.676	28.51340
4789.689	28.47070
4791.698	28.42800
4793.706	28.52560
4795.720	28.44320
4797.728	28.51340
4799.742	28.48290
4801.750	28.40050
4803.764	28.52560
4805.772	28.49820
4807.780	28.47070
4809.789	28.41270
4811.803	28.48290
4813.811	28.41270
4817.833	28.52560
4819.847	28.45550
4821.855	28.41270
4823.869	28.52560
4825.877	28.44320
4829.899	28.47070
4831.907	28.41270
4833.921	28.40050
4835.930	28.49820
4839.952	28.42800
