Elapsed time [s]	Value [0,300]
0.000	281.6280
1.024	281.6810
3.035	281.6280
5.046	281.6810
7.057	281.6280
13.090	281.5850
15.101	281.6280
17.112	281.6810
19.121	281.6280
23.143	281.6810
25.154	281.6280
29.176	281.6810
31.184	281.7770
33.195	281.6280
35.206	281.7770
37.217	281.6280
39.228	281.6810
45.261	281.6280
47.270	281.7240
49.281	281.6810
53.303	281.6280
61.344	281.7240
63.355	281.6810
65.377	281.6280
73.418	281.6810
75.429	281.6280
81.462	281.7770
83.473	281.6810
85.482	281.6280
87.493	281.6810
93.523	281.6280
97.545	281.7240
101.567	281.6810
103.576	281.7240
109.611	281.6280
113.633	281.6810
115.644	281.6280
121.682	281.6810
123.686	281.6280
129.719	281.6810
131.730	281.6280
133.756	281.6810
137.763	281.6280
141.785	281.6810
143.796	281.7240
145.807	281.6810
147.815	281.7770
149.826	281.6810
151.840	281.6280
157.870	281.6810
159.881	281.6280
161.900	281.6810
165.912	281.6280
169.934	281.6810
171.945	281.6280
177.975	281.6810
179.984	281.6280
190.039	281.7240
192.050	281.6810
194.061	281.6280
204.116	281.6810
206.119	281.6280
210.141	281.7240
212.152	281.6810
218.180	281.6280
222.202	281.6810
224.213	281.6280
226.229	281.6810
230.244	281.6280
232.270	281.6810
234.263	281.6280
238.283	281.7240
242.305	281.6280
244.316	281.6810
250.346	281.7240
252.357	281.6280
254.368	281.6810
256.379	281.5850
258.388	281.6280
262.407	281.6810
264.418	281.7240
266.432	281.6810
268.443	281.6280
270.451	281.6810
272.462	281.6280
274.476	281.7240
276.484	281.6810
278.495	281.6280
280.503	281.6810
282.515	281.6280
284.526	281.6810
286.534	281.6280
288.560	281.7240
290.556	281.6810
294.578	281.6280
296.589	281.6810
302.625	281.6280
306.647	281.6810
308.658	281.5320
310.669	281.6810
312.680	281.6280
320.721	281.7240
322.730	281.6280
328.760	281.5850
330.771	281.6280
336.799	281.6810
338.810	281.6280
340.824	281.7770
342.837	281.6810
346.857	281.6280
348.870	281.6810
354.903	281.5320
356.914	281.6280
358.923	281.5850
360.934	281.6810
364.966	281.6280
366.969	281.6810
368.975	281.6280
372.997	281.6810
375.008	281.6280
383.052	281.6810
385.061	281.6280
389.083	281.7240
393.102	281.6810
397.124	281.6280
399.135	281.6810
401.146	281.6280
403.157	281.6810
407.182	281.6280
411.204	281.6810
417.237	281.6280
427.297	281.6810
431.322	281.6280
443.390	281.6810
445.401	281.6280
449.423	281.6810
457.478	281.5850
459.489	281.6810
463.521	281.6280
469.544	281.6810
471.552	281.6280
473.563	281.6810
475.572	281.6280
477.583	281.6810
481.605	281.6280
483.616	281.5850
485.627	281.6280
487.638	281.6810
489.649	281.5850
491.660	281.6280
493.671	281.6810
495.682	281.6280
501.712	281.5320
503.721	281.6810
505.732	281.5320
507.743	281.6280
511.765	281.6810
515.784	281.6280
519.806	281.5320
521.820	281.6280
527.850	281.6810
529.861	281.5850
531.872	281.6810
535.897	281.6280
539.919	281.6810
541.930	281.6280
545.947	281.6810
551.977	281.6280
553.991	281.6810
556.002	281.6280
562.032	281.5320
564.043	281.5850
566.054	281.6280
568.063	281.6810
570.074	281.5850
572.082	281.5320
574.093	281.6810
576.104	281.5320
578.123	281.6810
580.134	281.6280
584.161	281.6810
586.165	281.6280
588.173	281.6810
590.184	281.6280
592.195	281.6810
594.206	281.6280
596.217	281.6810
600.239	281.5850
604.261	281.5320
606.270	281.6280
608.281	281.6810
612.300	281.6280
622.355	281.6810
626.375	281.7770
628.386	281.6280
630.397	281.5320
632.408	281.6280
636.430	281.5320
638.441	281.6280
642.460	281.6810
644.471	281.5850
646.482	281.6280
650.504	281.6810
656.532	281.7240
658.543	281.6810
660.554	281.6280
664.576	281.6810
668.596	281.6280
670.607	281.6810
672.615	281.5320
674.626	281.6280
678.645	281.5850
680.654	281.6280
686.687	281.6810
688.698	281.6280
692.717	281.6810
694.726	281.6280
698.748	281.6810
700.759	281.5850
702.767	281.6280
704.786	281.5320
706.797	281.6810
708.805	281.5850
712.825	281.6280
720.866	281.5850
722.875	281.6810
724.886	281.6280
728.908	281.6810
730.919	281.5320
732.930	281.6810
738.960	281.5850
742.985	281.5320
747.004	281.6280
751.024	281.6810
755.048	281.5850
757.060	281.6280
761.079	281.6810
763.090	281.6280
767.112	281.6810
771.131	281.6280
773.142	281.6810
775.151	281.6280
787.214	281.6810
789.225	281.6280
791.236	281.6810
793.247	281.6280
801.289	281.6810
805.308	281.5320
807.319	281.5850
809.330	281.6280
811.339	281.5320
813.350	281.6280
815.361	281.6810
817.372	281.5850
819.383	281.6810
823.405	281.6280
831.457	281.6810
839.501	281.6280
841.509	281.7240
843.520	281.6280
845.531	281.5320
847.540	281.6810
849.553	281.6280
851.562	281.5320
853.573	281.6810
855.584	281.5320
857.592	281.6280
859.603	281.5850
861.614	281.6280
867.647	281.5850
869.658	281.6810
873.683	281.6280
875.694	281.6810
877.705	281.6280
879.713	281.6810
881.724	281.6280
887.757	281.5850
891.777	281.5320
895.799	281.6810
897.810	281.5320
899.821	281.6280
901.832	281.6810
903.843	281.6280
905.851	281.6810
907.862	281.6280
909.881	281.5850
911.882	281.7240
913.893	281.6810
915.904	281.5850
917.915	281.6280
919.923	281.5850
921.934	281.6280
923.945	281.5850
925.954	281.6280
933.995	281.6810
938.015	281.6280
940.026	281.5850
942.037	281.6280
946.056	281.5320
948.070	281.6810
950.083	281.6280
952.092	281.5850
956.124	281.6810
958.132	281.5850
960.141	281.5320
962.152	281.6810
964.166	281.6280
966.174	281.5320
968.185	281.6810
970.199	281.6280
974.218	281.5320
976.229	281.6810
982.262	281.6280
986.282	281.5850
988.295	281.6280
992.315	281.5850
994.323	281.6810
996.334	281.5320
998.342	281.6280
1016.444	281.5850
1018.458	281.6810
1020.464	281.6280
1022.475	281.5850
1026.499	281.6810
1028.510	281.6280
1032.532	281.6810
1034.554	281.6280
1036.554	281.6810
1038.565	281.5320
1040.574	281.6810
1042.585	281.5850
1044.593	281.5320
1046.607	281.6280
1050.626	281.6810
1052.637	281.6280
1054.648	281.6810
1056.659	281.6280
1058.670	281.5320
1060.681	281.6280
1062.692	281.5850
1064.703	281.5320
1068.728	281.6280
1070.736	281.5850
1074.758	281.5320
1076.767	281.5850
1082.810	281.6280
1084.821	281.5850
1086.830	281.6810
1088.838	281.5320
1090.849	281.6280
1092.865	281.5320
1094.871	281.5850
1100.902	281.5320
1102.913	281.5850
1104.921	281.6280
1108.946	281.5320
1110.954	281.6280
1116.987	281.5850
1118.998	281.6810
1121.009	281.6280
1123.020	281.6810
1125.031	281.5850
1127.042	281.6810
1129.053	281.5320
1131.062	281.5850
1133.073	281.6280
1135.084	281.6810
1137.092	281.5320
1139.103	281.5850
1153.175	281.5320
1155.186	281.5850
1159.208	281.5320
1161.219	281.6810
1163.227	281.6280
1165.241	281.6810
1167.252	281.6280
1169.261	281.5320
1171.269	281.5850
1173.280	281.6810
1175.291	281.5320
1177.302	281.6810
1183.332	281.5850
1185.343	281.5320
1187.352	281.6280
1189.363	281.5850
1191.374	281.6810
1195.391	281.5850
1197.402	281.5320
1199.413	281.5850
1205.443	281.6280
1207.454	281.5850
1211.474	281.6810
1213.487	281.5850
1215.496	281.6810
1217.507	281.5320
1219.518	281.5850
1221.529	281.6810
1223.540	281.6280
1225.551	281.6810
1227.562	281.5850
1229.570	281.6280
1231.584	281.5850
1233.592	281.6280
1235.603	281.5320
1239.625	281.5850
1243.650	281.5320
1247.672	281.5850
1251.691	281.5320
1255.711	281.5850
1257.722	281.5320
1259.733	281.5850
1261.744	281.5320
1263.755	281.5850
1269.785	281.5320
1271.796	281.4780
1273.810	281.5850
1279.843	281.6280
1281.854	281.5850
1283.865	281.6280
1285.876	281.5850
1287.887	281.5320
1289.898	281.5850
1291.909	281.6280
1293.920	281.5850
1295.929	281.6280
1297.940	281.5320
1299.953	281.5850
1301.964	281.6280
1303.975	281.5850
1312.019	281.5320
1318.047	281.5850
1320.056	281.5320
1322.069	281.5850
1324.078	281.6810
1326.089	281.5850
1328.100	281.5320
1330.111	281.5850
1332.119	281.6280
1346.201	281.5320
1348.215	281.5850
1352.234	281.6810
1354.245	281.5320
1356.256	281.5850
1362.287	281.6810
1364.295	281.6280
1368.317	281.6810
1372.337	281.5320
1374.348	281.6810
1378.370	281.5320
1380.381	281.5850
1388.422	281.5320
1390.431	281.5850
1392.442	281.5320
1394.463	281.5850
1396.464	281.5320
1398.475	281.5850
1412.547	281.5320
1414.568	281.5850
1416.566	281.5320
1418.577	281.5850
1424.605	281.5320
1426.616	281.5850
1428.627	281.5320
1432.649	281.6280
1434.660	281.5850
1442.702	281.6280
1446.721	281.5850
1450.743	281.5320
1454.763	281.4780
1456.779	281.5320
1458.787	281.5850
1464.828	281.5320
1472.867	281.6810
1474.880	281.5320
1476.889	281.6280
1478.902	281.5850
1480.911	281.5320
1482.919	281.5850
1484.933	281.5320
1486.941	281.5850
1492.977	281.6280
1494.991	281.5850
1501.016	281.5320
1503.029	281.5850
1505.038	281.5320
1507.046	281.5850
1509.060	281.5320
1511.068	281.6280
1513.087	281.5320
1515.090	281.5850
1523.134	281.6280
1525.148	281.5850
1527.156	281.6810
1531.173	281.5850
1533.187	281.5320
1537.209	281.5850
1557.309	281.5320
1559.322	281.5850
1561.336	281.4780
1563.344	281.5850
1567.366	281.5320
1569.375	281.5850
1571.388	281.5320
1573.397	281.5850
1579.433	281.4780
1581.436	281.5850
1599.538	281.5320
1603.560	281.6280
1605.573	281.5320
1607.582	281.5850
1609.590	281.5320
1613.612	281.5850
1615.620	281.5320
1619.642	281.6810
1621.651	281.5320
1623.665	281.6810
1625.673	281.5850
1629.695	281.5320
1633.712	281.5850
1635.725	281.5320
1639.747	281.5850
1649.800	281.5320
1651.808	281.5850
1657.844	281.5320
1663.874	281.5850
1665.883	281.5320
1667.896	281.5850
1669.905	281.5320
1671.913	281.5850
1673.927	281.6280
1675.935	281.5850
1677.944	281.5320
1679.957	281.5850
1681.966	281.6810
1683.979	281.5850
1694.027	281.4780
1696.040	281.5850
1698.049	281.4780
1700.062	281.5850
1702.071	281.5320
1704.079	281.5850
1706.088	281.5320
1708.101	281.6810
1710.110	281.5320
1714.132	281.5850
1716.156	281.5320
1718.164	281.5850
1720.173	281.5320
1724.195	281.5850
1728.217	281.5320
1734.247	281.4780
1736.255	281.4350
1740.278	281.5850
1742.291	281.6280
1744.300	281.5850
1748.322	281.5320
1750.330	281.5850
1754.352	281.5320
1758.374	281.5850
1760.382	281.5320
1764.405	281.5850
1766.418	281.5320
1772.449	281.5850
1776.471	281.6280
1778.479	281.5850
1780.493	281.6280
1782.501	281.5850
1784.515	281.4780
1786.523	281.5320
1788.532	281.6280
1790.545	281.5850
1792.554	281.5320
1794.562	281.5850
1798.584	281.5320
1800.592	281.5850
1802.606	281.6810
1804.614	281.5320
1806.623	281.5850
1808.637	281.6810
1810.645	281.5850
1812.659	281.4350
1814.667	281.5850
1818.689	281.5320
1820.697	281.5850
1824.719	281.6280
1826.728	281.5320
1828.741	281.5850
1830.750	281.5320
1832.758	281.5850
1836.780	281.5320
1838.794	281.5850
1840.802	281.5320
1848.852	281.5850
1852.874	281.5320
1854.887	281.6810
1856.896	281.5320
1860.918	281.4350
1862.926	281.5320
1864.935	281.4780
1866.948	281.5850
1868.957	281.5320
1870.965	281.5850
1881.018	281.5320
1889.062	281.5850
1891.070	281.4780
1893.078	281.5320
1903.131	281.5850
1907.153	281.5320
1909.161	281.5850
1917.200	281.5320
1921.222	281.5850
1931.275	281.4780
1933.283	281.5850
1951.380	281.5320
1957.415	281.4780
1959.424	281.5850
1977.515	281.5320
1979.529	281.5850
1985.559	281.4780
1987.568	281.5850
1993.598	281.5320
1995.612	281.5850
1997.620	281.5320
1999.629	281.5850
2001.653	281.4780
2003.651	281.5850
2005.659	281.4780
2007.673	281.4350
2009.681	281.5320
2017.725	281.6810
2019.734	281.5850
2021.773	281.5320
2023.756	281.6280
2025.764	281.4350
2027.778	281.5850
2031.795	281.4780
2033.808	281.5850
2035.817	281.4780
2039.839	281.5850
2041.847	281.5320
2043.856	281.5850
2047.878	281.5320
2049.886	281.5850
2051.900	281.5320
2053.908	281.5850
2055.916	281.5320
2057.930	281.5850
2061.947	281.5320
2065.969	281.5850
2067.988	281.4350
2069.991	281.4780
2071.999	281.5320
2074.008	281.5850
2076.021	281.5320
2078.030	281.5850
2080.038	281.4350
2082.052	281.5320
2084.060	281.5850
2086.069	281.5320
2088.082	281.5850
2090.096	281.5320
2092.104	281.4780
2094.118	281.5850
2096.126	281.4780
2102.157	281.5850
2104.170	281.5320
2106.179	281.5850
2108.192	281.4350
2110.201	281.4780
2112.209	281.4350
2118.240	281.4780
2120.253	281.5320
2122.262	281.4780
2124.275	281.5850
2126.284	281.4780
2128.297	281.4350
2130.306	281.5850
2132.319	281.5320
2134.328	281.5850
2136.342	281.5320
2138.350	281.4350
2140.358	281.4780
2148.397	281.5320
2150.411	281.4780
2152.424	281.5850
2154.433	281.4780
2156.446	281.5320
2162.477	281.5850
2164.491	281.5320
2166.499	281.5850
2168.507	281.4780
2178.560	281.5320
2184.596	281.5850
2188.612	281.5320
2198.665	281.4780
2200.673	281.5320
2202.682	281.4780
2210.726	281.5320
2212.739	281.4780
2216.761	281.5850
2218.770	281.5320
2220.783	281.5850
2222.792	281.5320
2224.800	281.4780
2226.809	281.5850
2230.836	281.4780
2232.844	281.5850
2234.853	281.4780
2240.888	281.4350
2242.897	281.4780
2252.949	281.5850
2254.958	281.4780
2256.966	281.5320
2258.980	281.4780
2265.010	281.5850
2267.019	281.4350
2269.032	281.4780
2271.046	281.5320
2273.065	281.4780
2285.126	281.5850
2291.156	281.4780
2297.187	281.5320
2299.195	281.5850
2301.209	281.5320
2303.217	281.5850
2305.225	281.4780
2307.239	281.4350
2309.253	281.4780
2311.256	281.5320
2313.269	281.4780
2317.286	281.5850
2321.308	281.4780
2323.317	281.5320
2325.330	281.5850
2327.339	281.5320
2329.352	281.4780
2333.374	281.5850
2339.400	281.6280
2341.413	281.4780
2345.435	281.4350
2347.444	281.4780
2349.457	281.4350
2351.466	281.5320
2353.479	281.4780
2355.488	281.5320
2359.510	281.4780
2361.518	281.5850
2363.532	281.4780
2377.606	281.4350
2379.615	281.4780
2381.628	281.4350
2383.642	281.4780
2397.711	281.5850
2399.720	281.4780
2401.728	281.5850
2403.742	281.4350
2405.750	281.5320
2407.759	281.5850
2409.772	281.4780
2419.825	281.5320
2421.838	281.4780
2423.847	281.5850
2425.855	281.4780
2427.864	281.5320
2429.877	281.4780
2431.886	281.4350
2433.904	281.5320
2435.908	281.4350
2437.916	281.5850
2439.935	281.4780
2441.938	281.5320
2443.952	281.4350
2445.960	281.5320
2447.969	281.4350
2449.982	281.4780
2456.013	281.4350
2458.026	281.4780
2460.035	281.5320
2464.057	281.4780
2466.065	281.5320
2468.074	281.4780
2470.087	281.5320
2472.096	281.4780
2486.170	281.5320
2488.199	281.4780
2496.223	281.4350
2498.236	281.5850
2500.245	281.4780
2502.258	281.4350
2504.267	281.5320
2506.275	281.4350
2508.289	281.4780
2512.316	281.5320
2516.328	281.4780
2520.350	281.4350
2522.363	281.4780
2536.433	281.5850
2542.463	281.4780
2546.490	281.4350
2548.499	281.4780
2552.521	281.4350
2554.534	281.4780
2560.565	281.5850
2562.573	281.6280
2564.582	281.5850
2566.595	281.4780
2568.604	281.4350
2570.617	281.4780
2574.639	281.4350
2576.648	281.5320
2578.661	281.5850
2580.670	281.4780
2586.705	281.4350
2588.714	281.4780
2590.727	281.4350
2592.736	281.4780
2596.753	281.5320
2598.766	281.4780
2606.805	281.5850
2612.836	281.4780
2614.849	281.5850
2616.858	281.4780
2624.902	281.4350
2626.910	281.4780
2634.949	281.5320
2636.963	281.4780
2640.985	281.5320
2642.993	281.5850
2645.007	281.4780
2659.081	281.4350
2661.090	281.4780
2663.098	281.5320
2665.112	281.4780
2677.173	281.5850
2679.181	281.4780
2685.217	281.5850
2687.225	281.5320
2689.239	281.4780
2691.247	281.4350
2695.269	281.4780
2697.278	281.5320
2699.291	281.4780
2701.300	281.4350
2703.313	281.4780
2705.322	281.4350
2707.335	281.4780
2715.374	281.5320
2717.383	281.4780
2723.439	281.5850
2725.432	281.4780
2729.454	281.4350
2731.462	281.4780
2739.527	281.4350
2743.534	281.4780
2745.542	281.5850
2747.617	281.4780
2757.603	281.4350
2759.617	281.4780
2761.625	281.5320
2763.639	281.5850
2765.647	281.4780
2773.701	281.3820
2775.699	281.4780
2787.766	281.5320
2789.774	281.4780
2791.788	281.5850
2793.796	281.4780
2795.804	281.4350
2801.840	281.3820
2803.864	281.4780
2815.909	281.4350
2817.923	281.4780
2825.962	281.5850
2827.975	281.4780
2846.072	281.5850
2848.086	281.4780
2862.160	281.4350
2864.169	281.4780
2868.191	281.5850
2870.204	281.4780
2874.226	281.5320
2876.235	281.4780
2894.336	281.3820
2896.345	281.4780
2900.367	281.4350
2902.375	281.4780
2904.389	281.5320
2906.397	281.4780
2918.463	281.4350
2920.477	281.4780
2922.485	281.4350
2924.499	281.4780
2928.516	281.3820
2930.529	281.5320
2932.538	281.4780
2948.621	281.4350
2950.650	281.5850
2952.658	281.4780
2962.700	281.3820
2964.709	281.4780
2982.816	281.5850
2986.833	281.4780
2988.846	281.4350
2992.868	281.4780
2998.899	281.3820
3006.943	281.4780
3014.982	281.4350
3016.990	281.5320
3019.004	281.4780
3023.026	281.5320
3027.048	281.4780
3029.056	281.5320
3031.065	281.4780
3037.095	281.5850
3039.109	281.4780
3041.117	281.3820
3043.126	281.4780
3049.161	281.4350
3053.183	281.5320
3055.192	281.4780
3063.241	281.4350
3065.249	281.3820
3067.263	281.4780
3077.326	281.3820
3079.329	281.4350
3081.343	281.4780
3089.381	281.3820
3091.390	281.4350
3093.403	281.4780
3097.425	281.3820
3099.434	281.4780
3101.448	281.4350
3103.456	281.5320
3105.470	281.4780
3113.508	281.3820
3117.530	281.4780
3119.544	281.4350
3121.552	281.4780
3125.575	281.3820
3127.588	281.4780
3133.619	281.5320
3135.632	281.4780
3143.671	281.4350
3145.685	281.4780
3151.715	281.3820
3153.729	281.4780
3155.737	281.3820
3157.746	281.4780
3159.759	281.3820
3161.768	281.4780
3165.790	281.4350
3167.803	281.4780
3169.812	281.3820
3171.820	281.4350
3173.834	281.4780
3181.878	281.4350
3183.886	281.4780
3185.895	281.4350
3189.917	281.4780
3191.935	281.3820
3193.939	281.4780
3195.952	281.4350
3197.961	281.3820
3203.996	281.4350
3206.005	281.4780
3212.035	281.4350
3216.057	281.4780
3222.088	281.4350
3224.101	281.3820
3230.142	281.4780
3232.156	281.3820
3234.169	281.4780
3236.178	281.3820
3238.191	281.4350
3240.200	281.4780
3242.208	281.5320
3244.222	281.4780
3246.235	281.3820
3248.244	281.4780
3252.266	281.4350
3254.274	281.3820
3256.288	281.4780
3258.296	281.3820
3260.305	281.3390
3262.318	281.3820
3266.340	281.4780
3272.371	281.4350
3276.393	281.4780
3278.401	281.3390
3280.415	281.4780
3288.454	281.3820
3290.467	281.4780
3292.476	281.4350
3294.484	281.4780
3296.498	281.3820
3302.528	281.3390
3304.537	281.4780
3308.554	281.3820
3312.576	281.4780
3314.589	281.3820
3316.598	281.4780
3318.606	281.3820
3320.614	281.4780
3322.628	281.3820
3324.636	281.4780
3330.667	281.4350
3332.681	281.4780
3338.706	281.3390
3340.719	281.4780
3342.728	281.3820
3346.750	281.4780
3348.763	281.4350
3350.772	281.4780
3354.799	281.4350
3356.808	281.3820
3358.821	281.4780
3362.843	281.4350
3364.852	281.4780
3366.865	281.4350
3368.874	281.4780
3370.887	281.3820
3374.909	281.4780
3378.931	281.3820
3382.948	281.4780
3386.970	281.3820
3388.979	281.4780
3399.036	281.3820
3401.045	281.4780
3405.067	281.3820
3407.075	281.4350
3409.089	281.4780
3411.097	281.3820
3427.196	281.4780
3431.207	281.3820
3433.216	281.4780
3435.229	281.3390
3437.248	281.4780
3439.251	281.3820
3443.273	281.4350
3445.282	281.4780
3447.295	281.4350
3449.309	281.4780
3451.317	281.3820
3459.361	281.3390
3461.370	281.4350
3465.392	281.3820
3467.411	281.4780
3473.431	281.4350
3475.444	281.3820
3477.453	281.4350
3481.475	281.3820
3485.502	281.4780
3495.560	281.3820
3497.568	281.4780
3499.587	281.3820
3509.629	281.4350
3511.643	281.3820
3517.673	281.4350
3519.687	281.4780
3521.695	281.3820
3529.739	281.4780
3531.748	281.3820
3533.756	281.4350
3537.778	281.3820
3539.787	281.4350
3541.810	281.3390
3543.809	281.4350
3545.822	281.3820
3553.866	281.4350
3555.875	281.3820
3557.888	281.4780
3559.897	281.3820
3563.914	281.4350
3567.936	281.4780
3569.959	281.3820
3580.002	281.4350
3582.010	281.3820
3588.046	281.4350
3590.054	281.3820
3592.063	281.4350
3594.076	281.3820
3598.093	281.4350
3600.107	281.3820
3602.115	281.4780
3604.129	281.4350
3608.151	281.3820
3612.173	281.4780
3614.181	281.3820
3628.256	281.4350
3630.264	281.3820
3636.295	281.4780
3638.308	281.4350
3642.325	281.3820
3650.369	281.4350
3652.378	281.2860
3654.391	281.3820
3662.435	281.4780
3664.444	281.3820
3670.474	281.4780
3672.483	281.3820
3674.496	281.4350
3676.510	281.4780
3678.513	281.3820
3680.527	281.4350
3682.535	281.3820
3684.549	281.4780
3686.557	281.3820
3688.571	281.4350
3692.593	281.3820
3702.645	281.3390
3704.654	281.3820
3708.670	281.3390
3710.689	281.4350
3712.692	281.3820
3716.715	281.4780
3718.728	281.3820
3730.794	281.4350
3732.803	281.3820
3738.843	281.4350
3742.865	281.3820
3744.874	281.4350
3746.887	281.3820
3748.896	281.3390
3750.909	281.3820
3752.918	281.4780
3754.931	281.3820
3758.954	281.4780
3760.962	281.3390
3762.976	281.3820
3771.014	281.3390
3773.028	281.3820
3793.128	281.4780
3795.136	281.3820
3797.150	281.4780
3799.158	281.3820
3805.194	281.4350
3807.202	281.3820
3811.224	281.2860
3813.233	281.3820
3819.263	281.4350
3821.282	281.3820
3833.338	281.4780
3835.346	281.3820
3843.401	281.4350
3845.399	281.3820
3849.421	281.4780
3851.434	281.3820
3857.465	281.4780
3859.489	281.3820
3861.487	281.4350
3863.500	281.3820
3865.514	281.3390
3869.531	281.3820
3875.567	281.4350
3877.575	281.3820
3893.658	281.4350
3895.671	281.3390
3897.680	281.4350
3899.694	281.3820
3911.760	281.3390
3913.773	281.3820
3925.839	281.4350
3929.861	281.3820
3937.900	281.4350
3941.922	281.3820
3945.944	281.2860
3947.953	281.3820
3949.966	281.4350
3951.975	281.3820
3958.005	281.4350
3960.014	281.3820
3970.066	281.2860
3972.080	281.3820
3978.110	281.4350
3980.119	281.3820
3992.190	281.2860
3994.198	281.3820
3996.207	281.3390
3998.220	281.4350
4006.269	281.3820
4010.286	281.2860
4012.295	281.4350
4014.303	281.3820
4016.312	281.4350
4018.325	281.3820
4022.342	281.2860
4026.364	281.3820
4028.378	281.2860
4030.386	281.3820
4036.417	281.2860
4040.439	281.3820
4044.461	281.4350
4046.469	281.3820
4052.500	281.2860
4054.513	281.3820
4062.552	281.2860
4064.566	281.3390
4066.574	281.2860
4068.588	281.3820
4090.701	281.4350
4092.710	281.2860
4098.740	281.3820
4100.754	281.4350
4104.771	281.3820
4112.815	281.4350
4114.823	281.3820
4118.855	281.3390
4120.864	281.3820
4142.977	281.3390
4144.986	281.3820
4163.082	281.2860
4165.091	281.4350
4167.104	281.3820
4173.135	281.2860
4175.143	281.3820
4177.167	281.4350
4179.165	281.3820
4181.174	281.3390
4183.187	281.4350
4185.196	281.3820
4193.240	281.4350
4195.248	281.3820
4201.284	281.2860
4205.311	281.3820
4207.319	281.3390
4209.328	281.3820
4231.441	281.4350
4233.455	281.3820
4235.463	281.3390
4237.477	281.2860
4239.485	281.3820
4257.587	281.2860
4259.600	281.3820
4261.609	281.3390
4263.623	281.3820
4275.689	281.2860
4277.692	281.3820
4285.741	281.2860
4287.744	281.3390
4289.758	281.3820
4291.766	281.4350
4293.775	281.2860
4295.804	281.4350
4297.797	281.3820
4299.810	281.3390
4301.819	281.3820
4305.862	281.4350
4307.854	281.2860
4309.863	281.3390
4313.885	281.2860
4315.929	281.3820
4317.912	281.2860
4319.915	281.4350
4321.934	281.3390
4323.948	281.4350
4325.956	281.3820
4331.982	281.3390
4333.990	281.3820
4336.004	281.3390
4338.033	281.2860
4342.034	281.3390
4344.042	281.3820
4350.078	281.2860
4354.100	281.3820
4360.131	281.3390
4362.139	281.3820
4374.200	281.3390
4378.222	281.4350
4380.236	281.2860
4384.252	281.3820
4388.274	281.2860
4390.283	281.3820
4398.327	281.3390
4400.335	281.4350
4402.344	281.3820
4408.374	281.2860
4410.388	281.3820
4412.396	281.3390
4414.410	281.2860
4416.439	281.3820
4422.454	281.3390
4424.462	281.3820
4426.481	281.2860
4428.490	281.3820
4432.512	281.3390
4434.525	281.3820
4446.586	281.2860
4452.617	281.3390
4454.630	281.4350
4456.639	281.3820
4458.647	281.2860
4464.677	281.3390
4466.691	281.2860
4468.699	281.3390
4470.713	281.3820
4472.722	281.4350
4474.730	281.3820
4478.752	281.2860
4480.766	281.3820
4482.774	281.2860
4484.782	281.3390
4488.804	281.4350
4490.813	281.2860
4494.835	281.4350
4496.854	281.2860
4502.884	281.3390
4504.893	281.3820
4516.954	281.2860
4520.976	281.3390
4522.989	281.3820
4529.020	281.2860
4531.028	281.3820
4535.045	281.2860
4539.072	281.3820
4545.103	281.3390
4547.111	281.4350
4549.125	281.3820
4553.141	281.2860
4555.155	281.4350
4557.163	281.3820
4561.185	281.2860
4581.285	281.3390
4583.294	281.2860
4591.338	281.3390
4593.346	281.2860
4599.382	281.3820
4601.390	281.2860
4605.412	281.3390
4607.421	281.2860
4613.451	281.3820
4617.473	281.3390
4625.522	281.2860
4627.531	281.2330
4629.544	281.2860
4635.575	281.3390
4639.592	281.2860
4641.605	281.3390
4643.614	281.2860
4653.666	281.3390
4655.675	281.3820
4659.697	281.3390
4661.705	281.2860
4663.719	281.3390
4665.738	281.2860
4667.741	281.3820
4669.754	281.2860
4673.776	281.3390
4675.785	281.2860
4677.798	281.3820
4679.807	281.2860
4683.829	281.4350
4685.837	281.3820
4687.846	281.3390
4689.859	281.2860
4693.876	281.3390
4695.890	281.2860
4699.907	281.3390
4701.920	281.2860
4705.937	281.3390
4709.959	281.2860
4715.995	281.4350
4717.998	281.2860
4720.012	281.3820
4722.020	281.2860
4724.029	281.3820
4726.042	281.2860
4728.056	281.4350
4730.069	281.2860
4732.083	281.3390
4736.105	281.3820
4738.113	281.2860
4740.127	281.2330
4742.135	281.3390
4744.144	281.2860
4746.157	281.3390
4748.176	281.2860
4752.193	281.3390
4754.202	281.2860
4758.224	281.3820
4762.246	281.2860
4764.254	281.3390
4766.262	281.2860
4770.284	281.3390
4772.314	281.2860
4774.312	281.3390
4776.320	281.2860
4778.329	281.3390
4784.359	281.2860
4790.389	281.4350
4792.398	281.2860
4796.420	281.3820
4798.434	281.2860
4800.442	281.3820
4804.464	281.2860
4806.472	281.1900
4808.486	281.2860
4816.525	281.3390
4820.547	281.2860
4826.583	281.3390
4830.605	281.2860
4832.613	281.3390
4834.621	281.2860
4838.643	281.3390
4840.657	281.2860
