Elapsed time [s]	Value [-1,361]
0.000	0
238.172	355.9040
240.322	308.7040
242.474	257.2240
244.622	205.7440
246.775	153.4720
248.927	101.9920
251.075	50.51200
253.225	359.0320
255.375	307.5520
257.527	255.2800
259.678	203.8000
261.828	152.3200
263.978	100.8400
266.128	49.36000
268.278	357.8800
270.428	306.4000
272.580	254.1280
274.731	202.6480
276.883	151.1680
279.031	99.68800
281.183	48.20800
283.333	355.9360
285.483	304.4560
287.633	252.9760
289.784	201.4960
291.936	150.0160
294.086	98.53600
296.236	47.05600
298.389	354.7840
300.539	303.3040
302.689	251.8240
304.842	200.3440
306.997	148.8640
309.142	96.59200
311.294	45.11200
313.447	353.6320
315.597	302.1520
317.747	250.6720
319.897	198.4000
322.047	146.9200
324.197	95.44000
326.347	43.96000
328.497	352.4800
330.650	301.0000
332.800	248.7280
334.950	197.2480
337.100	145.7680
339.250	94.28800
341.408	42.80800
343.553	351.3280
345.703	299.8480
347.853	247.5760
350.003	196.0960
352.153	144.6160
354.311	93.13600
356.464	40.86400
358.614	349.3840
360.764	297.9040
362.924	246.4240
365.066	194.9440
367.219	142.6720
369.372	91.19200
371.519	39.71200
373.669	348.2320
375.819	296.7520
377.972	245.2720
380.119	193.0000
382.272	141.5200
384.422	90.04000
386.585	38.56000
388.722	347.0800
390.872	295.6000
393.025	243.3280
395.175	191.8480
397.325	140.3680
399.483	88.88800
401.625	37.40800
403.778	345.9280
405.928	293.6560
408.078	242.1760
410.228	190.6960
412.381	139.2160
414.531	87.73600
416.681	36.25600
418.833	343.9840
420.983	292.5040
423.134	241.0240
425.284	189.5440
427.436	138.0640
429.586	86.58400
431.741	34.31200
433.886	342.8320
436.036	291.3520
438.186	239.8720
440.339	188.3920
442.489	136.1200
444.639	84.64000
446.792	33.16000
448.942	341.6800
451.092	290.2000
453.242	238.7200
455.392	186.4480
457.545	134.9680
459.695	83.48800
461.845	32.00800
463.995	340.5280
466.148	289.0480
468.298	236.7760
470.468	185.2960
472.598	133.8160
474.748	82.33600
476.898	30.85600
479.050	339.3760
481.203	287.1040
483.351	235.6240
485.503	184.1440
487.651	132.6640
489.801	81.18400
491.951	29.70400
494.116	337.4320
496.254	285.9520
498.409	234.4720
500.554	182.9920
502.706	131.5120
504.856	80.03200
507.006	27.76000
509.156	336.2800
511.307	284.8000
513.459	233.3200
515.609	181.8400
517.759	130.3600
519.907	78.08800
522.059	26.60800
524.212	335.1280
526.362	283.6480
528.512	232.1680
530.662	180.6880
532.815	128.4160
534.965	76.93600
537.125	25.45600
539.275	333.9760
541.425	281.7040
543.578	230.2240
545.728	178.7440
547.881	127.2640
550.028	75.78400
552.178	24.30400
554.336	332.0320
556.481	280.5520
558.631	229.0720
560.781	177.5920
562.931	126.1120
565.084	73.84000
567.234	22.36000
569.384	330.8800
571.534	279.4000
573.684	227.9200
575.834	176.4400
577.987	124.9600
580.137	72.68800
582.287	21.20800
584.437	329.7280
586.587	278.2480
588.742	226.7680
590.890	174.4960
593.040	123.0160
595.190	71.53600
597.340	20.05600
599.490	328.5760
601.640	277.0960
603.790	224.8240
605.943	173.3440
608.093	121.8640
610.243	70.38400
612.393	18.90400
614.545	327.4240
616.695	275.1520
618.845	223.6720
620.996	172.1920
623.151	120.7120
625.298	69.23200
627.448	17.75200
629.598	325.4800
631.748	274.0000
633.898	222.5200
636.051	171.0400
638.201	119.5600
640.351	68.08000
642.499	15.80800
644.651	324.3280
646.801	272.8480
648.957	221.3680
651.104	169.8880
653.254	118.4080
655.404	66.13600
657.554	14.65600
659.704	323.1760
661.857	271.6960
664.007	220.2160
666.157	168.7360
668.307	116.4640
670.457	64.98400
672.607	13.50400
674.757	322.0240
676.910	270.5440
679.060	219.0640
681.218	166.7920
683.360	115.3120
685.513	63.83200
687.663	12.35200
689.815	320.8720
691.966	268.6000
694.118	217.1200
696.266	165.6400
698.416	114.1600
700.566	62.68000
702.718	11.20000
704.868	319.7200
707.019	267.4480
709.169	215.9680
711.321	164.4880
713.471	113.0080
715.621	61.52800
717.774	10.04800
719.924	317.7760
722.074	266.2960
724.224	214.8160
726.374	163.3360
728.524	111.8560
730.674	59.58400
732.827	8.104000
734.974	316.6240
737.127	265.1440
739.277	213.6640
741.427	162.1840
743.577	109.9120
745.727	58.43200
747.880	6.952000
750.030	315.4720
752.183	263.9920
754.330	212.5120
756.480	160.2400
758.630	108.7600
760.780	57.28000
762.933	5.800000
765.083	314.3200
767.233	262.8400
769.383	210.5680
771.533	159.0880
773.686	107.6080
775.836	56.12800
777.986	4.648000
780.144	313.1680
782.286	260.8960
784.436	209.4160
786.586	157.9360
788.739	106.4560
790.894	54.97600
793.044	3.496000
795.199	311.2240
797.339	259.7440
799.492	208.2640
801.642	156.7840
803.792	105.3040
805.942	53.82400
808.092	1.552000
810.242	310.0720
812.395	258.5920
814.545	207.1120
816.695	155.6320
818.845	104.1520
820.995	51.88000
823.147	0.4000000
825.297	308.9200
827.448	257.4400
829.600	205.9600
831.750	154.4800
833.921	102.2080
836.050	50.72800
838.200	359.2480
840.353	307.7680
842.506	256.2880
844.653	204.8080
846.803	152.5360
848.953	101.0560
851.103	49.57600
853.253	358.0960
855.421	306.6160
857.561	254.3440
859.711	202.8640
861.864	151.3840
864.014	99.90400
866.169	48.42400
868.319	356.9440
870.467	304.6720
872.617	253.1920
874.767	201.7120
876.919	150.2320
879.070	98.75200
881.222	46.48000
883.372	355.0000
885.520	303.5200
887.672	252.0400
889.822	200.5600
891.972	149.0800
894.123	96.80800
896.280	45.32800
898.425	353.8480
900.575	302.3680
902.725	250.8880
904.886	199.4080
907.028	147.1360
909.183	95.65600
911.328	44.17600
913.481	352.6960
915.641	301.2160
917.778	249.7360
919.928	197.4640
922.078	145.9840
924.231	94.50400
926.381	43.02400
928.536	351.5440
930.681	300.0640
932.834	247.7920
934.984	196.3120
937.134	144.8320
939.289	93.35200
941.439	41.87200
943.589	350.3920
945.739	298.1200
947.889	246.6400
950.037	195.1600
952.187	143.6800
954.337	92.20000
956.487	40.72000
958.642	348.4480
960.790	296.9680
962.940	245.4880
965.090	194.0080
967.243	142.5280
969.390	91.04800
971.540	38.77600
973.693	347.2960
975.843	295.8160
977.993	244.3360
980.143	192.8560
982.293	141.3760
984.446	89.10400
986.598	37.62400
988.751	346.1440
990.896	294.6640
993.046	243.1840
995.198	190.9120
997.349	139.4320
999.499	87.95200
1001.649	36.47200
1003.804	344.9920
1005.949	293.5120
1008.099	242.0320
1010.251	189.7600
1012.402	138.2800
1014.552	86.80000
1016.712	35.32000
1018.854	343.8400
1021.004	291.5680
1023.154	240.0880
1025.304	188.6080
1027.455	137.1280
1029.607	85.64800
1031.757	34.16800
1033.907	342.6880
1036.057	290.4160
1038.207	238.9360
1040.357	187.4560
1042.507	135.9760
1044.658	84.49600
1046.810	32.22400
1048.960	340.7440
1051.113	289.2640
1053.260	237.7840
1055.421	186.3040
1057.563	134.8240
1059.713	82.55200
1061.863	31.07200
1064.013	339.5920
1066.163	288.1120
1068.313	236.6320
1070.466	185.1520
1072.616	132.8800
1074.766	81.40000
1076.916	29.92000
1079.066	338.4400
1081.219	286.9600
1083.369	235.4800
1085.519	183.2080
1087.669	131.7280
1089.819	80.24800
1091.972	28.76800
1094.122	337.2880
1096.272	285.8080
1098.432	233.5360
1100.572	182.0560
1102.722	130.5760
1104.872	79.09600
1107.025	27.61600
1109.175	336.1360
1111.325	283.8640
1113.475	232.3840
1115.625	180.9040
1117.778	129.4240
1119.928	77.94400
1122.078	26.46400
1124.230	334.1920
1126.378	282.7120
1128.528	231.2320
1130.678	179.7520
1132.831	128.2720
1134.981	76.79200
1137.131	24.52000
1139.281	333.0400
1141.431	281.5600
1143.583	230.0800
1145.733	178.6000
1147.884	127.1200
1150.034	74.84800
1152.186	23.36800
1154.334	331.8880
1156.484	280.4080
1158.636	228.9280
1160.786	177.4480
1162.937	125.1760
1165.087	73.69600
1167.239	22.21600
1169.389	330.7360
1171.539	279.2560
1173.692	227.7760
1175.839	175.5040
1177.992	124.0240
1180.142	72.54400
1182.292	21.06400
1184.442	329.5840
1186.626	278.1040
1188.742	225.8320
1190.895	174.3520
1193.045	122.8720
1195.195	71.39200
1197.345	19.91200
1199.495	328.4320
1201.645	276.1600
1203.798	224.6800
1205.948	173.2000
1208.101	121.7200
1210.248	70.24000
1212.398	18.76000
1214.551	326.4880
1216.701	275.0080
1218.851	223.5280
1221.001	172.0480
1223.151	120.5680
1225.301	69.08800
1227.451	16.81600
1229.604	325.3360
1231.754	273.8560
1233.904	222.3760
1236.054	170.8960
1238.207	119.4160
1240.357	67.14400
1242.507	15.66400
1244.657	324.1840
1246.807	272.7040
1248.962	221.2240
1251.112	169.7440
1253.257	117.4720
1255.410	65.99200
1257.560	14.51200
1259.712	323.0320
1261.860	271.5520
1264.010	220.0720
1266.163	167.8000
1268.313	116.3200
1270.463	64.84000
1272.613	13.36000
1274.763	321.8800
1276.913	270.4000
1279.063	218.1280
1281.216	166.6480
1283.366	115.1680
1285.518	63.68800
1287.666	12.20800
1289.816	320.7280
1291.968	268.4560
1294.118	216.9760
1296.271	165.4960
1298.419	114.0160
1300.571	62.53600
1302.721	10.26400
1304.871	318.7840
1307.021	267.3040
1309.171	215.8240
1311.324	164.3440
1313.474	112.8640
1315.624	60.59200
1317.774	9.112000
1319.927	317.6320
1322.077	266.1520
1324.224	214.6720
1326.377	163.1920
1328.527	110.9200
1330.677	59.44000
1332.827	7.960000
1334.977	316.4800
1337.130	265.0000
1339.280	213.5200
1341.430	161.2480
1343.580	109.7680
1345.730	58.28800
1347.880	6.808000
1350.030	315.3280
1352.183	263.8480
1354.336	211.5760
1356.483	160.0960
1358.633	108.6160
1360.786	57.13600
1362.936	5.656000
1365.127	314.1760
1367.236	261.9040
1369.386	210.4240
1371.536	158.9440
1373.686	107.4640
1375.836	55.98400
1377.989	4.504000
1380.141	312.2320
1382.289	260.7520
1384.439	209.2720
1386.589	157.7920
1388.742	106.3120
1390.892	54.83200
1393.044	2.560000
1395.192	311.0800
1397.342	259.6000
1399.492	208.1200
1401.642	156.6400
1403.795	105.1600
1405.945	52.88800
1408.095	1.408000
1410.245	309.9280
1412.400	258.4480
1414.550	206.9680
1416.700	155.4880
1418.850	103.2160
1420.998	51.73600
1423.150	0.2560000
1425.300	308.7760
1427.450	257.2960
1429.600	205.8160
1431.753	153.5440
1433.906	102.0640
1436.056	50.58400
1438.203	359.1040
1440.353	307.6240
1442.503	256.1440
1444.653	203.8720
1446.804	152.3920
1448.956	100.9120
1451.109	49.43200
1453.261	357.9520
1455.406	306.4720
1457.562	254.2000
1459.709	202.7200
1461.856	151.2400
1464.009	99.76000
1466.157	48.28000
1468.309	356.8000
1470.462	304.5280
1472.609	253.0480
1474.762	201.5680
1476.909	150.0880
1479.062	98.60800
1481.210	47.12800
1483.362	354.8560
1485.520	303.3760
1487.667	251.8960
1489.815	200.4160
1491.962	148.9360
1494.115	97.45600
1496.268	45.18400
1498.415	353.7040
1500.568	302.2240
1502.720	250.7440
1504.868	199.2640
1507.015	147.7840
1509.168	95.51200
1511.321	44.03200
1513.473	352.5520
1515.621	301.0720
1517.773	249.5920
1519.926	198.1120
1522.074	145.8400
1524.226	94.36000
1526.374	42.88000
1528.526	351.4000
1530.674	299.9200
1532.826	247.6480
1534.974	196.1680
1537.132	144.6880
1539.279	93.20800
1541.427	41.72800
1543.579	350.2480
1545.727	298.7680
1547.879	246.4960
1550.027	195.0160
1552.180	143.5360
1554.332	92.05600
1556.480	40.57600
1558.632	349.0960
1560.780	296.8240
1562.932	245.3440
1565.085	193.8640
1567.233	142.3840
1569.385	90.90400
1571.533	39.42400
1573.690	347.1520
1575.838	295.6720
1577.985	244.1920
1580.138	192.7120
1582.286	141.2320
1584.438	88.96000
1586.586	37.48000
1588.738	346.0000
1590.891	294.5200
1593.038	243.0400
1595.191	191.5600
1597.339	139.2880
1599.491	87.80800
1601.644	36.32800
1603.791	344.8480
1605.944	293.3680
1608.091	241.8880
1610.244	189.6160
1612.392	138.1360
1614.544	86.65600
1616.697	35.17600
1618.844	343.6960
1620.997	292.2160
1623.144	239.9440
1625.297	188.4640
1627.450	136.9840
1629.597	85.50400
1631.750	34.02400
1633.902	342.5440
1636.055	290.2720
1638.203	238.7920
1640.350	187.3120
1642.503	135.8320
1644.650	84.35200
1646.803	32.87200
1648.950	340.6000
1651.103	289.1200
1653.255	237.6400
1655.403	186.1600
1657.556	134.6800
1659.708	83.20000
1661.856	30.92800
1664.008	339.4480
1666.161	287.9680
1668.314	236.4880
1670.461	185.0080
1672.619	133.5280
1674.766	81.25600
1676.914	29.77600
1679.066	338.2960
1681.209	286.8160
1683.361	235.3360
1685.514	183.8560
1687.662	131.5840
1689.814	80.10400
1691.962	28.62400
1694.114	337.1440
1696.262	285.6640
1698.414	234.1840
1700.562	181.9120
1702.715	130.4320
1704.867	78.95200
1707.015	27.47200
1709.167	335.9920
1711.315	284.5120
1713.467	232.2400
1715.620	180.7600
1717.768	129.2800
1719.925	77.80000
1722.068	26.32000
1724.220	334.8400
1726.368	282.5680
1728.520	231.0880
1730.673	179.6080
1732.821	128.1280
1734.973	76.64800
1737.121	25.16800
1739.273	332.8960
1741.426	281.4160
1743.573	229.9360
1745.726	178.4560
1747.874	126.9760
1750.026	75.49600
1752.179	23.22400
1754.326	331.7440
1756.479	280.2640
1758.632	228.7840
1760.779	177.3040
1762.927	125.8240
1765.079	73.55200
1767.232	22.07200
1769.379	330.5920
1771.532	279.1120
1773.685	227.6320
1775.832	176.1520
1777.985	123.8800
1780.132	72.40000
1782.290	20.92000
1784.437	329.4400
1786.585	277.9600
1788.748	226.4800
1790.885	174.2080
1793.038	122.7280
1795.185	71.24800
1797.338	19.76800
1799.496	328.2880
1801.638	276.8080
1803.791	224.5360
1805.938	173.0560
1808.091	121.5760
1810.243	70.09600
1812.391	18.61600
1814.543	327.1360
1816.691	274.8640
1818.849	223.3840
1820.996	171.9040
1823.149	120.4240
1825.296	68.94400
1827.444	16.67200
1829.596	325.1920
1831.744	273.7120
1833.896	222.2320
1836.049	170.7520
1838.197	119.2720
1840.349	67.00000
1842.497	15.52000
1844.649	324.0400
1846.802	272.5600
1848.949	221.0800
1851.102	169.6000
1853.250	117.3280
1855.402	65.84800
1857.550	14.36800
1859.702	322.8880
1861.855	271.4080
1864.008	219.9280
1866.155	167.6560
1868.303	116.1760
1870.460	64.69600
1872.618	13.21600
1874.755	321.7360
1876.908	270.2560
1879.055	217.9840
1881.208	166.5040
1883.356	115.0240
1885.508	63.54400
1887.661	12.06400
1889.808	320.5840
1891.961	268.3120
1894.108	216.8320
1896.261	165.3520
1898.414	113.8720
1900.561	62.39200
1902.714	10.91200
1904.866	318.6400
1907.014	267.1600
1909.167	215.6800
1911.314	164.2000
1913.467	112.7200
1915.614	61.24000
1917.767	8.968000
1919.919	317.4880
1922.067	266.0080
1924.220	214.5280
1926.367	163.0480
1928.520	111.5680
1930.667	59.29600
1932.820	7.816000
1934.972	316.3360
1937.125	264.8560
1939.273	213.3760
1941.430	161.8960
1943.573	109.6240
1945.725	58.14400
1947.873	6.664000
1950.025	315.1840
1952.173	263.7040
1954.326	212.2240
1956.478	159.9520
1958.631	108.4720
1960.778	56.99200
1962.926	5.512000
1965.084	314.0320
1967.226	262.5520
1969.379	210.2800
1971.531	158.8000
1973.689	107.3200
1975.831	55.84000
1977.979	4.360000
1980.137	312.8800
1982.279	260.6080
1984.431	209.1280
1986.584	157.6480
1988.732	106.1680
1990.884	54.68800
1993.032	3.208000
1995.184	310.9360
1997.337	259.4560
1999.484	207.9760
2001.653	156.4960
2003.785	105.0160
2005.937	53.53600
2008.085	1.264000
2010.237	309.7840
2012.390	258.3040
2014.537	206.8240
2016.690	155.3440
2018.843	103.8640
2020.990	51.59200
2023.143	0.1120000
2025.295	308.6320
2027.448	257.1520
2029.596	205.6720
2031.748	154.1920
2033.891	101.9200
2036.043	50.44000
2038.196	358.9600
2040.348	307.4800
2042.496	256.0000
2044.643	204.5200
2046.796	152.2480
2048.954	100.7680
2051.101	49.28800
2053.249	357.8080
2055.401	306.3280
2057.554	254.0560
2059.702	202.5760
2061.849	151.0960
2064.002	99.61600
2066.154	48.13600
2068.302	356.6560
2070.454	305.1760
2072.602	252.9040
2074.755	201.4240
2076.907	149.9440
2079.055	98.46400
2081.207	46.98400
2083.355	355.5040
2085.507	303.2320
2087.655	251.7520
2089.808	200.2720
2091.960	148.7920
2094.108	97.31200
2096.260	45.83200
2098.408	353.5600
2100.560	302.0800
2102.708	250.6000
2104.861	199.1200
2107.013	147.6400
2109.161	95.36800
2111.318	43.88800
2113.461	352.4080
2115.619	300.9280
2117.766	249.4480
2119.914	197.9680
2122.066	146.4880
2124.214	94.21600
2126.366	42.73600
2128.514	351.2560
2130.666	299.7760
2132.819	248.2960
2134.967	196.0240
2137.119	144.5440
2139.277	93.06400
2141.419	41.58400
2143.572	350.1040
2145.719	298.6240
2147.872	246.3520
2150.019	194.8720
2152.172	143.3920
2154.325	91.91200
2156.477	40.43200
2158.625	348.9520
2160.772	296.6800
2162.925	245.2000
2165.078	193.7200
2167.235	142.2400
2169.378	90.76000
2171.536	39.28000
2173.683	347.0080
2175.830	295.5280
2177.978	244.0480
2180.136	192.5680
2182.283	141.0880
2184.431	89.60800
2186.578	37.33600
2188.731	345.8560
2190.883	294.3760
2193.031	242.8960
2195.184	191.4160
2197.336	139.9360
2199.484	87.66400
2201.631	36.18400
2203.784	344.7040
2205.936	293.2240
2208.084	241.7440
2210.237	190.2640
2212.384	137.9920
2214.542	86.51200
2216.689	35.03200
2218.837	343.5520
2220.989	292.0720
2223.137	240.5920
2225.290	188.3200
2227.437	136.8400
2229.590	85.36000
2231.742	33.88000
2233.890	342.4000
2236.042	290.9200
2238.205	238.6480
2240.343	187.1680
2242.495	135.6880
2244.643	84.20800
2246.795	32.72800
2248.943	341.2480
2251.101	288.9760
2253.248	237.4960
2255.401	186.0160
2257.548	134.5360
2259.701	83.05600
2261.848	31.57600
2263.996	339.3040
2266.148	287.8240
2268.301	236.3440
2270.449	184.8640
2272.601	133.3840
2274.749	81.90400
2276.901	29.63200
2279.054	338.1520
2281.201	286.6720
2283.354	235.1920
2285.502	183.7120
2287.654	132.2320
2289.802	79.96000
2291.954	28.48000
2294.107	337.0000
2296.260	285.5200
2298.407	234.0400
2300.554	182.5600
2302.707	130.2880
2304.860	78.80800
2307.007	27.32800
2309.160	335.8480
2311.323	284.3680
2313.460	232.8880
2315.607	180.6160
2317.765	129.1360
2319.918	77.65600
2322.060	26.17600
2324.213	334.6960
2326.366	283.2160
2328.518	230.9440
2330.666	179.4640
2332.813	127.9840
2334.966	76.50400
2337.118	25.02400
2339.266	333.5440
2341.418	281.2720
2343.566	229.7920
2345.719	178.3120
2347.871	126.8320
2350.019	75.35200
2352.171	23.08000
2354.324	331.6000
2356.471	280.1200
2358.629	228.6400
2360.772	177.1600
2362.924	125.6800
2365.077	73.40800
2367.224	21.92800
2369.382	330.4480
2371.530	278.9680
2373.677	227.4880
2375.825	176.0080
2377.977	123.7360
2380.130	72.25600
2382.282	20.77600
2384.430	329.2960
2386.577	277.8160
2388.730	226.3360
2390.878	174.0640
2393.030	122.5840
2395.183	71.10400
2397.335	19.62400
2399.483	328.1440
2401.630	276.6640
2403.783	224.3920
2405.936	172.9120
2408.083	121.4320
2410.236	69.95200
2412.388	18.47200
2414.536	326.9920
2416.689	274.7200
2418.841	223.2400
2420.989	171.7600
2423.141	120.2800
2425.289	68.80000
2427.441	17.32000
2429.589	325.0480
2431.742	273.5680
2433.904	222.0880
2436.042	170.6080
2438.194	119.1280
2440.342	67.64800
2442.494	15.37600
2444.642	323.8960
2446.795	272.4160
2448.947	220.9360
2451.095	169.4560
2453.247	117.9760
2455.395	65.70400
2457.547	14.22400
2459.700	322.7440
2461.848	271.2640
2464.000	219.7840
2466.148	168.3040
2468.305	116.0320
2470.448	64.55200
2472.600	13.07200
2474.753	321.5920
2476.901	270.1120
2479.053	218.6320
2481.201	166.3600
2483.353	114.8800
2485.511	63.40000
2487.653	11.92000
2489.806	320.4400
2491.954	268.9600
2494.106	216.6880
2496.254	165.2080
2498.406	113.7280
2500.559	62.24800
2502.706	10.76800
2504.864	319.2880
2507.012	267.0160
2509.164	215.5360
2511.312	164.0560
2513.459	112.5760
2515.612	61.09600
2517.759	9.616000
2519.912	317.3440
2522.059	265.8640
2524.212	214.3840
2526.365	162.9040
2528.512	111.4240
2530.665	59.94400
2532.817	7.672000
2534.980	316.1920
2537.118	264.7120
2539.265	213.2320
2541.418	161.7520
2543.565	109.4800
2545.723	58.00000
2547.870	6.520000
2550.018	315.0400
2552.171	263.5600
2554.318	212.0800
2556.471	159.8080
2558.623	108.3280
2560.776	56.84800
2562.923	5.368000
2565.071	313.8880
2567.270	262.4080
2569.371	210.1360
2571.524	158.6560
2573.676	107.1760
2575.829	55.69600
2577.982	4.216000
2580.124	312.7360
2582.277	260.4640
2584.429	208.9840
2586.577	157.5040
2588.729	106.0240
2590.877	54.54400
2593.029	3.064000
2595.182	310.7920
2597.330	259.3120
2599.482	207.8320
2601.635	156.3520
2603.782	104.8720
2605.935	53.39200
2608.088	1.120000
2610.235	309.6400
2612.388	258.1600
2614.535	206.6800
2616.688	155.2000
2618.835	103.7200
2620.988	51.44800
2623.146	359.9680
2625.288	308.4880
2627.441	257.0080
2629.593	205.5280
2631.741	154.0480
2633.893	101.7760
2636.041	50.29600
2638.194	358.8160
2640.341	307.3360
2642.504	255.8560
2644.641	204.3760
2646.794	152.1040
2648.946	100.6240
2651.094	49.14400
2653.252	357.6640
2655.415	306.1840
2657.547	254.7040
2659.710	202.4320
2661.847	150.9520
2663.999	99.47200
2666.152	47.99200
2668.300	356.5120
2670.447	305.0320
2672.605	252.7600
2674.752	201.2800
2676.900	149.8000
2679.052	98.32000
2681.200	46.84000
2683.358	354.5680
2685.510	303.0880
2687.653	251.6080
2689.805	200.1280
2691.958	148.6480
2694.105	97.16800
2696.258	44.89600
2698.405	353.4160
2700.558	301.9360
2702.706	250.4560
2704.858	198.9760
2707.006	147.4960
2709.158	95.22400
2711.316	43.74400
2713.469	352.2640
2715.611	300.7840
2717.759	249.3040
2719.911	197.8240
2722.064	145.5520
2724.211	94.07200
2726.364	42.59200
2728.511	351.1120
2730.664	299.6320
2732.812	248.1520
2734.964	195.8800
2737.117	144.4000
2739.264	92.92000
2741.417	41.44000
2743.564	349.9600
2745.717	298.4800
2747.870	246.2080
2750.017	194.7280
2752.175	143.2480
2754.322	91.76800
2756.470	40.28800
2758.623	348.8080
2760.770	296.5360
2762.923	245.0560
2765.075	193.5760
2767.223	142.0960
2769.375	90.61600
2771.523	39.13600
2773.681	346.8640
2775.823	295.3840
2777.976	243.9040
2780.128	192.4240
2782.276	140.9440
2784.428	89.46400
2786.576	37.19200
2788.734	345.7120
2790.881	294.2320
2793.029	242.7520
2795.181	191.2720
2797.329	139.7920
2799.481	87.52000
2801.629	36.04000
2803.782	344.5600
2805.934	293.0800
2808.082	241.6000
2810.234	190.1200
2812.382	137.8480
2814.534	86.36800
2816.687	34.88800
2818.835	343.4080
2820.987	291.9280
2823.135	240.4480
2825.287	188.1760
2827.435	136.6960
2829.587	85.21600
2831.740	33.73600
2833.888	342.2560
2836.040	290.7760
2838.188	238.5040
2840.345	187.0240
2842.493	135.5440
2844.640	84.06400
2846.793	32.58400
2848.941	341.1040
2851.093	288.8320
2853.246	237.3520
2855.393	185.8720
2857.546	134.3920
2859.693	82.91200
2861.846	31.43200
2863.999	339.1600
2866.146	287.6800
2868.299	236.2000
2870.451	184.7200
2872.599	133.2400
2874.746	81.76000
2876.899	29.48800
2879.052	338.0080
2881.199	286.5280
2883.367	235.0480
2885.504	183.5680
2887.652	132.0880
2889.804	79.81600
2891.952	28.33600
2894.105	336.8560
2896.252	285.3760
2898.405	233.8960
2900.557	182.4160
2902.705	130.1440
2904.857	78.66400
2907.005	27.18400
2909.158	335.7040
2911.305	284.2240
2913.458	231.9520
2915.610	180.4720
2917.758	128.9920
2919.910	77.51200
2922.058	26.03200
2924.211	334.5520
2926.358	283.0720
2928.511	230.8000
2930.668	179.3200
2932.811	127.8400
2934.963	76.36000
2937.111	24.88000
2939.264	332.6080
2941.416	281.1280
2943.564	229.6480
2945.716	178.1680
2947.864	126.6880
2950.016	75.20800
2952.164	23.72800
2954.317	331.4560
2956.469	279.9760
2958.617	228.4960
2960.774	177.0160
2962.922	125.5360
2965.069	73.26400
2967.222	21.78400
2969.370	330.3040
2971.522	278.8240
2973.670	227.3440
2975.822	175.8640
2977.975	123.5920
2980.122	72.11200
2982.275	20.63200
2984.423	329.1520
2986.575	277.6720
2988.723	226.1920
2990.875	173.9200
2993.028	122.4400
2995.181	70.96000
2997.328	19.48000
2999.476	328.0000
3001.628	276.5200
3003.781	224.2480
3005.928	172.7680
3008.081	121.2880
3010.234	69.80800
3012.381	18.32800
3014.528	326.8480
3016.681	274.5760
3018.834	223.0960
3020.986	171.6160
3023.134	120.1360
3025.287	68.65600
3027.434	17.17600
3029.587	324.9040
3031.739	273.4240
3033.887	221.9440
3036.039	170.4640
3038.187	118.9840
3040.340	67.50400
3042.492	15.23200
3044.640	323.7520
3046.787	272.2720
3048.940	220.7920
3051.092	169.3120
3053.240	117.8320
3055.392	65.56000
3057.540	14.08000
3059.698	322.6000
3061.845	271.1200
3063.993	219.6400
3066.145	168.1600
3068.293	115.8880
3070.445	64.40800
3072.593	12.92800
3074.746	321.4480
3076.898	269.9680
3079.046	218.4880
3081.203	166.2160
3083.366	114.7360
3085.498	63.25600
3087.651	11.77600
3089.799	320.2960
3091.951	268.8160
3094.104	216.5440
3096.251	165.0640
3098.419	113.5840
3100.551	62.10400
3102.704	10.62400
3104.852	319.1440
3107.004	266.8720
3109.152	215.3920
3111.304	163.9120
3113.457	112.4320
3115.604	60.95200
3117.757	9.472000
3119.905	317.2000
3122.057	265.7200
3124.210	214.2400
3126.362	162.7600
3128.510	111.2800
3130.657	59.80000
3132.810	7.528000
3134.963	316.0480
3137.110	264.5680
3139.263	213.0880
3141.415	161.6080
3143.563	110.1280
3145.710	57.85600
3147.863	6.376000
3150.016	314.8960
3152.163	263.4160
3154.316	211.9360
3156.463	160.4560
3158.616	108.1840
3160.769	56.70400
3162.916	5.224000
3165.069	313.7440
3167.221	262.2640
3169.369	210.7840
3171.516	158.5120
3173.669	107.0320
3175.822	55.55200
3177.969	4.072000
3180.122	312.5920
3182.269	261.1120
3184.427	208.8400
3186.574	157.3600
3188.722	105.8800
3190.875	54.40000
3193.027	2.920000
3195.175	311.4400
3197.327	259.1680
3199.480	207.6880
3201.627	156.2080
3203.775	104.7280
3205.927	53.24800
3208.090	1.768000
3210.228	309.4960
3212.380	258.0160
3214.528	206.5360
3216.680	155.0560
3218.828	103.5760
3220.986	51.30400
3223.149	359.8240
3225.281	308.3440
3227.433	256.8640
3229.586	205.3840
3231.733	153.9040
3233.881	102.4240
3236.033	50.15200
3238.186	358.6720
3240.334	307.1920
3242.486	255.7120
3244.634	204.2320
3246.786	151.9600
3248.939	100.4800
3251.092	49.00000
3253.239	357.5200
3255.387	306.0400
3257.539	254.5600
3259.687	202.2880
3261.839	150.8080
3263.992	99.32800
3266.139	47.84800
3268.292	356.3680
3270.440	304.8880
3272.592	252.6160
3274.745	201.1360
3276.892	149.6560
3279.045	98.17600
3281.192	46.69600
3283.345	355.2160
3285.498	302.9440
3287.645	251.4640
3289.808	199.9840
3291.961	148.5040
3294.103	97.02400
3296.251	45.54400
3298.403	353.2720
3300.551	301.7920
3302.698	250.3120
3304.851	198.8320
3307.003	147.3520
3309.156	95.87200
3311.304	43.60000
3313.451	352.1200
3315.604	300.6400
3317.756	249.1600
3319.904	197.6800
3322.056	146.2000
3324.209	93.92800
3326.357	42.44800
3328.514	350.9680
3330.657	299.4880
3332.809	248.0080
3334.957	196.5280
3337.109	144.2560
3339.257	92.77600
3341.415	41.29600
3343.562	349.8160
3345.710	298.3360
3347.862	246.8560
3350.010	194.5840
3352.162	143.1040
3354.310	91.62400
3356.463	40.14400
3358.615	348.6640
3360.763	297.1840
3362.915	244.9120
3365.063	193.4320
3367.215	141.9520
3369.368	90.47200
3371.515	38.99200
3373.668	347.5120
3375.826	295.2400
3377.968	243.7600
3380.116	192.2800
3382.268	140.8000
3384.431	89.32000
3386.568	37.84000
3388.721	345.5680
3390.869	294.0880
3393.021	242.6080
3395.174	191.1280
3397.321	139.6480
3399.474	88.16800
3401.621	35.89600
3403.779	344.4160
3405.927	292.9360
3408.079	241.4560
3410.227	189.9760
3412.379	138.4960
3414.527	86.22400
3416.674	34.74400
3418.827	343.2640
3420.980	291.7840
3423.127	240.3040
3425.280	188.8240
3427.427	136.5520
3429.580	85.07200
3431.733	33.59200
3433.885	342.1120
3436.033	290.6320
3438.180	239.1520
3440.333	186.8800
3442.485	135.4000
3444.633	83.92000
3446.786	32.44000
3448.933	340.9600
3451.086	289.4800
3453.233	237.2080
3455.386	185.7280
3457.538	134.2480
3459.686	82.76800
3461.839	31.28800
3463.986	339.8080
3466.144	287.5360
3468.291	236.0560
3470.459	184.5760
3472.591	133.0960
3474.739	81.61600
3476.892	30.13600
3479.039	337.8640
3481.192	286.3840
3483.344	234.9040
3485.492	183.4240
3487.650	131.9440
3489.792	79.67200
3491.945	28.19200
3494.097	336.7120
3496.245	285.2320
3498.397	233.7520
3500.545	182.2720
3502.697	130.0000
3504.850	78.52000
3506.998	27.04000
3509.150	335.5600
3511.298	284.0800
3513.450	232.6000
3515.598	181.1200
3517.750	128.8480
3519.903	77.36800
3522.051	25.88800
3524.203	334.4080
3526.351	282.9280
3528.503	230.6560
3530.656	179.1760
3532.809	127.6960
3534.956	76.21600
3537.103	24.73600
3539.256	333.2560
3541.404	280.9840
3543.556	229.5040
3545.709	178.0240
3547.856	126.5440
3550.009	75.06400
3552.156	23.58400
3554.314	331.3120
3556.462	279.8320
3558.609	228.3520
3560.762	176.8720
3562.914	125.3920
3565.062	73.91200
3567.215	21.64000
3569.362	330.1600
3571.515	278.6800
3573.673	227.2000
3575.815	175.7200
3577.967	124.2400
3580.115	71.96800
3582.268	20.48800
3584.420	329.0080
3586.568	277.5280
3588.720	226.0480
3590.868	174.5680
3593.020	122.2960
3595.168	70.81600
3597.321	19.33600
3599.478	327.8560
3601.621	276.3760
3603.773	224.8960
3605.921	172.6240
3608.073	121.1440
3610.221	69.66400
3612.374	18.18400
3614.521	326.7040
3616.674	275.2240
3618.837	222.9520
3620.974	171.4720
3623.126	119.9920
3625.279	68.51200
3627.427	17.03200
3629.579	325.5520
3631.727	273.2800
3633.884	221.8000
3636.032	170.3200
3638.179	118.8400
3640.332	67.36000
3642.480	15.88000
3644.632	323.6080
3646.785	272.1280
3648.943	220.6480
3651.090	169.1680
3653.232	117.6880
3655.385	66.20800
3657.533	13.93600
3659.685	322.4560
3661.853	270.9760
3663.990	219.4960
3666.138	168.0160
3668.285	116.5360
3670.438	64.26400
3672.586	12.78400
3674.738	321.3040
3676.891	269.8240
3679.038	218.3440
3681.191	166.8640
3683.338	114.5920
3685.491	63.11200
3687.639	11.63200
3689.791	320.1520
3691.944	268.6720
3694.091	217.1920
3696.244	164.9200
3698.391	113.4400
3700.544	61.96000
3702.697	10.48000
3704.844	319.0000
3706.997	267.5200
3709.144	215.2480
3711.302	163.7680
3713.450	112.2880
3715.597	60.80800
3717.750	9.328000
3719.897	317.8480
3722.055	265.5760
3724.202	214.0960
3726.350	162.6160
3728.502	111.1360
3730.650	59.65600
3732.803	8.176000
3734.955	315.9040
3737.103	264.4240
3739.255	212.9440
3741.403	161.4640
3743.555	109.9840
3745.703	58.50400
3747.856	6.232000
3750.013	314.7520
3752.166	263.2720
3754.308	211.7920
3756.456	160.3120
3758.608	108.8320
3760.756	56.56000
3762.914	5.080000
3765.066	313.6000
3767.214	262.1200
3769.464	210.6400
3771.509	158.3680
3773.661	106.8880
3775.814	55.40800
3777.967	3.928000
3780.114	312.4480
3782.272	260.9680
3784.414	208.6960
3786.562	157.2160
3788.714	105.7360
3790.867	54.25600
3793.015	2.776000
3795.167	311.2960
3797.320	259.0240
3799.467	207.5440
3801.620	156.0640
3803.767	104.5840
3805.920	53.10400
3808.068	1.624000
3810.220	309.3520
3812.373	257.8720
3814.520	206.3920
3816.678	154.9120
3818.841	103.4320
3820.973	51.95200
3823.121	359.6800
3825.273	308.2000
3827.426	256.7200
3829.578	205.2400
3831.731	153.7600
3833.884	102.2800
3836.026	50.00800
3838.179	358.5280
3840.326	307.0480
3842.479	255.5680
3844.637	204.0880
3846.779	152.6080
3848.932	100.3360
3851.079	48.85600
3853.232	357.3760
3855.379	305.8960
3857.532	254.4160
3859.684	202.9360
3861.832	150.6640
3863.985	99.18400
3866.132	47.70400
3868.285	356.2240
3870.437	304.7440
3872.585	253.2640
3874.737	200.9920
3876.890	149.5120
3879.038	98.03200
3881.190	46.55200
3883.343	355.0720
3885.490	303.5920
3887.638	251.3200
3889.790	199.8400
3891.943	148.3600
3894.090	96.88000
3896.243	45.40000
3898.391	353.9200
3900.543	301.6480
3902.691	250.1680
3904.843	198.6880
3906.991	147.2080
3909.143	95.72800
3911.296	44.24800
3913.449	351.9760
3915.596	300.4960
3917.744	249.0160
3919.896	197.5360
3922.049	146.0560
3924.207	94.57600
3926.359	42.30400
3928.497	350.8240
3930.649	299.3440
3932.802	247.8640
3934.949	196.3840
3937.102	144.9040
3939.249	92.63200
3941.407	41.15200
3943.550	349.6720
3945.702	298.1920
3947.855	246.7120
3950.007	195.2320
3952.155	142.9600
3954.302	91.48000
3956.455	40.00000
3958.608	348.5200
3960.755	297.0400
3962.908	245.5600
3965.055	193.2880
3967.208	141.8080
3969.361	90.32800
3971.508	38.84800
3973.671	347.3680
3975.813	295.8880
3977.966	243.6160
3980.108	192.1360
3982.261	140.6560
3984.414	89.17600
3986.561	37.69600
3988.714	346.2160
3990.871	293.9440
3993.014	242.4640
3995.166	190.9840
3997.314	139.5040
3999.467	88.02400
4001.614	36.54400
4003.767	344.2720
4005.914	292.7920
4008.067	241.3120
4010.219	189.8320
4012.372	138.3520
4014.520	86.87200
4016.667	34.60000
4018.820	343.1200
4020.972	291.6400
4023.125	240.1600
4025.272	188.6800
4027.425	136.4080
4029.578	84.92800
4031.725	33.44800
4033.873	341.9680
4036.025	290.4880
4038.178	239.0080
4040.325	187.5280
4042.473	135.2560
4044.626	83.77600
4046.778	32.29600
4048.926	340.8160
4051.078	289.3360
4053.226	237.8560
4055.378	185.5840
4057.531	134.1040
4059.678	82.62400
4061.831	31.14400
4063.979	339.6640
4066.131	287.3920
4068.279	235.9120
4070.431	184.4320
4072.589	132.9520
4074.731	81.47200
4076.884	29.99200
4079.032	337.7200
4081.184	286.2400
4083.337	234.7600
4085.484	183.2800
4087.637	131.8000
4089.790	80.32000
4091.937	28.04800
4094.085	336.5680
4096.242	285.0880
4098.395	233.6080
4100.542	182.1280
4102.690	130.6480
4104.837	78.37600
4106.995	26.89600
4109.143	335.4160
4111.295	283.9360
4113.443	232.4560
4115.595	180.9760
4117.743	128.7040
4119.906	77.22400
4122.048	25.74400
4124.196	334.2640
4126.348	282.7840
4128.506	231.3040
4130.648	179.0320
4132.796	127.5520
4134.949	76.07200
4137.096	24.59200
4139.249	333.1120
4141.401	281.6320
4143.549	229.3600
4145.701	177.8800
4147.849	126.4000
4150.002	74.92000
4152.154	23.44000
4154.302	331.9600
4156.449	279.6880
4158.602	228.2080
4160.754	176.7280
4162.902	125.2480
4165.055	73.76800
4167.207	22.28800
4169.355	330.0160
4171.512	278.5360
4173.655	227.0560
4175.807	175.5760
4177.960	124.0960
4180.108	72.61600
4182.260	20.34400
4184.408	328.8640
4186.565	277.3840
4188.708	225.9040
4190.860	174.4240
4193.013	122.9440
4195.181	70.67200
4197.313	19.19200
4199.461	327.7120
4201.613	276.2320
4203.766	224.7520
4205.913	173.2720
4208.066	121.0000
4210.214	69.52000
4212.366	18.04000
4214.514	326.5600
4216.666	275.0800
4218.819	223.6000
4220.966	171.3280
4223.119	119.8480
4225.266	68.36800
4227.419	16.88800
4229.572	325.4080
4231.719	273.9280
4233.872	221.6560
4236.019	170.1760
4238.172	118.6960
4240.325	67.21600
4242.472	15.73600
4244.625	324.2560
4246.772	271.9840
4248.930	220.5040
4251.077	169.0240
4253.235	117.5440
4255.378	66.06400
4257.530	14.58400
4259.678	322.3120
4261.825	270.8320
4263.978	219.3520
4266.136	167.8720
4268.283	116.3920
4270.436	64.91200
4272.578	12.64000
4274.731	321.1600
4276.883	269.6800
4279.031	218.2000
4281.183	166.7200
4283.331	115.2400
4285.484	62.96800
4287.636	11.48800
4289.789	320.0080
4291.947	268.5280
4294.084	217.0480
4296.236	165.5680
4298.384	113.2960
4300.537	61.81600
4302.689	10.33600
4304.837	318.8560
4306.994	267.3760
4309.142	215.1040
4311.289	163.6240
4313.437	112.1440
4315.590	60.66400
4317.742	9.184000
4319.895	317.7040
4322.042	266.2240
4324.190	213.9520
4326.342	162.4720
4328.495	110.9920
4330.643	59.51200
4332.795	8.032000
4334.948	315.7600
4337.095	264.2800
4339.253	212.8000
4341.401	161.3200
4343.558	109.8400
4345.701	58.36000
4347.848	6.088000
4350.001	314.6080
4352.153	263.1280
4354.301	211.6480
4356.454	160.1680
4358.601	108.6880
4360.754	56.41600
4362.906	4.936000
4365.054	313.4560
4367.212	261.9760
4369.354	210.4960
4371.507	159.0160
4373.654	106.7440
4375.807	55.26400
4377.959	3.784000
4380.107	312.3040
4382.259	260.8240
4384.412	209.3440
4386.560	157.0720
4388.578	105.5920
4390.726	57.28000
4392.878	7.613120
4395.108	0
4405.861	5.46750E-4
4408.014	19.35020
4410.166	20.00000
4414.467	22.58160
4416.619	23.00000
4420.919	24.00000
4431.708	24.00250
4433.856	55.28000
4436.008	105.3730
4438.161	114.0000
4446.761	116.0000
4451.061	115.3170
4453.250	115.0000
4466.155	103.6840
4468.303	52.83200
4470.456	4.892060
4472.608	0
