Elapsed time [s]	Value [0,100]
0.000	226.2640
1.083	231.0250
3.094	235.6640
5.108	234.2600
7.116	228.7970
9.125	234.4130
11.136	236.9460
13.147	240.4550
15.158	235.6640
17.169	231.1780
19.177	236.7930
21.188	230.7500
23.197	234.1380
25.208	241.7070
27.219	230.7500
29.230	240.7300
31.241	238.1970
33.249	242.5610
35.260	234.4130
37.271	232.3070
39.280	226.9660
41.291	240.1810
43.299	228.3700
45.310	229.0720
47.321	231.3000
49.332	232.7340
51.343	238.0750
53.352	232.5810
55.363	235.2370
57.371	234.6870
59.382	229.0720
61.393	233.0090
63.404	234.5350
65.413	229.7740
67.424	231.8800
69.435	242.5610
71.443	234.1380
73.454	234.9620
75.465	234.4130
77.474	235.5420
79.485	233.9850
81.493	228.7970
83.504	226.8140
85.515	232.3070
87.523	234.4130
89.535	232.7340
91.546	235.1150
93.557	231.0250
95.575	239.3260
97.579	232.7340
99.590	236.5180
101.598	230.4760
103.609	231.7270
105.620	234.5350
107.628	230.3230
109.639	239.4790
111.650	228.2170
113.659	227.0880
115.670	228.4920
117.681	229.3470
119.692	246.2230
121.700	232.3070
123.711	241.7070
125.720	236.0910
127.744	238.1970
129.742	240.4550
131.750	234.1380
133.764	225.2570
135.772	235.5420
137.783	231.6050
139.792	241.0050
141.803	237.3730
143.814	236.6710
145.825	236.3660
147.836	231.6050
149.844	237.9220
151.855	232.4290
153.864	238.3490
155.875	232.8560
157.886	232.3070
159.894	236.0910
163.916	229.8960
165.925	231.8800
167.961	233.1310
169.944	235.3890
171.958	220.4960
173.966	245.2470
175.977	234.5350
177.988	231.3000
179.997	233.1310
182.008	233.8330
184.016	233.5580
186.027	233.0090
188.038	228.6450
190.049	233.8330
192.058	233.2830
194.069	239.0510
196.080	229.7740
198.091	243.9650
200.102	231.8800
202.113	228.7970
204.124	238.6240
206.135	240.1810
208.146	229.1940
210.154	225.9590
212.165	233.5580
214.176	231.0250
216.187	231.7270
218.198	230.2010
220.207	231.4520
222.220	236.7930
224.229	243.8430
226.240	233.5580
228.251	230.5980
230.259	230.4760
232.270	238.0750
234.281	236.5180
236.290	228.3700
238.301	238.8990
240.309	235.2370
242.320	228.4920
244.331	221.7470
246.342	234.2600
248.353	239.4790
250.361	231.0250
252.380	230.7500
254.381	233.1310
256.392	231.0250
258.403	234.2600
260.414	233.2830
262.425	225.9590
264.433	232.8560
266.444	240.1810
268.453	236.2440
270.464	235.5420
272.475	229.7740
274.486	226.5390
276.497	236.3660
278.508	235.8160
280.516	241.1570
282.527	224.7080
284.536	224.2800
286.547	231.6050
288.560	229.1940
290.569	238.6240
292.577	226.5390
294.588	232.3070
296.599	231.8800
298.618	234.1380
300.621	224.1280
302.632	234.8400
304.643	233.2830
306.654	235.5420
308.665	230.0480
310.674	218.9400
312.685	226.6610
314.696	222.1750
316.707	238.7770
318.718	231.3000
320.729	229.0720
322.740	229.4990
324.751	235.6640
326.759	234.8400
328.770	236.7930
330.779	232.8560
332.790	238.3490
334.801	226.2640
336.812	232.0320
338.820	230.0480
340.831	240.8830
342.842	236.0910
344.853	239.1730
346.867	232.5810
348.875	233.5580
350.886	232.4290
352.900	230.2010
354.908	232.5810
356.917	231.0250
358.930	227.2410
360.941	231.3000
362.952	239.0510
364.966	222.6020
366.987	233.5580
368.983	238.1970
370.994	231.1780
373.005	235.2370
375.016	229.1940
377.027	225.8370
379.035	236.6710
381.046	247.6270
383.055	236.7930
385.066	231.8800
387.077	237.2200
389.088	234.4130
391.099	229.1940
393.107	225.9590
395.118	233.0090
397.127	238.0750
399.138	236.6710
401.149	232.4290
403.160	239.7530
405.171	230.3230
407.182	226.8140
409.193	236.7930
411.204	234.9620
413.215	232.8560
415.226	232.3070
417.240	232.5810
419.251	239.7530
421.264	240.1810
423.275	230.0480
425.286	234.9620
427.297	230.2010
429.311	235.6640
431.322	234.9620
433.333	251.0150
435.344	234.9620
437.355	228.2170
439.366	240.4550
441.379	230.4760
443.390	232.1540
445.401	233.4360
447.412	234.8400
449.426	222.6020
451.437	231.1780
453.448	235.5420
455.456	231.0250
457.467	236.2440
459.476	233.0090
461.487	235.3890
463.521	229.4990
465.506	238.8990
467.515	240.0280
469.526	232.4290
471.537	240.0280
473.548	233.0090
475.559	231.1780
477.570	236.6710
479.581	236.2440
481.589	235.5420
483.600	236.5180
485.611	239.6010
487.622	232.3070
489.631	245.6430
491.642	241.4320
493.653	237.2200
495.661	243.5380
497.672	236.2440
499.683	236.0910
501.694	235.8160
503.703	239.3260
505.714	238.4720
507.725	234.9620
509.733	242.2860
511.744	230.5980
513.755	228.6450
515.764	237.0680
517.785	233.0090
519.786	235.2370
521.797	233.9850
523.808	237.7700
525.816	236.9460
527.827	233.9850
529.836	238.1970
531.847	244.8190
533.855	248.1760
535.866	244.8190
537.877	235.9690
539.888	238.1970
541.899	239.4790
543.908	235.1150
545.919	238.1970
547.930	237.3730
549.941	236.3660
551.952	233.1310
553.960	225.8370
555.974	236.5180
557.982	233.2830
559.993	224.4330
562.004	239.4790
564.013	239.9060
566.024	243.5380
568.032	235.8160
570.043	237.6480
572.054	239.1730
574.062	230.4760
576.073	231.8800
578.085	248.1760
580.096	239.0510
582.107	233.8330
584.115	239.0510
586.126	234.2600
588.137	241.7070
590.148	242.5610
592.159	233.8330
594.167	233.9850
596.178	239.0510
598.187	227.2410
600.198	234.4130
602.209	229.8960
604.220	238.0750
606.236	237.9220
608.239	240.1810
610.250	226.5390
612.259	237.2200
614.270	242.4080
616.281	236.2440
618.289	231.7270
620.300	262.1230
622.309	234.9620
624.320	232.8560
626.331	246.0710
628.342	236.5180
630.353	225.2570
632.361	237.2200
634.372	235.9690
636.383	235.1150
638.394	243.9650
640.405	229.6210
642.414	229.8960
644.425	233.7110
646.436	244.5450
648.444	238.8990
650.455	231.6050
652.466	242.5610
654.477	235.9690
656.488	237.6480
658.497	234.9620
660.508	238.3490
662.516	234.2600
664.527	243.8430
666.538	238.3490
668.547	229.0720
670.558	232.4290
672.569	241.8590
674.580	234.8400
676.588	232.4290
678.599	233.0090
680.610	237.3730
682.619	246.9250
684.630	238.6240
686.638	237.3730
688.649	240.3030
690.660	237.4950
692.671	236.6710
696.690	243.4160
698.702	245.6430
700.710	239.7530
702.721	237.3730
704.732	242.1340
706.740	237.3730
708.751	233.5580
710.762	240.7300
712.773	240.6080
714.782	236.5180
716.793	249.1840
718.804	246.6510
720.812	231.8800
722.823	236.7930
724.845	246.2230
726.843	236.7930
728.854	238.3490
730.865	237.9220
732.876	233.4360
734.884	236.3660
736.895	241.3100
738.904	245.2470
740.915	248.3290
742.926	232.3070
744.934	245.6430
746.945	238.0750
748.956	233.9850
752.978	237.0680
754.987	238.7770
756.998	233.9850
759.006	235.8160
761.017	244.8190
763.028	243.4160
765.037	234.5350
767.050	235.2370
769.059	238.0750
771.070	229.8960
773.078	240.1810
775.089	236.7930
777.100	233.8330
779.109	239.4790
781.120	224.5550
783.128	241.8590
785.139	241.1570
787.150	232.7340
789.161	229.1940
791.172	236.5180
793.180	229.3470
795.199	254.9520
797.200	231.1780
799.211	230.2010
801.222	236.2440
803.233	239.3260
805.241	240.4550
807.250	237.0680
809.261	257.1790
811.274	241.3100
813.283	233.1310
815.294	235.5420
817.302	234.4130
819.316	239.7530
821.327	236.6710
823.338	233.5580
825.349	236.2440
827.357	237.2200
829.368	235.3890
831.377	226.2640
833.388	238.0750
835.399	240.3030
837.407	236.0910
839.418	235.2370
841.427	239.7530
843.438	240.1810
845.449	239.3260
847.460	239.4790
849.471	230.5980
851.482	249.4580
853.490	240.6080
855.501	239.0510
857.512	238.7770
859.523	242.5610
861.532	241.1570
863.543	245.5210
865.554	233.2830
867.562	237.7700
869.573	239.9060
871.584	245.7960
873.593	238.7770
875.604	237.3730
877.615	244.5450
879.626	244.6670
881.634	237.0680
883.645	237.4950
885.656	236.0910
887.665	224.5550
889.676	247.9020
891.684	238.3490
893.695	237.2200
895.706	241.3100
897.717	244.9410
899.728	246.0710
901.737	239.4790
903.748	233.7110
905.756	238.4720
909.778	237.6480
911.786	243.1410
913.798	236.7930
915.809	241.8590
917.820	228.4920
919.828	239.4790
921.839	239.6010
923.850	247.9020
925.861	235.3890
927.872	242.9880
929.883	244.3920
931.894	234.9620
933.905	242.8360
935.914	235.1150
937.925	233.8330
939.933	241.4320
941.944	240.6080
943.958	244.5450
945.969	237.3730
947.980	240.0280
949.991	237.2200
951.999	246.6510
954.010	229.0720
956.021	237.9220
958.040	236.3660
960.043	232.4290
962.054	246.6510
964.063	245.5210
966.074	241.0050
968.082	236.6710
970.093	240.8830
972.104	245.3690
974.115	230.9030
976.126	248.3290
978.134	237.3730
980.145	234.9620
982.154	238.8990
984.165	235.3890
986.176	253.5480
988.184	244.1170
990.203	233.2830
992.206	240.3030
994.217	241.4320
996.228	232.0320
998.239	244.3920
1000.250	237.2200
1002.259	233.1310
1004.270	246.4980
1006.281	227.3630
1008.292	239.4790
1010.300	244.5450
1012.309	232.5810
1014.320	252.9680
1016.331	237.0680
1018.342	234.6870
1020.353	243.4160
1022.361	242.5610
1024.375	238.3490
1026.383	240.7300
1028.394	245.5210
1030.405	241.8590
1032.414	242.1340
1034.425	238.0750
1036.436	235.2370
1038.444	235.3890
1040.455	238.0750
1042.466	242.1340
1044.475	239.3260
1046.486	237.2200
1048.502	251.8390
1050.508	246.9250
1052.516	237.2200
1054.527	232.1540
1056.538	241.7070
1058.547	237.3730
1060.558	234.9620
1062.569	234.8400
1064.593	249.3060
1066.588	242.1340
1068.599	242.0120
1070.610	242.2860
1072.619	243.9650
1074.630	235.8160
1076.638	240.3030
1078.649	237.7700
1080.660	248.4820
1082.671	260.4140
1084.682	238.4720
1086.691	236.2440
1088.702	238.1970
1090.718	240.4550
1092.721	245.6430
1094.740	237.3730
1096.740	235.2370
1098.751	240.1810
1100.762	238.1970
1102.774	227.2410
1104.782	255.0740
1106.793	237.4950
1110.812	247.9020
1112.823	247.3520
1114.832	236.7930
1116.843	233.5580
1118.854	236.3660
1120.865	235.9690
1122.876	241.1570
1124.884	241.0050
1126.895	234.5350
1128.904	246.3450
1130.915	237.7700
1132.926	234.4130
1134.937	238.8990
1136.948	236.7930
1138.956	236.9460
1140.967	241.1570
1142.976	252.9680
1144.987	237.6480
1146.998	242.7140
1149.009	229.0720
1151.020	239.4790
1155.039	235.6640
1157.050	236.2440
1159.061	240.3030
1161.070	236.0910
1163.081	236.3660
1165.092	235.6640
1167.103	234.1380
1169.111	241.5840
1171.122	240.1810
1173.133	236.6710
1175.142	236.3660
1177.153	237.7700
1179.161	244.1170
1181.172	245.6430
1183.183	229.3470
1185.194	243.6900
1187.205	238.8990
1189.216	236.9460
1191.227	248.1760
1193.238	262.1230
1195.247	242.2860
1197.258	234.8400
1199.266	237.9220
1201.277	226.6610
1203.288	240.0280
1205.297	235.6640
1207.308	246.0710
1209.321	247.0780
1211.330	235.1150
1213.338	238.3490
1215.349	239.3260
1217.360	238.8990
1219.368	236.5180
1221.380	241.5840
1223.388	246.3450
1225.399	228.6450
1227.410	237.2200
1229.421	232.7340
1231.432	226.1120
1233.443	243.6900
1235.454	240.4550
1237.465	239.7530
1239.473	239.4790
1241.484	239.3260
1243.493	240.0280
1245.504	243.1410
1247.515	243.4160
1249.526	239.0510
1251.537	229.6210
1253.545	243.1410
1255.556	246.3450
1257.565	239.1730
1259.576	241.5840
1261.587	240.8830
1263.595	237.2200
1265.606	236.9460
1267.617	236.2440
1269.628	234.5350
1271.637	233.0090
1273.648	240.8830
1277.667	233.9850
1279.678	236.2440
1281.687	235.3890
1283.698	225.6840
1285.711	242.5610
1287.720	237.3730
1289.731	238.6240
1291.742	227.2410
1293.750	246.6510
1295.761	234.5350
1297.772	238.3490
1299.783	233.1310
1301.794	234.8400
1303.803	237.2200
1305.814	234.5350
1307.822	234.4130
1309.833	236.2440
1311.844	238.3490
1313.853	230.2010
1315.864	237.9220
1317.875	232.7340
1319.886	243.2630
1321.894	241.5840
1323.905	237.6480
1325.916	242.1340
1327.927	241.5840
1329.938	233.4360
1331.947	247.4750
1333.958	239.3260
1335.971	242.1340
1337.980	242.0120
1339.991	234.9620
1341.999	237.7700
1344.010	236.5180
1346.021	239.3260
1348.030	238.7770
1350.041	235.6640
1352.049	236.0910
1354.060	244.2400
1356.071	239.3260
1358.082	244.2400
1360.093	234.6870
1362.101	250.0080
1364.113	244.8190
1366.121	243.4160
1368.132	241.1570
1370.143	247.7800
1372.151	234.8400
1374.162	250.4350
1376.171	237.0680
1380.193	236.6710
1382.204	235.8160
1384.215	239.9060
1386.223	235.3890
1388.234	237.7700
1390.243	236.9460
1392.267	232.0320
1394.262	236.5180
1396.273	243.4160
1398.287	229.7740
1400.295	242.8360
1402.306	247.4750
1404.315	236.9460
1406.326	237.0680
1408.337	239.6010
1410.348	241.4320
1412.359	238.7770
1414.370	245.6430
1416.378	236.0910
1418.389	238.7770
1422.411	239.0510
1424.420	240.4550
1426.431	256.9050
1428.442	238.3490
1430.450	233.5580
1432.461	235.5420
1434.472	238.1970
1436.483	233.7110
1438.494	239.3260
1440.503	249.7330
1442.514	234.5350
1444.522	247.6270
1446.533	240.8830
1448.544	249.7330
1450.555	239.6010
1452.566	235.5420
1454.577	240.1810
1456.586	239.3260
1458.597	236.0910
1460.605	228.2170
1462.614	241.8590
1464.627	225.1350
1466.636	239.3260
1468.649	235.8160
1470.658	234.9620
1472.666	239.6010
1474.680	233.0090
1476.693	238.3490
1478.696	236.6710
1480.710	237.4950
1482.719	239.4790
1484.727	237.6480
1486.741	242.1340
1488.749	240.6080
1490.763	238.7770
1492.771	235.6640
1494.779	237.7700
1496.788	248.6040
1498.801	238.7770
1500.810	236.7930
1502.818	245.7960
1504.832	255.3480
1506.840	231.3000
1508.854	235.3890
1510.862	245.0940
1512.871	241.1570
1514.884	240.4550
1516.893	234.6870
1518.901	240.6080
1520.910	244.2400
1522.923	240.0280
1524.932	237.6480
1526.945	236.9460
1528.954	234.6870
1530.962	229.3470
1532.976	246.2230
1534.989	238.6240
1536.993	242.9880
1539.006	242.4080
1541.015	246.9250
1543.023	237.7700
1545.037	241.3100
1547.045	238.3490
1549.054	243.4160
1551.067	234.5350
1553.076	248.1760
1555.084	257.4850
1557.098	239.9060
1559.106	238.0750
1561.115	245.9490
1563.128	240.7300
1565.137	243.9650
1567.150	236.7930
1569.159	236.0910
1571.167	242.2860
1573.191	240.1810
1575.189	239.3260
1577.197	240.1810
1579.206	236.0910
1581.220	242.2860
1583.228	246.2230
1585.242	235.2370
1587.250	243.5380
1589.258	242.9880
1591.272	245.7960
1593.280	242.0120
1595.289	242.7140
1597.302	237.9220
1599.311	241.1570
1601.319	239.3260
1603.333	245.6430
1605.341	246.4980
1607.350	238.1970
1609.363	237.2200
1611.372	226.8140
1613.380	246.4980
1615.394	248.8780
1617.402	241.3100
1619.411	231.3000
1621.419	235.5420
1623.433	244.8190
1625.446	239.7530
1627.455	243.6900
1629.463	236.0910
1631.472	240.4550
1633.485	228.6450
1635.494	245.3690
1637.502	247.3520
1639.516	240.6080
1641.524	244.9410
1643.533	235.1150
1645.546	238.0750
1647.555	236.6710
1649.568	249.0310
1651.577	247.9020
1653.585	238.3490
1655.594	243.6900
1657.607	260.5670
1659.616	240.8830
1661.629	250.0080
1663.638	241.5840
1665.667	229.4990
1667.660	235.2370
1669.668	237.2200
1671.676	234.5350
1673.690	230.7500
1675.699	238.6240
1677.707	249.5800
1679.721	242.0120
1681.729	239.7530
1683.743	243.4160
1685.751	242.8360
1687.759	232.0320
1689.768	246.9250
1691.781	242.4080
1693.790	236.0910
1695.798	229.3470
1697.812	237.0680
1699.831	241.3100
1701.834	228.0650
1703.842	236.6710
1705.851	238.1970
1707.864	241.4320
1709.873	240.4550
1711.881	244.5450
1713.890	235.5420
1715.903	240.3030
1717.912	238.3490
1719.925	239.3260
1721.934	239.4790
1723.942	243.2630
1725.966	231.8800
1727.964	235.6640
1729.978	239.4790
1731.986	241.0050
1733.995	241.1570
1736.003	232.3070
1738.012	241.1570
1740.035	264.6560
1742.034	238.6240
1744.047	261.9710
1746.056	242.7140
1748.064	236.0910
1750.103	231.1780
1752.086	238.8990
1754.100	233.8330
1756.108	236.0910
1758.122	238.3490
1760.161	243.1410
1762.139	239.1730
1764.147	238.6240
1766.155	239.0510
1768.169	245.0940
1770.177	233.1310
1772.186	237.9220
1774.200	236.0910
1776.218	238.4720
1778.222	231.3000
1780.230	242.2860
1782.238	235.3890
1784.252	246.9250
1786.260	232.8560
1788.269	241.5840
1790.282	238.6240
1792.291	238.7770
1794.299	237.7700
1796.308	236.2440
1798.321	242.4080
1800.330	237.9220
1802.343	236.5180
1804.362	233.5580
1806.360	239.9060
1808.374	245.0940
1810.382	244.6670
1812.391	237.3730
1814.404	239.1730
1816.413	242.1340
1818.421	239.1730
1820.435	239.7530
1822.443	241.5840
1824.452	234.5350
1826.470	248.3290
1828.474	242.9880
1830.482	241.4320
1832.496	227.0880
1834.504	241.1570
1836.513	235.2370
1838.526	240.4550
1840.535	251.0150
1842.548	240.6080
1844.557	245.6430
1846.565	239.7530
1848.574	242.7140
1850.587	240.3030
1852.596	242.8360
1854.604	241.4320
1856.618	246.2230
1858.626	237.6480
1860.645	241.0050
1862.648	234.2600
1864.656	241.4320
1866.670	251.4110
1868.679	237.2200
1870.692	236.3660
1872.701	241.5840
1874.709	241.4320
1876.723	252.4190
1878.731	238.1970
1880.739	243.4160
1882.753	241.8590
1884.761	243.8430
1886.775	247.6270
1888.783	243.6900
1890.792	241.1570
1892.806	239.6010
1894.814	238.8990
1896.822	240.1810
1898.836	238.6240
1900.850	234.6870
1902.858	238.3490
1904.866	239.9060
1906.880	254.6460
1908.888	239.9060
1910.902	236.6710
1912.910	233.2830
1914.919	239.7530
1916.933	242.0120
1918.941	252.9680
1920.955	239.4790
1922.963	233.1310
1924.977	244.3920
1926.985	225.1350
1928.993	235.8160
1931.002	240.7300
1933.015	257.6070
1935.024	237.6480
1937.038	240.6080
1939.046	261.4210
1941.054	236.9460
1943.068	235.9690
1945.076	239.6010
1947.085	237.9220
1949.098	239.4790
1951.107	236.6710
1953.115	235.2370
1955.139	233.7110
1957.137	237.4950
1959.146	254.5240
1961.159	244.8190
1963.168	239.4790
1965.181	239.6010
1967.190	244.3920
1969.203	234.1380
1971.222	248.0540
1973.220	238.4720
1975.229	246.2230
1977.242	246.7730
1979.251	241.5840
1981.264	245.2470
1983.273	229.3470
1985.281	236.5180
1987.295	236.3660
1989.303	239.6010
1991.312	237.0680
1993.325	243.5380
1995.334	234.6870
1997.342	234.4130
1999.356	237.7700
2001.364	250.4350
2003.373	242.5610
2005.386	246.9250
2007.395	241.4320
2009.403	244.2400
2011.417	244.5450
2013.425	240.8830
2015.434	241.0050
2017.447	244.2400
2021.469	240.1810
2023.478	240.0280
2025.486	245.0940
2027.494	242.7140
2029.508	240.7300
2031.516	251.2890
2033.525	228.6450
2035.539	241.3100
2037.547	227.6680
2039.561	240.7300
2041.569	247.3520
2043.577	247.0780
2045.591	238.3490
2047.599	240.0280
2049.608	242.8360
2051.621	241.8590
2053.630	242.8360
2055.638	230.2010
2057.647	241.4320
2059.660	238.3490
2061.669	236.5180
2063.682	233.0090
2065.691	247.0780
2067.699	239.0510
2069.713	242.4080
2071.721	233.9850
2073.730	249.8850
2075.743	246.2230
2077.752	225.9590
2079.760	240.0280
2081.774	244.1170
2083.782	244.9410
2085.791	240.8830
2087.804	251.7170
2089.813	244.6670
2091.821	242.5610
2093.835	240.7300
2095.843	243.9650
2097.852	241.3100
2099.865	246.7730
2101.874	244.3920
2103.887	235.2370
2105.896	256.7830
2107.904	242.9880
2109.913	235.8160
2111.926	230.4760
2113.935	236.6710
2115.943	238.8990
2117.957	246.7730
2119.965	234.6870
2121.979	250.3130
2123.987	240.7300
2125.995	247.9020
2128.009	240.8830
2130.018	245.0940
2132.026	251.1370
2134.040	238.7770
2136.048	245.0940
2138.062	228.6450
2140.070	239.9060
2142.078	241.1570
2144.087	246.2230
2146.100	239.6010
2148.109	243.2630
2150.117	238.4720
2152.136	239.6010
2154.139	240.7300
2156.148	235.3890
2158.161	250.7090
2160.170	242.2860
2162.183	235.9690
2164.192	239.1730
2166.200	238.3490
2168.209	244.3920
2170.233	232.8560
2172.231	237.2200
2174.239	248.8780
2176.253	234.9620
2178.261	249.4580
2180.275	244.3920
2182.299	244.8190
2184.297	239.9060
2186.305	241.7070
2188.314	245.6430
2190.327	242.5610
2192.336	234.5350
2194.344	236.3660
2196.358	242.2860
2198.366	245.6430
2200.375	244.5450
2202.388	238.6240
2204.412	239.6010
2206.410	238.8990
2208.419	242.1340
2210.427	235.8160
2212.441	237.6480
2214.449	242.5610
2216.463	234.8400
2218.471	243.6900
2220.480	239.1730
2222.493	237.0680
2224.512	242.5610
2226.515	235.1150
2228.524	247.3520
2230.532	236.7930
2232.541	237.2200
2234.554	239.0510
2236.563	248.6040
2238.571	238.3490
2240.585	243.8430
2242.593	242.4080
2244.601	245.3690
2246.615	239.3260
2248.623	244.3920
2250.637	240.7300
2252.646	239.1730
2254.654	243.5380
2256.668	241.7070
2258.676	243.1410
2260.684	250.3130
2262.703	244.1170
2264.706	243.1410
2266.735	241.0050
2268.728	264.7790
2270.737	243.4160
2272.756	244.6670
2274.759	241.3100
2276.773	248.4820
2278.781	242.2860
2280.789	248.4820
2282.798	252.8150
2284.811	244.2400
2286.820	245.6430
2288.833	233.1310
2290.847	243.4160
2292.850	242.0120
2294.864	242.7140
2296.872	245.5210
2298.881	247.6270
2300.894	228.3700
2302.903	243.5380
2304.911	243.8430
2306.920	234.8400
2308.933	228.3700
2310.942	235.6640
2312.955	243.4160
2314.964	239.4790
2316.977	242.5610
2318.986	242.2860
2320.999	239.9060
2323.008	240.8830
2325.016	242.1340
2327.025	257.8810
2329.038	240.0280
2331.047	237.0680
2333.060	251.5640
2335.069	239.6010
2337.077	239.9060
2339.091	240.8830
2341.099	241.4320
2343.108	239.0510
2345.121	240.6080
2347.130	229.0720
2349.138	233.9850
2351.147	243.4160
2353.160	247.3520
2355.169	237.6480
2357.182	239.7530
2359.191	237.3730
2361.209	249.3060
2363.213	241.0050
2365.226	243.1410
2369.243	240.8830
2371.252	237.9220
2373.265	237.4950
2375.274	249.5800
2377.287	248.7560
2379.296	235.1150
2381.304	236.9460
2383.318	240.1810
2385.326	242.8360
2387.334	246.7730
2389.348	238.6240
2391.357	242.7140
2393.365	238.8990
2395.379	249.7330
2397.387	243.6900
2399.401	243.8430
2401.409	235.8160
2403.438	240.6080
2405.426	252.9680
2407.439	251.0150
2409.448	241.3100
2411.456	244.2400
2413.470	236.6710
2415.478	250.1600
2417.487	246.9250
2419.506	241.1570
2421.509	241.7070
2423.522	247.3520
2425.531	247.7800
2427.539	240.8830
2429.548	235.2370
2431.561	236.9460
2433.570	242.7140
2435.583	236.6710
2437.592	238.1970
2439.600	239.4790
2441.614	249.4580
2443.622	251.2890
2445.631	245.6430
2447.644	230.0480
2449.653	244.1170
2451.661	240.0280
2453.670	239.4790
2455.683	244.8190
2457.697	242.9880
2459.705	241.1570
2461.714	236.0910
2463.722	244.5450
2465.736	233.2830
2467.744	248.8780
2469.753	239.6010
2471.766	238.3490
2473.775	242.9880
2475.783	236.0910
2477.797	245.6430
2479.805	236.9460
2481.813	247.3520
2483.827	244.6670
2485.835	239.9060
2487.849	238.6240
2489.858	248.1760
2491.866	240.3030
2493.880	248.3290
2495.888	247.4750
2497.896	242.0120
2499.910	259.2850
2501.918	237.2200
2503.927	256.7830
2505.940	241.1570
2507.949	240.8830
2509.957	246.3450
2511.966	238.0750
2513.979	242.4080
2515.988	244.5450
2518.001	240.6080
2520.015	239.4790
2522.023	241.0050
2524.032	245.9490
2526.045	249.5800
2528.054	249.7330
2530.062	234.8400
2532.076	248.8780
2534.084	240.8830
2536.093	243.1410
2538.101	246.4980
2540.115	238.6240
2542.123	244.8190
2544.137	240.3030
2546.145	246.3450
2548.154	240.3030
2550.167	248.8780
2552.176	249.7330
2554.184	236.5180
2556.193	241.3100
2558.206	241.0050
2560.220	235.2370
2562.228	238.7770
2564.242	235.5420
2566.245	230.3230
2568.259	238.4720
2570.283	250.7090
2572.276	241.0050
2574.289	238.8990
2576.298	242.4080
2578.306	239.0510
2580.320	233.4360
2582.328	241.1570
2584.342	235.3890
2586.350	240.0280
2588.364	240.6080
2590.377	240.1810
2592.381	243.8430
2594.394	245.9490
2596.403	244.8190
2598.411	248.0540
2600.425	251.2890
2602.433	252.9680
2604.441	236.9460
2606.455	229.3470
2608.464	241.5840
2610.477	252.2660
2612.486	241.4320
2614.499	240.4550
2616.508	244.3920
2618.516	248.6040
2620.524	239.4790
2622.538	249.0310
2624.546	239.6010
2626.560	239.9060
2628.568	240.1810
2630.582	246.0710
2632.591	250.0080
2634.604	242.7140
2636.613	238.3490
2638.621	236.9460
2640.635	239.7530
2642.643	243.4160
2644.651	244.2400
2646.665	251.4110
2648.673	245.5210
2650.682	229.8960
2652.695	243.9650
2654.704	261.8180
2656.712	248.0540
2658.726	239.4790
2660.734	241.7070
2662.743	237.3730
2664.756	243.8430
2666.765	247.6270
2668.773	244.1170
2670.787	242.2860
2672.795	248.8780
2674.809	243.1410
2676.817	238.8990
2678.831	249.0310
2680.839	242.2860
2682.848	244.1170
2684.861	239.6010
2686.870	241.1570
2688.883	239.3260
2690.892	238.0750
2692.900	240.1810
2694.909	241.7070
2696.922	245.5210
2698.931	242.8360
2700.939	241.0050
2702.953	248.0540
2704.961	240.1810
2706.970	241.0050
2708.983	244.8190
2710.992	245.0940
2713.000	248.0540
2715.014	244.8190
2717.022	238.4720
2719.031	239.6010
2721.044	242.0120
2723.053	243.9650
2725.061	244.5450
2727.075	240.4550
2729.083	236.7930
2731.102	257.8810
2733.105	243.4160
2735.114	236.3660
2737.127	246.4980
2739.136	244.1170
2741.144	243.2630
2743.152	240.6080
2745.166	244.8190
2747.174	243.8430
2749.183	232.1540
2751.197	236.5180
2753.205	250.4350
2755.219	230.5980
2757.227	244.9410
2759.235	244.8190
2761.249	243.2630
2763.257	248.7560
2765.266	237.4950
2767.279	240.8830
2769.288	243.4160
2771.301	227.0880
2773.310	250.5870
2775.318	240.1810
2777.327	245.0940
2779.351	244.2400
2781.349	239.4790
2783.362	249.8850
2785.371	245.3690
2787.384	240.1810
2789.393	254.2500
2791.401	241.5840
2793.410	236.0910
2795.423	242.0120
2797.432	248.8780
2799.445	241.3100
2801.454	255.3480
2803.467	245.9490
2805.476	238.0750
2807.489	257.7590
2809.498	249.7330
2811.511	240.8830
2813.520	244.8190
2815.528	243.5380
2817.542	241.0050
2819.550	242.0120
2821.559	249.8850
2823.572	238.7770
2825.581	241.7070
2827.594	238.4720
2829.603	242.5610
2831.616	246.7730
2833.625	243.5380
2835.638	242.1340
2837.647	239.7530
2839.655	238.4720
2841.664	242.7140
2843.677	238.1970
2845.686	248.1760
2847.694	244.3920
2849.708	244.2400
2851.716	239.4790
2853.725	243.6900
2855.738	249.3060
2857.747	241.8590
2859.755	241.3100
2861.769	244.6670
2863.777	246.0710
2865.786	250.3130
2867.840	251.7170
2869.808	238.7770
2871.832	244.6670
2873.830	238.6240
2875.838	238.3490
2877.847	253.9440
2879.860	243.9650
2881.869	243.1410
2883.877	244.9410
2885.891	248.8780
2887.899	243.8430
2889.907	251.0150
2891.921	237.9220
2893.930	229.4990
2895.943	239.0510
2897.952	241.4320
2901.974	244.1170
2903.982	251.5640
2905.990	241.3100
2907.999	230.5980
2910.012	244.5450
2912.021	245.6430
2914.034	251.8390
2916.043	244.2400
2918.051	251.2890
2920.065	239.7530
2922.073	243.1410
2924.082	242.5610
2926.095	253.3950
2928.104	245.9490
2930.112	240.4550
2932.126	242.4080
2936.143	242.2860
2938.156	244.2400
2940.165	240.1810
2942.173	239.3260
2944.187	242.1340
2946.195	234.8400
2948.209	243.8430
2950.217	231.0250
2952.226	242.2860
2954.239	244.8190
2956.248	242.1340
2958.256	244.5450
2960.265	245.0940
2962.278	248.7560
2964.287	250.7090
2966.300	238.8990
2968.309	241.1570
2970.317	244.8190
2972.331	243.9650
2974.339	243.8430
2976.348	252.2660
2978.361	243.4160
2980.370	237.6480
2982.378	239.3260
2984.386	261.5440
2986.400	236.0910
2988.419	246.0710
2990.422	242.8360
2992.431	240.4550
2994.439	239.7530
2996.453	242.9880
2998.461	239.4790
3000.469	240.0280
3002.478	248.8780
3004.491	255.2260
3006.500	271.5230
3008.513	241.5840
3010.522	246.7730
3012.536	252.9680
3014.544	238.6240
3016.552	245.6430
3018.561	247.7800
3020.574	247.6270
3022.583	261.5440
3024.591	237.3730
3026.605	245.2470
3028.613	245.3690
3030.627	243.1410
3032.635	258.4610
3034.644	273.5070
3036.657	240.3030
3038.666	244.8190
3040.674	243.6900
3042.688	242.7140
3044.696	240.7300
3046.705	243.8430
3048.723	251.2890
3050.727	244.8190
3052.740	245.9490
3054.749	243.4160
3056.762	252.6930
3058.771	240.3030
3060.784	240.8830
3062.793	239.3260
3064.806	242.5610
3066.815	240.6080
3068.828	251.4110
3070.837	246.4980
3072.845	242.0120
3074.859	260.8420
3076.867	243.9650
3078.876	238.6240
3080.889	257.8810
3082.898	252.1130
3084.906	249.0310
3086.920	239.6010
3088.928	243.2630
3090.937	238.4720
3092.950	236.5180
3094.959	245.5210
3096.967	243.5380
3098.976	240.7300
3100.989	243.1410
3102.998	240.7300
3105.011	245.2470
3107.020	244.1170
3109.038	229.4990
3111.042	251.7170
3113.050	241.4320
3115.059	232.7340
3117.072	243.9650
3119.081	243.5380
3121.094	245.0940
3123.103	253.3950
3125.111	239.7530
3127.119	244.1170
3129.133	241.7070
3131.142	238.0750
3133.150	242.0120
3135.164	245.5210
3137.172	242.7140
3139.186	238.8990
3141.194	246.7730
3143.202	237.3730
3145.216	246.0710
3147.224	251.2890
3149.233	243.1410
3151.246	246.7730
3153.255	244.8190
3155.269	241.7070
3157.277	249.8850
3159.285	242.5610
3161.294	240.0280
3163.307	246.2230
3165.316	245.6430
3167.329	242.2860
3169.338	247.3520
3171.351	253.6700
3173.360	242.2860
3175.368	240.4550
3177.377	249.0310
3179.390	237.7700
3181.399	262.2450
3183.412	244.1170
3185.421	252.5410
3187.429	242.5610
3189.443	248.1760
3191.451	237.4950
3193.460	248.4820
3195.473	247.0780
3197.482	243.6900
3199.495	238.3490
3201.499	250.7090
3203.517	244.5450
3205.521	247.2000
3207.534	248.3290
3209.543	241.1570
3211.551	246.4980
3213.565	244.8190
3215.573	245.3690
3217.582	254.3720
3219.595	238.4720
3221.604	239.7530
3223.612	241.7070
3225.626	242.8360
3227.634	245.3690
3229.643	241.8590
3231.656	246.2230
3233.665	239.4790
3235.673	236.5180
3237.687	253.6700
3239.695	242.9880
3241.703	242.2860
3243.717	249.0310
3245.725	240.4550
3247.739	251.5640
3249.747	240.3030
3251.756	244.3920
3253.770	241.3100
3255.778	241.5840
3257.786	242.2860
3259.795	238.3490
3261.808	246.0710
3263.817	238.3490
3265.830	248.4820
3267.839	249.8850
3269.852	240.0280
3271.861	245.2470
3273.875	245.5210
3275.883	250.4350
3277.891	243.8430
3279.900	250.7090
3281.913	240.0280
3283.922	245.2470
3285.935	246.3450
3287.944	244.9410
3289.952	250.4350
3291.966	246.9250
3293.974	246.4980
3295.988	248.4820
3297.996	239.7530
3300.005	244.5450
3302.018	241.8590
3304.027	251.1370
3306.040	248.4820
3308.049	252.4190
3310.057	251.4110
3312.071	246.3450
3314.079	247.6270
3316.088	249.1840
3318.101	244.9410
3320.115	247.2000
3322.118	247.3520
3324.127	255.5010
3326.140	252.4190
3328.149	243.6900
3330.162	250.4350
3332.171	246.4980
3334.179	249.7330
3336.193	242.9880
3338.201	242.5610
3340.210	243.4160
3342.223	253.8220
3344.232	244.8190
3346.240	246.6510
3348.254	246.0710
3350.262	251.1370
3352.276	246.6510
3354.284	243.9650
3356.298	250.5870
3358.306	242.9880
3360.315	245.9490
3362.328	245.7960
3364.337	248.0540
3366.350	247.3520
3368.359	245.3690
3370.367	239.6010
3372.381	234.8400
3374.389	238.0750
3376.398	245.9490
3378.411	254.9520
3380.420	240.1810
3382.433	245.9490
3384.442	249.5800
3386.450	250.3130
3388.458	244.6670
3390.472	245.6430
3392.486	246.0710
3394.494	243.8430
3396.503	249.7330
3398.511	251.5640
3400.525	250.7090
3402.533	246.3450
3404.547	245.2470
3406.555	240.6080
3408.563	240.4550
3410.577	246.2230
3412.585	257.3320
3414.599	251.2890
3416.608	236.3660
3418.616	264.3510
3420.624	250.8620
3422.638	236.7930
3424.646	245.6430
3426.660	256.6300
3428.668	250.4350
3430.677	242.8360
3432.690	241.5840
3434.699	235.5420
3436.723	251.4110
3438.731	251.8390
3440.745	245.7960
3442.753	243.1410
3444.762	248.4820
3448.784	245.7960
3450.792	244.5450
3452.806	246.7730
3454.814	234.5350
3456.828	252.1130
3458.836	239.9060
3460.845	242.5610
3462.858	243.8430
3464.867	247.3520
3466.880	257.7590
3468.914	242.4080
3470.897	245.5210
3472.911	242.1340
3474.919	252.4190
3476.933	247.3520
3478.941	248.4820
3480.955	251.7170
3482.963	245.9490
3484.977	251.1370
3486.985	243.6900
3489.009	247.2000
3491.007	243.9650
3493.021	245.2470
3495.029	239.9060
3497.038	243.1410
3499.051	242.0120
3501.060	243.1410
3503.068	242.2860
3505.082	244.6670
3507.090	240.3030
3509.104	243.1410
3511.112	255.0740
3513.121	244.5450
3515.134	248.4820
3517.143	244.8190
3519.151	241.0050
3521.160	235.1150
3523.173	243.4160
3525.182	251.5640
3527.195	251.1370
3529.204	239.3260
3531.217	236.5180
3533.226	243.6900
3535.239	247.7800
3537.248	241.5840
3539.256	246.2230
3541.265	241.4320
3543.278	244.8190
3545.287	254.5240
3547.295	244.6670
3549.309	242.4080
3551.317	240.6080
3553.331	247.3520
3555.339	256.3550
3557.348	243.6900
3559.361	242.8360
3561.370	243.2630
3563.378	239.1730
3565.392	249.4580
3567.400	244.9410
3569.408	239.9060
3571.422	240.6080
3573.430	243.1410
3575.439	246.2230
3577.453	246.9250
3579.461	247.7800
3581.469	245.5210
3583.483	241.3100
3585.491	238.1970
3587.500	253.6700
3589.513	245.3690
3591.522	248.3290
3593.535	247.3520
3595.544	254.0970
3597.552	246.2230
3599.561	246.0710
3601.574	244.1170
3603.583	234.9620
3605.591	241.7070
3607.605	252.5410
3609.613	247.7800
3611.627	247.3520
3613.635	248.8780
3615.644	243.6900
3617.657	247.7800
3619.666	241.7070
3621.674	247.4750
3623.683	258.4610
3625.696	253.2430
3627.705	251.4110
3629.718	244.3920
3631.727	242.9880
3633.740	244.9410
3635.749	243.9650
3637.762	240.8830
3639.771	241.7070
3641.779	243.6900
3643.788	251.7170
3645.801	244.3920
3647.810	248.7560
3649.818	242.4080
3651.837	242.9880
3653.840	240.1810
3655.854	245.0940
3657.862	237.7700
3659.871	242.2860
3661.894	249.8850
3663.893	248.7560
3665.906	234.9620
3667.915	240.1810
3669.923	247.3520
3671.962	242.5610
3673.945	243.9650
3675.954	252.6930
3677.967	253.8220
3679.976	244.8190
3682.015	246.9250
3683.998	251.9910
3686.006	252.1130
3688.020	251.5640
3690.028	243.1410
3692.036	253.1200
3694.045	255.3480
3696.058	242.8360
3698.072	254.0970
3700.081	244.3920
3702.094	250.1600
3704.103	251.8390
3706.116	246.0710
3710.133	243.4160
3712.147	251.7170
3714.160	244.2400
3716.179	257.7590
3718.177	245.6430
3720.186	239.9060
3722.199	254.7990
3724.208	243.5380
3726.216	238.6240
3728.230	246.7730
3730.238	249.8850
3732.246	250.5870
3734.255	254.9520
3736.268	240.7300
3738.277	241.0050
3740.296	242.9880
3742.299	245.7960
3744.307	246.7730
3746.321	241.8590
3748.329	230.0480
3750.338	243.6900
3752.351	248.1760
3754.360	246.9250
3756.368	256.3550
3758.377	250.8620
3760.406	239.4790
3762.399	245.3690
3764.412	247.7800
3766.421	245.7960
3768.434	253.3950
3770.443	240.3030
3772.456	231.4520
3774.465	249.1840
3778.482	247.6270
3780.495	233.2830
3782.504	250.0080
3784.512	246.0710
3786.526	245.6430
3788.534	245.5210
3790.548	242.2860
3792.556	239.6010
3794.565	248.8780
3796.578	241.7070
3798.587	232.0320
3800.600	249.0310
3802.609	243.9650
3804.617	245.6430
3808.639	247.7800
3810.648	246.7730
3812.661	243.8430
3814.670	245.9490
3816.678	240.6080
3818.687	249.7330
3820.700	233.2830
3822.709	243.1410
3824.717	248.7560
3826.731	242.5610
3828.739	246.4980
3830.747	244.1170
3832.761	242.1340
3834.769	246.4980
3836.778	246.0710
3838.791	243.9650
3840.800	242.0120
3842.808	243.4160
3844.822	246.0710
3846.830	247.9020
3848.844	241.1570
3850.852	247.7800
3852.861	244.2400
3854.874	246.3450
3856.883	247.3520
3858.896	255.7760
3860.905	251.4110
3862.919	246.0710
3864.927	248.6040
3866.941	241.7070
3868.949	241.3100
3870.957	253.2430
3872.966	252.4190
3874.979	238.6240
3876.988	243.5380
3879.001	242.0120
3881.010	250.5870
3883.018	254.7990
3885.032	240.0280
3887.040	243.4160
3889.054	244.5450
3891.062	254.2500
3893.071	246.4980
3895.084	239.1730
3897.093	252.6930
3899.106	251.1370
3901.125	256.4770
3903.123	241.5840
3905.137	245.6430
3907.145	246.7730
3909.154	250.1600
3911.167	238.3490
3913.176	239.4790
3915.184	244.6670
3917.193	247.9020
3919.206	242.5610
3921.215	242.8360
3923.228	253.8220
3925.237	249.3060
3927.245	241.0050
3929.254	234.5350
3931.267	247.3520
3933.276	241.4320
3935.289	245.5210
3937.298	244.3920
3939.306	253.3950
3941.320	245.5210
3943.328	252.6930
3945.337	231.7270
3947.350	241.4320
3949.359	249.4580
3951.372	258.4610
3953.381	244.6670
3955.394	242.2860
3957.403	255.3480
3959.411	254.5240
3961.420	248.1760
3963.433	244.9410
3965.442	244.2400
3967.450	232.3070
3969.464	243.8430
3971.472	251.1370
3973.480	241.7070
3975.494	248.0540
3977.502	247.3520
3979.511	255.7760
3981.525	246.2230
3983.543	252.4190
3985.547	247.9020
3987.555	251.8390
3989.569	249.0310
3991.577	250.0080
3993.585	252.8150
3995.594	236.7930
3997.607	250.7090
3999.626	252.2660
4001.624	251.0150
4003.638	245.7960
4005.646	251.2890
4007.660	247.9020
4009.674	251.9910
4011.682	248.8780
4013.690	255.2260
4015.699	247.6270
4017.712	247.2000
4019.721	243.8430
4021.729	249.7330
4023.743	240.0280
4025.751	232.0320
4027.765	247.9020
4029.773	257.4850
4031.782	242.2860
4033.795	245.7960
4035.804	245.3690
4037.812	244.9410
4039.852	249.8850
4041.834	248.7560
4043.843	246.9250
4045.851	244.6670
4047.865	248.3290
4049.873	244.1170
4051.887	250.5870
4053.895	251.4110
4055.904	248.1760
4057.917	249.3060
4059.926	243.9650
4061.934	246.0710
4063.943	240.3030
4065.956	253.1200
4067.965	248.0540
4070.014	240.4550
4071.987	244.5450
4073.995	281.9300
4076.009	243.4160
4078.017	241.4320
4080.026	244.5450
4082.039	241.1570
4084.048	240.1810
4086.056	246.4980
4088.070	244.3920
4090.078	252.9680
4092.086	252.2660
4094.100	241.4320
4096.108	243.6900
4098.117	250.5870
4100.130	244.9410
4102.139	245.0940
4104.153	250.7090
4106.161	254.9520
4108.169	242.5610
4110.183	244.9410
4112.191	249.0310
4114.200	243.9650
4116.213	241.4320
4118.222	249.7330
4120.230	248.1760
4122.239	251.0150
4124.252	237.9220
4126.261	245.6430
4128.274	236.2440
4130.283	246.4980
4132.291	243.8430
4134.305	257.1790
4136.313	238.8990
4138.327	245.9490
4140.335	250.1600
4142.349	249.3060
4144.357	241.7070
4146.371	247.6270
4148.379	247.4750
4150.388	249.0310
4152.396	246.4980
4154.410	253.6700
4156.418	242.8360
4158.427	242.1340
4160.440	251.7170
4162.449	246.2230
4164.457	234.5350
4166.466	247.4750
4168.479	249.0310
4170.488	238.7770
4172.501	255.2260
4174.510	248.0540
4176.518	251.8390
4178.532	243.5380
4180.540	249.0310
4182.549	243.4160
4184.562	248.8780
4186.581	236.3660
4188.584	246.2230
4190.593	246.0710
4192.601	247.0780
4194.609	254.0970
4196.623	247.6270
4198.632	259.1630
4200.640	245.9490
4202.669	251.2890
4204.662	246.2230
4206.676	241.8590
4208.684	244.8190
4210.692	248.3290
4212.706	243.4160
4214.714	247.2000
4216.728	247.9020
4218.736	241.4320
4220.745	252.9680
4222.759	244.9410
4224.767	246.2230
4226.775	237.9220
4228.789	248.6040
4230.797	251.5640
4232.806	244.3920
4234.819	245.0940
4236.828	241.1570
4238.841	247.0780
4240.850	254.5240
4242.858	241.7070
4244.872	245.7960
4246.880	241.8590
4248.889	248.4820
4250.897	255.3480
4252.911	248.4820
4254.919	247.7800
4256.933	253.3950
4258.941	245.9490
4260.950	244.6670
4262.963	250.7090
4264.972	240.1810
4266.985	247.2000
4271.002	244.5450
4273.011	246.9250
4275.024	244.6670
4277.033	250.1600
4279.041	245.3690
4281.065	244.6670
4283.063	246.6510
4285.072	244.1170
4287.085	247.0780
4289.094	245.0940
4291.107	246.9250
4293.116	246.2230
4295.124	236.9460
4297.133	242.1340
4299.146	255.6530
4301.155	243.5380
4303.168	248.7560
4305.177	259.1630
4307.190	247.9020
4309.199	247.0780
4311.207	248.7560
4313.215	251.8390
4315.229	246.0710
4317.238	255.5010
4319.251	252.4190
4321.265	243.6900
4323.273	251.7170
4325.282	253.1200
4327.295	243.9650
4329.304	254.7990
4331.312	254.6460
4333.320	246.4980
4335.334	253.8220
4337.342	251.9910
4339.351	258.0340
4341.365	255.3480
4343.373	251.2890
4345.387	246.7730
4347.395	255.5010
4349.403	241.4320
4351.417	242.7140
4353.425	253.5480
4355.439	245.6430
4357.447	248.7560
4361.469	246.7730
4363.478	248.8780
4365.492	251.7170
4367.500	242.4080
4369.519	248.1760
4371.522	245.7960
4373.530	247.6270
4375.539	248.3290
4377.552	256.3550
4379.561	241.4320
4381.574	245.2470
4383.583	281.9300
4385.591	247.2000
4387.600	240.8830
4389.613	247.0780
4391.622	243.6900
4393.630	246.4980
4395.644	245.2470
4397.652	250.8620
4399.661	246.3450
4401.674	245.0940
4403.683	247.9020
4405.696	241.4320
4407.705	247.3520
4409.713	256.3550
4411.722	246.6510
4413.735	234.5350
4415.754	253.9440
4417.752	254.0970
4419.766	242.1340
4421.784	245.5210
4423.788	248.0540
4425.796	250.3130
4427.805	248.8780
4429.818	254.9520
4431.827	247.6270
4433.835	244.1170
4435.844	246.0710
4437.857	251.5640
4439.866	246.6510
4441.874	244.8190
4443.888	232.4290
4445.901	246.7730
4447.910	248.1760
4449.918	263.3750
4451.926	267.3120
4453.935	240.6080
4455.948	252.6930
4457.957	257.0570
4459.971	243.6900
4461.979	232.1540
4463.993	254.7990
4466.006	241.4320
4468.015	237.9220
4470.023	255.0740
4472.031	251.1370
4474.045	246.2230
4476.053	244.5450
4478.062	248.7560
4480.075	261.9710
4482.084	252.8150
4484.092	245.0940
4486.101	246.7730
4488.114	246.0710
4490.128	250.7090
4492.136	259.1630
4494.150	232.3070
4496.158	241.7070
4498.167	245.3690
4500.180	251.9910
4502.189	242.4080
4504.197	251.1370
4506.206	248.4820
4508.219	250.3130
4510.228	244.5450
4512.241	245.2470
4514.250	241.4320
4516.263	248.4820
4518.282	244.8190
4520.291	240.6080
4522.304	245.5210
4524.313	258.5830
4526.321	254.2500
4528.335	240.8830
4530.343	247.9020
4532.352	248.4820
4534.365	240.7300
4536.374	248.3290
4538.387	245.9490
4540.396	244.9410
4542.404	242.9880
4544.412	250.8620
4546.426	243.8430
4548.434	246.2230
4550.448	247.0780
4552.457	240.7300
4554.465	231.0250
4556.479	221.3200
4558.487	210.9130
4560.495	206.2750
4562.509	212.1950
4564.517	206.1520
4566.531	213.4460
4568.539	209.3870
4570.548	208.9600
4572.561	212.6220
4574.570	206.8540
4576.584	208.5330
4578.592	209.5100
4580.600	218.6650
4582.614	209.8150
4584.622	226.5390
4586.631	206.0000
4588.644	198.9810
4590.653	211.7680
4592.661	215.2780
4594.670	214.0260
4596.683	206.2750
4598.692	205.4510
4600.705	204.3210
4602.714	218.0850
4604.722	212.7440
4606.736	202.3380
4608.744	210.0890
4610.753	204.7490
4612.771	210.6390
4614.775	213.8740
4616.788	211.6150
4618.802	217.6880
4620.810	199.4080
4622.819	206.8540
4624.827	214.5760
4626.841	213.3240
4628.854	207.6780
4630.863	205.1450
4632.871	210.7910
4634.880	215.0030
4636.893	214.0260
4638.902	213.1720
4640.910	209.0820
4642.924	213.0190
4644.932	216.4070
4646.951	209.5100
4648.959	219.0920
4650.968	223.7310
4652.976	224.0060
4654.985	208.3800
4656.998	203.7420
4659.007	213.4460
4661.015	213.5990
4663.029	209.9370
4665.037	211.0660
4667.051	214.4540
4669.059	203.6190
4671.088	216.1320
4673.081	209.5100
4675.090	205.0230
4677.098	224.5550
4679.107	208.6860
4681.120	203.6190
4683.129	200.8120
4685.142	206.1520
4687.151	208.3800
4689.159	210.6390
4691.173	214.8500
4693.181	206.2750
4695.190	204.1690
4697.203	215.8570
4699.212	210.0890
4701.225	205.0230
4703.234	209.9370
4705.247	206.7020
4707.256	209.2350
4709.269	217.5360
4711.278	206.4270
4713.286	219.9160
4715.294	213.7520
4717.308	206.5800
4719.317	215.5520
4721.330	217.9630
4723.339	208.5330
4725.352	202.0630
4727.361	207.9840
4729.374	216.1320
4731.383	216.4070
4733.391	204.5960
4735.405	214.7280
4737.413	216.2540
4739.427	198.4010
4741.435	209.3870
4743.464	204.4430
4745.457	216.9870
4747.466	208.3800
4749.479	203.8940
4751.488	208.8080
4753.496	206.5800
4755.504	210.0890
4757.518	205.8780
4759.526	210.3640
4761.535	210.5170
4763.549	211.2190
4765.557	209.0820
4767.571	209.9370
4769.579	222.4490
4771.593	208.6860
4773.606	208.3800
4775.615	205.2980
4777.623	208.8080
4779.637	214.5760
4781.645	221.1980
4783.664	216.9870
4785.667	209.9370
4787.676	206.8540
4789.689	209.5100
4791.698	206.4270
4793.706	203.0400
4795.720	222.7240
4797.728	206.8540
4799.736	214.8500
4801.750	210.9130
4803.764	213.1720
4805.772	209.0820
4807.780	211.3410
4809.789	203.7420
4811.803	215.2780
4813.811	211.4930
4815.825	212.7440
4817.833	206.0000
4819.847	209.9370
4821.855	226.9660
4823.863	212.8970
4825.877	215.5520
4827.885	205.8780
4829.899	214.7280
4831.907	208.5330
4833.921	202.9180
4835.930	206.2750
4837.938	213.8740
4839.952	209.6620
