Elapsed time [s]	Value [0,2500]
0.000	46.92490
1.034	46.50320
3.133	46.51670
5.175	46.49190
7.194	46.26370
9.292	46.28640
11.373	46.22200
13.453	46.41590
15.495	46.21590
17.558	46.11790
19.636	46.19710
21.716	45.92500
23.776	46.03800
25.857	46.10370
27.899	46.21500
29.997	46.03980
32.060	45.90230
34.099	45.70420
36.141	45.90540
38.221	46.01030
40.320	45.75290
42.403	45.80670
44.463	45.89600
46.572	45.79430
48.632	45.89880
50.671	45.79120
52.734	45.53820
54.794	45.68930
56.833	45.56700
58.914	45.68910
60.973	45.70970
63.054	45.62500
65.096	45.43250
67.138	45.41700
69.216	45.70270
71.258	45.45240
73.276	45.58920
75.360	45.53160
77.396	45.44690
79.441	45.23060
81.478	45.30600
83.545	45.38110
87.737	45.28750
89.802	45.38610
91.860	45.31260
93.904	45.20990
95.959	45.27000
98.039	45.02560
100.099	44.96630
102.141	44.91650
104.222	44.97320
106.313	44.96540
108.411	44.93690
110.471	45.02180
112.536	44.97870
114.573	44.89440
116.612	45.02550
118.693	45.23800
120.732	46.05510
122.774	47.75640
124.834	50.32040
126.876	54.55720
128.954	60.44080
131.035	67.49570
133.056	75.41660
135.095	81.85390
137.181	87.49500
139.197	91.55740
141.278	94.78750
143.340	97.64560
145.397	99.57670
147.437	101.4420
149.522	103.2710
151.580	105.3860
153.619	107.4990
155.658	110.0380
157.680	112.3800
159.740	115.6800
161.823	118.6840
163.901	122.3220
165.943	125.8510
168.013	129.3550
170.083	132.8100
172.125	136.2640
174.190	139.4860
176.230	142.7930
178.266	145.9040
180.329	148.9070
182.376	152.3540
184.410	155.6450
186.452	159.1180
188.538	162.7700
190.577	166.2070
192.673	169.6470
194.715	173.0610
196.795	176.5940
198.858	179.9310
200.900	182.8340
202.978	186.3810
205.038	190.1090
207.118	193.4060
209.158	196.7190
211.200	200.1920
213.257	203.5380
215.278	207.0950
217.320	210.4890
219.365	213.6440
221.445	217.0780
223.533	220.5150
225.596	224.0750
227.656	227.6640
229.749	231.1700
231.791	234.2860
233.890	237.8100
235.932	241.2050
237.950	244.6640
240.031	248.0770
242.114	251.1010
244.174	253.6040
246.234	255.8560
248.273	257.3840
250.395	258.8840
252.455	259.9780
254.515	261.0910
256.557	261.9390
258.637	262.8040
260.718	263.6230
262.778	264.1570
264.820	264.7700
266.880	265.2830
268.940	265.6680
270.981	266.1030
273.039	266.3740
275.099	266.8560
277.202	267.3400
279.242	267.5400
281.284	267.8620
283.382	268.0890
285.445	268.2550
287.484	268.3940
289.544	268.5850
291.604	268.5460
295.726	268.9600
297.807	268.8360
301.927	268.7340
303.987	268.6910
306.067	268.4880
308.148	268.1990
310.249	267.9670
312.330	268.0050
316.470	267.6600
318.512	267.3050
320.572	267.1230
322.652	266.9560
324.733	266.5530
326.813	266.3540
328.894	265.9550
330.975	265.8550
333.034	265.4910
335.074	265.1410
337.134	264.8340
339.155	264.4970
341.215	263.9740
343.311	263.7260
345.304	263.2530
347.377	262.8350
349.416	262.3830
351.497	261.8700
353.518	261.5300
355.562	260.9840
357.617	260.6690
359.639	260.2770
361.698	259.8000
363.738	259.4540
365.798	259.0910
367.860	258.8320
369.979	259.4880
372.039	261.5490
374.120	264.8240
376.188	269.4630
378.229	275.2780
380.305	280.7750
382.383	285.5960
384.507	289.9540
386.567	293.3770
388.642	296.5340
390.705	300.0260
392.783	304.1490
394.845	308.2570
396.885	312.2460
398.906	316.5200
400.945	320.1840
403.005	323.9090
405.117	327.6020
407.154	330.7090
409.229	333.9710
411.325	337.7640
413.405	341.9470
415.486	345.7750
417.567	349.3940
419.608	352.8830
421.668	356.0320
423.749	359.3110
425.829	362.6930
427.869	366.5180
429.908	370.0430
431.973	373.9410
434.051	377.2430
436.111	380.5810
438.192	384.0310
440.210	387.2560
442.275	390.7670
444.292	394.2310
446.354	397.8760
448.393	401.1520
450.435	404.5860
452.475	407.7540
454.517	411.1020
456.577	414.7410
458.595	418.3280
460.702	421.7130
462.741	425.3440
464.858	428.6910
466.979	432.0350
469.019	435.4070
471.138	438.8080
473.177	442.3130
475.216	445.6350
477.256	449.3150
479.318	452.9810
481.378	456.0600
483.459	459.3130
485.501	462.5910
487.519	466.2490
489.582	469.9110
491.642	473.2940
493.681	476.5820
495.782	480.0280
497.842	483.2890
499.884	486.7150
501.985	490.2100
504.050	493.7830
506.105	497.4930
508.170	500.7860
510.225	504.2140
512.308	507.2420
514.391	510.5550
516.469	514.0610
518.511	517.8330
520.530	521.3380
522.587	524.8460
524.629	527.9910
526.668	530.9400
528.790	534.6260
530.927	538.4100
532.951	541.7170
535.088	545.5450
537.110	548.8960
539.129	551.9320
541.209	555.4620
543.272	558.9780
545.311	562.3030
547.330	565.7590
549.431	569.4670
551.473	572.6530
553.533	576.0940
555.577	579.5220
557.596	582.7520
559.633	586.2220
561.657	589.3120
563.698	592.8560
565.774	596.8020
567.854	600.1900
569.935	603.3910
572.015	606.7150
574.096	609.9130
576.156	613.5250
578.198	617.2770
580.258	620.8470
582.297	624.4580
584.378	627.4160
586.479	629.2450
588.567	630.5980
590.627	631.1750
594.747	631.4900
596.768	631.7170
598.831	631.8910
602.953	631.6900
607.073	631.4350
611.139	631.3400
615.225	631.1710
617.311	631.0430
619.348	630.5870
621.408	630.3130
625.607	630.5850
631.769	630.3830
633.850	630.0530
640.050	630.3120
642.071	630.4130
644.131	630.2560
646.230	630.0810
648.295	629.9620
654.472	630.1840
656.514	630.3330
658.553	630.1830
660.593	630.1100
662.653	629.7400
666.754	629.8660
668.814	630.2760
670.854	630.2100
672.903	630.0390
674.963	629.8800
677.023	629.9870
679.083	629.8710
681.125	629.9830
687.305	630.1280
689.385	630.3100
691.466	630.0880
693.528	629.7750
695.588	629.7010
697.628	629.9320
699.708	630.1250
701.768	630.3230
705.901	630.0350
707.940	629.8590
710.059	629.9310
714.159	630.1210
716.201	630.2560
720.321	629.8810
726.464	629.9510
728.545	630.3290
730.625	630.2380
732.706	630.1420
734.766	630.0220
736.808	629.7750
743.008	630.0020
745.068	630.1780
747.107	630.4120
749.170	630.1560
751.209	629.9150
753.269	629.7890
757.389	629.9850
759.452	630.2090
765.698	629.8840
767.763	629.6910
769.800	629.7560
771.881	629.9430
773.920	630.0770
775.962	630.1760
778.022	630.3560
780.123	630.0420
782.204	629.6930
784.243	629.7570
788.329	630.0630
790.384	630.2400
792.449	630.0990
796.551	629.8650
798.585	629.7570
800.666	629.8570
802.687	630.0620
804.757	630.2600
808.898	630.1740
813.059	629.9960
815.160	629.8010
817.184	629.9420
821.281	630.1420
823.343	630.4180
825.388	630.3380
827.481	630.1750
829.500	629.7810
833.643	629.7080
835.703	629.9150
837.742	630.1240
839.828	630.4380
841.903	630.2920
844.004	629.8580
846.044	629.7550
850.130	630.0480
854.283	630.3900
856.364	630.3230
858.424	630.0240
860.504	629.8090
862.567	629.6200
866.687	629.8280
868.729	630.0490
870.789	630.3240
872.895	630.4020
874.929	630.1930
876.989	629.8610
879.031	629.6940
883.171	629.8320
885.234	629.9510
887.294	630.0310
891.450	629.8940
893.515	629.7700
897.679	629.8720
899.733	629.9630
901.814	630.0420
903.856	629.9280
907.937	630.0410
916.161	630.1250
918.216	629.9280
920.258	629.7820
922.354	629.9400
926.415	630.0620
930.501	630.1500
934.600	629.8170
936.681	629.6890
938.746	629.8220
940.780	629.9700
942.825	630.2650
944.908	630.3630
949.066	629.9300
951.193	629.7930
953.253	629.7250
955.334	629.9060
957.460	630.0890
959.536	630.2360
961.616	630.1330
963.676	630.0170
965.718	629.7820
969.838	629.9470
971.877	630.0260
973.958	630.1100
980.120	629.9150
982.159	629.7430
986.300	630.0430
988.339	630.2700
992.441	630.0830
994.501	629.7860
996.586	629.6360
998.626	629.9980
1000.683	630.1670
1004.824	630.0710
1006.922	629.9710
1008.992	629.7280
1011.034	629.9260
1015.216	630.0630
1021.437	629.9880
1025.536	629.7440
1029.679	630.0310
1031.724	630.2150
1033.758	630.2880
1035.800	630.0460
1037.847	629.9250
1039.925	629.8020
1044.086	629.9680
1046.128	630.1700
1054.391	629.8900
1056.453	629.6950
1058.516	629.9240
1060.596	630.2500
1062.656	630.4370
1064.773	630.3180
1066.838	629.9510
1068.934	629.7140
1071.053	629.6220
1073.116	629.8890
1075.155	630.2850
1077.194	630.5290
1079.259	630.2830
1081.296	629.9180
1083.377	629.8160
1085.437	629.7240
1087.476	629.9890
1089.508	630.1780
1091.557	630.2770
1095.659	629.8590
1097.698	630.0260
1099.761	629.8820
1101.803	630.0190
1103.842	629.9510
1105.928	630.1240
1110.022	630.0060
1112.082	629.9400
1114.142	629.8570
1116.202	630.0550
1118.244	629.9460
1120.324	629.8520
1122.366	630.0790
1126.463	629.9680
1128.574	629.7050
1132.735	629.8930
1134.777	630.0000
1136.817	630.1390
1138.876	630.2250
1140.916	630.1580
1142.958	629.8610
1149.101	630.0730
1151.120	630.1870
1155.261	629.9510
1157.300	629.7760
1161.441	629.8810
1163.482	630.0130
1165.540	630.0790
1173.723	629.7240
1177.822	629.9560
1179.864	630.2280
1181.927	630.3920
1183.987	630.0800
1186.067	629.9310
1188.145	629.7530
1190.267	629.5780
1192.306	629.8240
1194.351	630.2080
1196.429	630.4640
1198.491	630.2150
1200.554	630.0770
1202.593	629.8450
1204.632	629.6650
1206.749	629.7710
1208.791	630.0370
1210.853	630.3920
1214.953	629.9980
1219.052	629.9120
1221.094	629.7720
1223.133	630.0050
1227.346	630.2670
1229.406	630.1330
1231.525	629.6840
1233.626	629.7780
1237.787	629.9660
1239.826	630.1870
1241.868	630.0700
1245.949	630.1920
1248.053	630.0030
1250.092	629.6500
1254.176	629.9700
1256.236	630.2560
1258.278	630.4090
1260.338	630.0590
1262.377	629.8360
1264.417	629.7150
1266.479	629.7800
1268.588	630.0360
1270.648	630.1630
1272.731	630.3960
1274.770	630.2930
1276.830	630.1790
1278.893	629.8490
1280.953	629.6520
1283.031	629.9300
1285.111	630.0140
1287.192	630.3420
1291.294	630.0700
1293.374	629.6990
1295.473	629.7680
1297.512	630.0080
1299.613	630.3690
1301.655	630.2940
1305.788	629.9570
1307.874	629.8660
1309.954	629.7530
1312.017	629.8590
1314.033	630.0180
1316.095	630.1630
1320.174	630.0580
1322.255	629.7640
1326.356	629.8770
1328.396	629.9840
1330.440	630.2000
1332.513	630.1020
1334.596	629.8290
1336.692	629.7210
1338.734	629.8980
1340.773	629.9790
1342.854	630.0680
1344.914	630.2690
1346.976	630.1260
1349.036	629.9070
1351.117	629.9810
1353.197	629.8990
1359.380	630.0700
1361.419	630.1700
1363.500	630.1020
1365.560	629.9560
1371.760	630.0470
1373.877	629.9130
1375.937	630.0690
1380.098	629.9340
1382.137	630.0900
1384.197	629.9190
1386.277	630.0630
1388.319	629.9730
1392.398	630.0690
1394.445	630.0010
1396.500	629.9220
1402.664	629.8590
1404.742	630.0550
1412.943	629.9620
1425.406	630.0350
1429.523	629.8940
1435.757	630.0830
1437.840	630.0110
1439.859	630.1280
1444.041	629.7470
1448.140	630.0450
1450.223	630.2200
1454.281	630.0780
1458.442	629.8010
1464.612	630.1110
1466.666	630.2730
1468.706	630.3380
1470.750	630.2460
1472.784	629.7790
1474.844	629.8800
1478.949	629.9880
1480.988	630.1870
1483.048	630.1130
1485.087	630.2950
1487.153	629.8410
1489.248	629.7670
1493.410	629.9330
1495.475	630.3630
1497.509	630.2420
1499.595	630.0280
1501.670	629.8190
1507.814	629.8830
1509.853	630.2360
1513.957	630.1660
1515.997	629.8420
1518.057	629.9150
1520.096	629.7670
1522.115	629.9440
1524.175	630.1530
1528.269	630.0750
1530.385	629.9930
1532.430	629.8250
1534.490	629.8910
1536.550	629.7870
1538.630	630.1030
1540.716	630.2300
1542.771	630.3710
1544.795	630.0970
1546.860	629.8900
1548.894	629.6640
1550.954	629.9050
1555.115	630.0920
1557.154	630.2950
1561.274	629.9390
1563.314	629.7790
1565.373	629.9330
1571.594	630.2090
1573.660	630.3340
1575.699	630.0620
1577.738	629.7110
1581.817	629.8440
1583.877	629.9760
1588.017	630.1260
1592.101	630.0030
1594.182	629.8130
1596.262	629.6590
1598.302	629.7880
1600.361	630.1940
1602.442	630.4700
1604.528	630.1390
1606.593	629.9650
1608.663	629.9020
1610.749	629.8170
1614.894	629.9990
1616.954	630.3040
1621.090	630.0640
1623.134	629.7230
1627.295	629.8610
1629.355	629.9920
1631.394	630.1240
1635.494	630.0610
1637.538	629.8760
1645.840	630.0680
1647.884	630.1800
1651.999	630.1130
1654.038	629.8660
1656.098	629.7570
1658.163	629.8390
1660.239	630.0020
1662.283	630.2240
1664.364	630.3220
1666.485	630.2330
1668.545	629.8290
1670.605	629.7620
1672.645	629.9160
1674.725	630.0460
1676.795	630.1930
1678.855	629.9710
1685.035	629.8040
1687.116	629.9960
1691.194	630.1140
1693.234	630.2990
1695.283	630.0150
1699.362	629.9410
1701.417	629.6870
1703.539	629.8040
1705.583	630.0340
1707.602	630.1680
1711.742	629.8930
1713.782	629.7350
1717.943	630.0470
1720.023	630.2600
1724.143	629.9430
1726.182	629.8340
1728.222	630.0450
1734.453	630.1780
1736.472	630.0920
1738.516	629.9130
1744.737	629.7800
1746.777	630.0600
1748.816	629.9950
1750.896	630.2100
1752.962	630.0790
1754.996	629.8750
1763.302	630.1240
1765.362	630.2130
1769.462	630.0420
1773.540	629.6190
1775.621	629.7960
1777.681	630.1120
1779.720	630.2470
1781.821	630.1460
1785.946	629.8840
1790.092	630.0640
1796.354	629.9830
1798.414	629.8250
1800.453	629.9710
1802.498	630.0860
1806.597	630.0180
1808.657	629.8920
1810.717	630.0370
1812.756	630.2120
1816.892	629.8500
1818.916	629.7710
1820.981	629.6930
1823.061	629.9800
1825.121	630.2020
1827.160	630.3520
1831.260	630.0300
1833.299	629.7320
1837.404	629.8750
1839.463	630.1910
1841.503	630.3290
1843.542	630.2010
1845.607	630.0140
1847.667	629.8790
1849.727	629.7290
1851.802	629.8070
1853.904	629.9110
1855.969	630.3050
1860.130	630.2080
1862.210	629.7320
1864.250	629.5720
1866.330	629.8650
1868.375	630.0030
1870.450	630.2900
1872.531	630.3650
1874.554	630.1710
1876.594	629.8250
1878.633	629.6130
1880.672	629.7180
1882.753	630.0460
1884.777	630.2480
1888.850	630.0710
1890.936	629.8900
1893.012	629.7170
1895.056	629.6440
1897.095	629.9260
1899.135	630.1790
1901.195	630.3440
1903.234	630.2250
1905.258	630.0290
1907.297	629.8410
1911.438	629.9850
1913.487	629.8670
1915.568	630.0650
1919.693	629.9550
1921.732	630.1280
1923.792	629.9650
1927.891	629.8850
1929.972	629.9720
1932.032	629.8960
1934.092	630.0190
1936.152	630.2240
1938.232	630.1160
1940.292	629.8660
1942.337	629.7860
1944.417	629.8900
1946.477	630.0100
1948.537	630.3470
1952.739	629.9190
1954.799	629.7490
1956.839	629.5940
1958.878	629.9480
1960.897	630.2220
1962.946	630.4330
1964.960	630.1790
1967.040	629.9480
1969.126	629.7920
1971.191	629.6530
1973.236	629.8750
1975.316	630.0890
1977.397	630.2810
1981.599	629.9190
1983.664	629.7270
1987.784	630.1450
1989.813	630.0460
1991.847	630.1970
1993.887	630.3320
1996.008	629.9680
1998.068	629.8200
2000.133	629.7420
2002.183	630.0180
2004.264	630.2210
2008.363	630.0670
2010.423	629.9060
2014.548	629.8210
2016.587	629.9370
2018.668	630.1630
2020.707	630.2430
2022.746	630.0170
2026.892	629.9410
2028.931	629.8000
2031.017	629.7360
2033.087	629.9110
2035.147	630.0030
2037.186	630.2180
2041.327	629.9550
2045.431	629.7830
2047.496	630.0160
2051.637	630.1270
2055.752	629.9130
2057.791	629.6770
2059.851	629.7890
2061.895	630.0960
2070.042	629.9680
2076.274	629.8010
2080.378	629.9590
2082.418	630.1690
2084.519	630.3110
2086.558	630.0580
2088.628	629.6970
2090.668	629.7790
2092.728	630.1780
2096.883	630.1130
2098.949	630.0190
2103.043	630.0930
2105.123	629.8670
2109.202	630.0710
2117.447	629.9280
2123.570	630.0070
2127.690	630.1140
2129.729	630.3020
2131.768	630.1140
2133.828	629.7410
2140.055	630.0900
2142.130	630.4040
2144.190	630.1610
2146.234	629.8070
2148.294	629.8880
2154.541	630.1330
2158.702	630.2740
2160.721	630.0680
2162.770	629.8980
2164.805	629.7970
2166.823	629.8780
2170.964	630.1870
2173.044	630.2700
2175.068	630.0550
2177.144	629.8700
2179.204	629.6400
2181.284	629.8480
2183.365	630.0220
2185.445	630.2540
2189.529	629.8180
2193.628	629.9550
2195.688	630.0240
2197.769	630.1560
2199.808	629.9690
2201.847	630.1650
2203.907	629.9530
2205.988	629.8350
2208.058	629.9340
2210.108	630.0030
2214.233	630.0960
2216.313	630.2480
2220.392	629.9700
2222.431	629.8130
2226.495	629.8890
2230.594	630.0260
2232.633	630.1080
2234.678	630.1800
2236.738	629.9210
2242.917	630.0460
2247.053	630.1850
2249.118	630.0310
2253.310	629.9440
2255.359	629.7980
2259.479	630.1230
2261.519	630.3240
2263.579	630.0240
2265.659	629.9030
2267.760	630.0450
2269.820	629.9800
2271.860	629.8570
2275.985	630.1130
2278.050	630.2520
2280.110	630.1710
2282.185	629.7870
2284.266	629.5770
2286.367	629.8080
2288.411	630.0310
2290.451	630.4030
2292.490	630.2670
2294.550	630.1380
2296.569	629.8680
2300.735	629.9310
2302.753	630.1080
2304.834	630.2030
2306.894	630.0520
2310.952	629.9340
2315.118	629.7720
2317.178	629.8800
2319.254	630.0700
2321.319	630.2430
2325.397	630.0010
2327.478	629.6900
2333.725	630.0890
2335.785	630.2100
2337.844	630.2820
2339.884	630.1390
2341.928	629.9370
2344.009	629.8740
2348.149	630.0360
2350.209	630.1330
2354.288	629.9330
2358.408	629.7130
2360.452	629.8030
2362.553	630.1120
2364.593	630.4210
2366.632	630.2630
2368.671	630.0720
2370.737	629.8990
2372.796	629.7040
2376.963	630.1300
2378.997	630.0580
2381.077	630.2480
2383.158	630.0960
2385.218	629.9060
2387.268	629.7970
2391.362	630.0740
2403.721	629.8910
2405.802	629.7490
2407.898	629.9840
2411.997	630.0840
2414.057	629.9960
2416.101	630.0720
2420.221	629.7780
2424.382	629.9950
2426.463	630.1410
2428.523	630.0470
2432.643	629.8360
2434.703	629.7620
2436.768	630.0130
2440.867	630.2000
2442.886	630.1120
2444.966	629.8780
2447.057	629.8100
2449.091	629.9050
2453.227	630.1320
2459.391	630.0100
2461.430	629.8680
2467.595	629.9670
2469.680	630.0370
2471.756	630.2680
2475.901	630.0260
2477.961	629.6760
2480.021	629.4690
2482.040	629.9550
2484.079	630.2860
2490.223	629.8980
2492.242	629.6050
2494.322	629.7410
2496.382	630.1030
2498.447	630.1720
2500.543	630.3090
2502.603	630.1040
2504.684	630.0260
2506.780	629.6910
2508.824	629.8140
2515.071	630.1760
2517.131	630.3670
2519.196	630.0200
2521.246	629.8340
2523.331	629.9220
2525.371	629.8580
2527.410	630.0210
2531.509	630.1860
2535.588	629.9980
2537.669	629.6760
2539.713	629.7650
2541.752	629.9990
2545.831	630.1360
2549.920	630.2080
2551.959	629.9840
2553.999	629.8280
2560.137	630.0330
2562.202	630.1800
2564.242	630.2470
2566.286	630.1370
2568.341	629.9230
2572.466	629.7670
2574.547	630.0050
2576.607	630.1290
2578.667	630.3420
2580.711	630.1810
2582.828	629.6980
2584.908	629.5680
2586.973	629.8640
2589.013	630.1260
2591.052	630.3050
2593.091	630.0760
2595.151	629.9610
2597.216	629.8870
2601.357	630.0120
2605.415	630.1090
2609.555	630.0200
2611.615	629.7950
2613.696	629.8600
2615.817	629.9660
2619.917	630.1400
2624.016	630.0650
2626.061	629.9530
2630.139	629.8120
2634.357	630.0800
2638.461	630.2560
2640.537	630.0280
2642.602	629.8830
2644.682	629.8170
2646.722	629.8990
2648.761	630.0640
2652.860	630.1280
2654.941	630.0300
2657.006	629.9050
2663.186	630.0120
2667.306	630.1300
2669.371	630.0260
2673.506	629.8630
2675.545	629.7290
2677.626	629.8700
2679.686	630.1740
2681.746	630.4040
2683.811	630.1040
2685.876	629.9620
2687.926	629.6770
2690.037	629.7970
2692.138	630.0320
2694.177	630.1680
2696.243	630.2670
2698.282	630.0650
2702.361	629.8720
2704.421	629.7940
2708.525	629.9110
2710.564	630.0630
2712.604	630.2720
2714.684	630.0570
2716.760	629.9670
2718.845	629.7830
2722.965	630.0800
2727.044	630.2320
2729.124	630.0990
2731.205	629.9400
2733.306	629.8500
2735.366	629.6840
2737.446	630.0090
2739.491	630.1480
2745.748	629.8530
2747.787	629.9620
2749.858	629.7800
2751.917	629.9900
2754.039	630.1210
2758.138	630.0340
2762.279	629.8760
2768.485	629.9560
2770.503	630.2840
2774.623	630.1370
2776.662	629.9750
2778.722	629.6730
2780.803	629.7910
2782.863	629.9890
2784.943	630.1440
2787.009	630.2360
2791.128	630.0660
2793.193	629.8120
2795.228	629.7080
2797.267	629.9220
2799.306	630.1580
2803.370	630.2260
2805.409	630.1500
2807.520	629.9170
2809.601	629.7290
2811.640	629.9220
2813.705	630.0500
2815.801	630.4220
2817.820	630.2640
2819.859	629.8900
2821.919	629.8010
2823.984	629.9430
2826.019	630.0330
2828.058	630.2100
2832.183	630.1310
2834.222	629.8930
2836.262	629.9840
2838.306	629.9010
2846.484	630.1550
2850.635	630.0810
2852.674	629.7650
2854.734	629.8750
2856.794	630.0340
2860.898	630.0980
2862.974	629.9700
2865.018	630.1300
2867.078	630.0460
2869.118	629.9830
2877.383	630.1880
2879.422	630.0030
2881.462	629.8170
2883.563	629.9710
2885.602	630.0880
2887.621	629.9420
2889.681	630.0530
2891.761	630.2090
2893.806	630.0220
2897.946	629.8530
2904.106	630.1130
2906.166	630.2050
2912.345	629.9630
2914.426	629.7630
2916.486	629.6880
2918.530	629.9630
2920.570	630.1500
2926.770	629.9040
2928.851	629.7790
2930.941	629.7020
2933.001	630.0270
2937.070	630.1500
2943.224	630.0410
2945.263	629.7060
2947.333	629.8600
2949.393	630.0790
2951.453	630.1520
2955.563	630.2940
2957.618	629.9590
2959.698	629.8840
2961.737	629.7390
2963.797	629.9990
2965.857	630.1850
2967.917	630.2920
2969.962	630.0710
2972.042	629.9080
2974.082	629.7920
2976.121	629.8550
2978.140	630.1050
2984.304	629.9460
2994.614	630.2870
2998.806	629.9100
3004.986	629.8260
3007.046	629.9690
3011.150	630.1330
3015.291	630.0350
3017.330	629.9480
3019.431	629.8680
3023.551	629.9710
3025.596	630.1020
3027.666	630.1790
3029.715	630.0820
3031.755	629.8810
3033.799	629.7060
3035.864	629.7880
3037.893	630.1480
3039.953	630.2250
3042.034	630.0860
3044.114	629.8430
3046.185	630.0070
3050.346	629.9090
3052.431	629.9830
3056.567	630.1420
3058.647	630.0400
3060.707	629.9740
3062.767	630.0970
3064.806	629.9830
3066.887	629.7770
3068.947	629.8860
3071.007	630.0700
3073.051	630.2290
3075.111	629.9850
3079.190	629.8540
3085.390	630.1360
3093.671	630.0140
3095.711	629.6450
3097.771	629.7760
3099.851	630.1310
3101.952	630.4230
3103.997	630.2550
3106.057	629.9500
3108.096	629.7530
3112.195	629.9890
3114.338	630.1470
3116.398	630.2150
3118.473	630.0330
3120.517	629.7780
3122.557	629.9250
3126.635	630.0360
3130.786	630.3100
3134.901	629.8210
3141.122	629.8920
3143.182	629.9860
3145.304	630.2290
3147.384	630.1620
3149.423	629.8680
3151.463	629.7670
3153.523	629.9030
3155.588	629.9750
3157.627	630.1730
3161.747	629.9230
3167.994	630.0940
3170.054	630.0180
3172.098	629.9250
3174.148	630.0670
3176.228	630.2880
3178.309	630.2080
3180.353	630.0140
3182.393	629.8460
3188.552	630.0700
3190.591	630.2830
3194.691	629.9390
3196.730	629.7410
3200.793	629.8790
3202.832	630.1090
3204.892	630.4080
3206.994	630.3010
3209.053	630.0640
3211.093	629.9270
3213.153	629.7380
3217.252	629.9260
3219.291	630.1440
3221.331	630.2850
3225.492	630.0660
3229.663	629.7740
3233.762	629.9530
3235.874	630.1660
3239.953	629.9830
3242.018	629.8690
3248.182	629.9750
3250.237	630.1520
3252.317	630.2980
3254.377	630.2210
3256.417	629.9240
3266.660	630.0750
3268.704	630.3200
3270.785	630.0840
3274.941	629.9240
3277.006	629.7730
3279.045	629.8740
3281.084	630.0480
3283.144	630.1360
3287.367	629.9790
3289.406	629.9130
3291.466	629.8100
3293.552	629.8940
3295.617	630.0600
3297.656	630.3060
3299.716	630.2140
3301.735	629.8730
3303.795	629.7610
3305.840	629.9280
3309.980	630.0430
3312.045	630.1370
3314.079	630.2150
3316.103	629.8850
3318.184	629.8040
3322.319	629.9010
3326.429	630.1640
3330.585	630.0910
3332.634	629.8700
3334.715	629.7500
3338.824	630.0250
3340.879	630.2570
3342.944	630.0860
3347.023	629.9770
3351.205	629.8090
3353.270	629.9520
3355.360	630.1330
3357.379	630.2600
3361.515	629.9810
3363.559	629.7120
3365.598	629.8590
3369.718	630.0430
3371.778	630.2410
3373.817	630.0550
3375.847	629.9760
3379.956	629.7920
3381.995	629.9280
3384.076	630.0890
3386.115	630.2880
3388.196	630.1330
3390.297	629.9040
3392.336	629.7710
3394.401	629.7060
3396.446	629.8550
3398.506	630.0220
3400.550	630.2610
3402.574	630.1220
3404.650	630.0200
3406.694	629.9080
3408.811	629.7690
3410.850	629.8720
3414.996	630.0880
3417.092	630.2720
3421.170	630.1080
3423.235	629.9340
3425.316	629.8440
3429.395	629.9240
3431.413	630.2490
3435.554	630.0960
3437.655	629.9260
3439.735	629.7270
3441.795	629.9270
3445.879	630.1420
3447.929	630.2230
3449.958	630.1430
3451.982	630.0150
3454.062	629.9170
3456.122	629.5390
3458.162	629.8430
3460.201	630.0430
3462.261	630.2930
3464.300	630.2270
3466.381	630.0160
3468.420	629.7580
3470.485	629.6840
3472.509	629.7550
3474.615	630.0900
3476.665	630.2400
3478.689	630.3370
3480.723	630.0110
3482.762	629.9050
3484.802	629.8080
3486.939	629.6800
3488.994	630.1380
3491.074	630.3450
3495.137	630.0690
3497.213	629.8390
3499.273	629.5420
3501.317	629.8220
3503.357	630.1460
3505.417	630.3170
3509.516	630.0050
3511.555	629.8830
3513.656	629.8020
3515.721	629.9010
3517.756	629.9900
3519.836	630.2080
3521.917	630.0730
3528.138	629.7810
3530.182	629.6280
3534.261	630.0360
3536.362	630.2940
3538.442	630.3790
3540.544	629.9210
3542.583	629.7430
3546.662	629.9260
3548.706	630.0980
3552.847	630.2450
3554.948	630.0330
3557.033	629.8470
3559.073	629.6200
3561.107	629.8150
3563.172	630.1710
3565.232	630.3030
3569.352	630.0780
3571.427	629.7790
3577.653	629.9240
3579.688	630.2260
3581.711	630.2930
3583.777	630.1300
3585.831	629.9820
3587.891	629.7810
3590.034	629.5950
3592.078	629.8800
3594.117	630.1330
3596.234	630.3300
3600.313	630.0400
3602.393	629.8890
3604.494	629.8010
3610.633	630.1760
3612.693	630.3860
3614.737	630.2570
3616.777	629.9600
3618.821	629.7350
3622.941	629.9710
3624.960	630.2230
3626.999	630.1170
3631.078	629.9950
3633.102	629.8510
3635.141	630.0030
3637.242	629.9090
3639.328	630.1660
3643.437	630.0610
3647.593	629.8230
3653.912	630.0310
3655.998	630.3450
3660.138	629.9950
3662.203	629.8460
3664.263	629.7510
3666.323	629.9070
3670.381	630.1480
3672.441	630.2890
3674.481	630.0380
3676.546	629.8650
3678.590	629.6340
3680.604	629.8370
3682.643	630.0770
3684.724	630.2340
3688.844	630.1240
3690.888	629.9240
3699.112	630.0570
3701.172	630.1240
3705.292	629.9280
3709.433	629.8350
3713.511	629.9770
3715.618	630.2380
3717.698	630.1030
3719.779	630.0250
3721.833	629.7950
3723.883	629.9680
3728.018	630.0630
3734.224	629.9670
3738.344	629.8570
3740.383	629.7350
3742.443	629.9160
3744.580	630.2620
3748.700	630.0600
3752.805	629.9550
3756.904	629.7610
3758.964	629.9570
3761.008	630.1410
3763.027	630.3570
3765.108	630.1160
3767.152	629.8790
3775.562	630.0100
3777.622	630.1720
3781.721	630.0640
3783.801	629.8890
3796.146	629.9580
3798.185	630.0340
3804.365	629.9060
3806.450	630.0290
3808.546	630.1240
3810.612	629.9430
3816.750	630.0370
3820.834	629.9470
3824.918	630.0120
3833.163	629.8980
3835.248	630.1210
3843.442	630.0270
3845.486	629.8620
3847.526	629.7660
3849.647	629.9220
3851.707	630.2550
3853.747	630.1890
3855.786	629.9840
3857.825	629.8880
3859.906	629.8190
3861.950	629.9050
3863.990	630.0440
3866.029	630.2060
3870.128	629.9640
3872.229	629.8800
3874.310	629.9620
3878.445	630.0520
3880.505	630.2560
3882.555	630.1010
3884.651	629.9280
3888.807	629.7930
3890.913	629.9180
3893.009	630.0060
3895.074	630.0690
3897.108	630.1900
3899.148	630.1200
3901.172	629.9790
3903.211	629.8710
3905.297	629.7240
3907.351	629.9010
3909.432	630.0820
3911.512	630.2760
3913.552	630.1690
3917.672	629.8160
3921.771	629.6160
3923.831	629.8620
3925.891	630.1470
3932.086	630.0670
3934.125	629.8410
3940.367	629.9210
3942.406	630.2170
3946.506	630.0490
3948.566	629.7800
3952.768	629.9210
3954.853	630.0320
3956.955	630.1510
3961.023	629.9820
3963.057	629.8810
3965.097	629.8160
3967.136	630.0320
3969.227	630.2090
3971.271	630.0840
3975.391	629.7770
3977.492	629.9010
3979.532	629.6990
3981.648	629.9650
3983.693	630.1920
3985.753	630.2640
3987.812	630.1030
3991.896	629.8280
3993.946	629.6520
3995.954	629.7190
3997.994	629.9640
4000.059	630.2230
4004.179	630.0070
4006.239	629.8760
4010.358	630.0790
4014.458	629.9240
4016.533	630.1210
4020.638	629.9020
4022.718	629.8160
4024.757	629.9790
4026.817	630.0810
4030.937	629.9390
4035.037	630.0080
4037.081	630.0800
4039.141	629.9770
4045.362	630.0940
4049.482	630.0100
4053.633	629.7480
4057.732	630.1260
4059.812	630.3210
4063.937	629.9530
4065.977	629.7450
4068.016	629.8440
4070.055	629.9600
4072.126	630.1690
4078.383	630.0690
4080.427	629.9860
4082.523	629.8940
4086.648	629.9930
4088.729	630.0990
4090.789	629.9440
4092.849	630.0720
4094.867	630.0010
4098.992	629.8160
4101.032	629.6990
4103.107	629.9610
4105.146	630.0560
4107.191	630.3740
4109.230	630.2180
4111.270	630.0950
4113.314	629.8880
4115.374	629.8250
4119.556	630.0950
4121.595	630.3070
4123.655	630.4480
4125.694	630.0630
4127.775	629.7480
4129.835	629.6150
4131.874	629.9630
4133.919	630.2890
4135.979	630.4030
4138.059	630.0860
4140.098	629.7080
4142.158	629.9590
4144.259	629.7810
4146.340	629.9070
4148.400	630.1130
4152.540	630.2450
4154.585	630.0510
4156.624	629.8070
4158.664	629.7190
4160.744	629.8300
4162.789	629.9910
4164.828	630.0810
4166.888	630.2170
4168.901	630.1190
4170.982	630.0490
4173.042	629.7690
4175.107	629.8320
4177.152	629.9630
4181.307	630.2150
4185.469	630.0600
4187.528	629.7230
4191.751	629.9430
4193.796	630.1850
4197.936	630.2650
4199.996	629.9900
4202.056	629.6960
4204.095	629.7910
4208.174	630.0870
4210.234	630.1980
4212.320	630.0940
4216.378	629.9860
4218.433	629.8600
4220.472	629.6820
4222.516	629.8890
4224.556	630.2160
4226.575	630.3850
4228.634	630.0550
4232.754	629.9600
4240.896	629.8810
4242.936	630.0650
4249.110	630.1320
4251.150	629.8310
4255.331	630.1670
4259.528	630.0740
4263.674	629.8700
4267.758	629.9630
4269.874	630.1470
4271.950	630.3360
4274.015	630.1010
4276.075	629.9530
4278.155	629.7150
4282.296	630.0310
4284.376	630.2060
4286.457	630.3340
4288.522	630.1680
4290.536	629.9790
4292.575	629.8420
4294.635	629.7580
4296.721	629.8420
4298.796	630.1520
4305.001	629.9550
4307.061	629.8100
4309.101	629.9410
4317.382	630.2060
4321.460	629.9890
4325.580	629.7270
4327.625	629.9220
4329.710	630.1370
4333.830	630.0450
4335.931	630.1080
4337.991	629.8890
4340.077	629.8110
4342.106	629.7190
4344.145	630.0080
4346.211	630.2150
4350.372	630.0770
4352.411	629.9600
4354.491	629.8750
4360.630	630.0110
4362.711	630.0810
4364.750	630.2860
4366.794	630.0310
4368.875	629.9010
4370.930	629.7130
4372.974	629.9170
4375.111	630.0680
4377.171	630.3350
4381.260	630.0940
4383.295	629.9280
4385.391	629.6240
4387.450	629.7960
4391.529	629.3790
4393.574	627.8660
4395.618	625.8460
4397.673	622.9590
4399.712	619.8590
4401.772	616.7670
4403.817	613.4090
4405.866	609.9460
4407.952	606.5170
4410.007	603.0280
4412.067	599.8530
4414.106	596.2400
4416.187	592.8840
4418.226	589.4730
4420.291	586.0430
4422.330	582.6630
4424.370	579.2910
4426.394	576.0810
4428.448	572.6380
4430.488	569.3290
4432.594	565.8920
4434.747	562.6360
4436.930	559.0750
4439.026	556.0300
4441.071	552.6550
4443.105	549.7400
4445.170	546.5550
4447.189	543.3860
4449.249	540.2870
4451.308	537.2630
4453.348	534.3890
4455.387	531.1770
4457.426	528.4310
4459.466	525.6120
4461.526	522.7130
4463.570	519.9790
4465.610	517.1070
4467.628	514.3100
4469.657	511.6590
4471.717	508.9310
4473.824	506.2610
4475.873	503.5840
4477.974	501.0590
4480.039	498.4760
4482.079	495.9350
4484.139	493.4810
4486.178	490.8910
4488.207	488.5770
4490.277	486.0640
4492.456	483.3350
4494.495	481.2800
4496.560	478.8360
4498.656	476.5030
4500.737	474.0950
4502.802	471.6740
4504.820	469.6800
4506.860	467.4500
4508.899	465.3840
4510.938	463.1890
4513.004	460.9490
4515.064	458.7530
4517.180	456.6660
4519.183	454.4900
4521.223	452.4380
4523.283	450.4190
4525.322	448.4140
4527.382	446.4870
4529.406	444.3540
4531.455	442.4980
4533.557	440.5620
4535.596	438.4740
4537.676	436.5800
4539.742	434.6260
4541.781	432.8540
4543.856	431.0320
4545.896	429.1820
4548.017	427.3180
4550.062	425.4100
4552.117	423.6350
4554.177	421.8480
4556.216	420.1860
4558.302	418.4330
4560.362	416.7620
4562.421	414.8650
4564.461	413.4150
4566.521	411.5660
4568.601	409.9520
4570.702	408.4320
4572.762	406.7460
4574.822	405.1500
4576.867	403.5190
4578.942	401.9380
4581.002	400.4760
4583.041	398.8930
4585.101	397.5070
4587.146	395.8770
4589.185	394.4230
4591.266	392.9320
4593.346	391.4550
4595.427	390.0660
4597.471	388.4650
4599.505	387.0700
4601.571	385.7830
4603.610	384.4190
4605.726	382.8110
4607.771	381.4310
4609.810	379.9780
4611.870	378.7630
4613.992	377.1920
4616.093	375.8490
4618.112	374.5470
4620.151	373.3920
4622.283	371.9270
4624.307	370.6040
4626.388	369.5050
4628.468	368.0460
4630.585	366.6340
4632.629	365.4850
4634.648	364.2050
4636.729	363.1120
4638.809	361.7800
4640.869	360.3100
4642.929	359.1020
4644.989	357.9310
4647.033	356.7470
4649.093	355.4080
4651.153	354.2650
4653.213	353.1020
4655.294	351.8780
4657.338	350.7810
4659.378	349.6710
4661.458	348.3600
4663.497	347.4330
4665.557	346.1480
4667.581	345.0810
4669.621	344.0520
4671.680	342.9830
4673.720	341.7450
4675.769	340.8580
4677.865	339.5040
4679.931	338.6340
4682.006	337.6380
4684.030	336.6350
4686.131	335.6040
4688.222	334.6930
4690.230	333.6890
4692.270	332.7090
4694.329	331.7000
4696.410	330.5560
4698.552	329.5710
4700.592	328.5910
4702.636	327.5800
4704.670	326.7450
4706.694	325.7220
4708.734	324.7420
4710.752	324.0040
4712.833	323.0210
4714.893	321.9450
4716.973	320.9870
4719.038	320.1400
4721.078	319.3190
4723.158	318.2720
4725.239	317.4150
4727.299	316.6640
4729.318	315.7350
4731.408	314.7640
4733.509	313.8090
4735.559	312.8350
4737.578	311.9640
4739.720	311.1210
4741.760	310.1310
4743.819	309.3730
4745.900	308.4530
4747.960	307.8030
4749.999	306.9010
4752.044	305.8940
4754.062	305.0100
4756.122	304.2150
4758.198	303.4450
4760.222	302.6530
4762.282	301.7690
4764.326	301.0820
4766.427	300.3940
4768.482	299.5680
4770.527	298.5740
4772.607	297.6640
4774.708	296.9780
4776.748	296.2520
4778.828	295.4300
4780.867	294.6790
4782.912	293.9410
4784.967	293.1410
4787.047	292.2710
4789.128	291.6870
4791.167	290.8220
4793.242	290.0570
4795.292	289.2270
4797.352	288.6370
4799.412	287.9000
4801.451	287.1120
4803.491	286.5500
4805.551	285.7300
4807.605	284.9970
4809.645	284.2480
4811.684	283.6450
4813.723	282.9830
4815.752	282.3770
4817.828	281.5280
4819.867	280.9080
4821.927	280.1290
4823.966	279.3600
4826.026	278.6680
4828.066	278.1020
4830.151	277.3770
4832.186	276.6820
4834.328	276.1900
4836.367	275.5090
4838.407	274.6810
4840.472	273.5430
