Elapsed time [s]	Value [0,100]
0.000	0
114.730	100.0000
127.056	94.99800
129.114	71.31640
131.176	40.12930
133.236	13.89240
135.317	5.626700
137.379	4.503320
139.460	10.68990
141.499	16.00380
143.518	18.41740
145.560	30.81930
147.620	34.33830
149.661	42.46770
151.721	41.87030
153.761	45.70460
155.841	47.89900
157.883	47.21850
159.943	45.71400
162.003	45.06070
164.104	41.50060
166.144	40.20210
168.224	37.56130
170.305	39.19800
172.367	38.29710
174.386	40.74230
176.466	41.20600
178.516	42.89320
180.548	44.01130
182.569	41.93310
184.626	41.64470
186.689	40.02770
188.749	39.90150
190.788	34.93040
192.848	39.67820
194.890	41.43650
196.929	36.34430
198.971	41.08650
201.018	44.12480
203.078	41.02120
205.156	38.18400
207.219	40.82600
209.317	39.08930
211.359	40.45410
213.398	40.61050
215.440	36.69520
217.500	41.15110
219.581	40.92000
221.623	41.79290
223.683	40.81410
225.722	38.84730
227.813	38.50360
229.857	39.13510
231.894	41.43050
233.990	39.60240
236.029	38.99330
238.089	29.35590
240.170	15.20850
242.250	4.485410
244.292	0
359.937	4.020450
361.979	20.45290
364.018	38.22680
366.140	58.87680
368.182	71.34400
370.242	80.14840
372.261	75.64750
374.341	70.44900
376.422	55.75870
378.464	38.12960
380.503	32.63240
382.563	35.92530
384.662	42.34000
386.742	48.82630
388.802	54.94820
390.844	54.87900
392.904	47.59330
394.964	46.69090
396.985	43.14830
399.004	40.30280
401.126	42.11070
403.227	44.89420
405.266	44.33050
407.326	48.97170
409.409	50.19890
411.487	43.82760
413.526	40.37060
415.607	40.05920
417.688	42.50200
419.727	45.46040
421.769	47.50350
423.847	48.34220
425.948	48.46010
428.010	43.24160
430.070	41.07620
432.112	40.68620
434.231	45.32310
436.250	47.10770
438.313	46.99020
440.352	47.13200
442.391	46.28840
444.451	44.77160
446.514	43.61150
448.533	45.39390
450.592	44.95190
452.652	46.93190
454.715	46.84790
456.754	45.09340
458.794	42.16650
460.874	44.55650
462.916	43.49740
464.976	47.51180
467.077	46.46090
469.140	48.57740
471.236	48.51280
473.298	46.13380
475.358	46.36050
477.418	45.17660
479.457	44.07070
481.499	49.46100
483.598	49.51600
485.678	50.84610
487.720	46.16000
489.760	44.12590
491.840	48.13890
493.921	46.74660
495.963	48.61580
498.020	49.99680
500.082	50.87000
502.142	49.46230
504.202	46.22640
506.262	45.49470
508.304	49.55640
510.382	50.10490
512.406	52.72800
514.487	53.87890
516.588	51.45700
518.627	47.16490
520.669	47.23860
522.749	48.93940
524.809	53.26070
526.849	57.60810
528.929	49.45170
531.028	51.98500
533.067	51.66860
535.207	50.64670
537.228	51.47470
539.270	53.34980
541.351	51.93880
543.408	53.34460
545.471	52.09780
547.510	53.29990
549.549	51.09890
551.609	52.50210
553.672	52.15750
555.732	54.30640
557.771	53.56290
559.833	54.80750
561.893	58.51830
563.933	54.29840
565.975	49.98510
568.035	52.85290
570.115	57.77190
572.134	58.29380
574.196	60.49790
576.295	56.04810
578.378	52.61640
580.456	52.39340
582.498	44.91870
584.517	37.20930
586.579	38.83950
588.709	38.30800
590.807	40.80100
592.849	44.60630
594.909	40.49140
596.951	40.33940
599.029	39.43690
601.089	41.97480
603.151	42.19400
605.191	42.13090
607.251	42.52800
609.272	39.36860
611.293	41.59090
613.353	40.92770
615.413	41.79190
617.476	42.44080
619.533	46.64540
621.616	45.65000
623.676	41.79290
625.715	39.78810
627.788	40.91830
629.851	41.95270
631.890	44.22630
633.991	45.12450
636.049	43.68360
638.093	41.81460
640.189	41.48620
642.270	39.00200
644.391	43.24620
646.431	44.55490
648.550	45.27950
650.571	42.28920
652.610	44.60120
654.673	39.70580
656.712	40.28060
658.775	43.75290
660.796	43.67300
662.835	46.00170
664.916	45.76770
666.937	42.53770
669.018	38.00650
671.057	42.79470
673.099	45.42390
675.138	46.33240
677.178	41.64380
679.258	43.24090
681.318	42.28040
683.340	42.37080
685.402	42.90820
687.459	41.16740
689.506	38.32110
691.587	44.42210
693.647	48.68070
695.689	44.02760
697.749	40.76690
699.814	40.65050
701.889	39.42700
703.954	41.46940
706.009	44.29590
708.051	44.31760
710.160	42.19180
712.318	40.73560
714.380	40.03020
716.440	40.45310
718.482	42.64840
720.501	44.62470
722.543	44.76660
724.564	43.56420
726.624	41.79150
728.702	38.79180
730.764	41.92610
732.824	43.19210
734.866	44.60540
736.929	44.80510
738.989	44.60060
741.049	43.62470
743.109	41.12290
745.189	39.66700
747.228	38.48580
749.350	43.39590
751.392	45.65650
753.431	43.48630
755.491	44.35820
757.590	40.70350
759.652	39.02930
761.733	42.45180
763.793	42.24680
765.879	46.73390
767.918	46.71740
770.019	42.17250
772.100	41.41000
774.142	39.70190
776.168	40.07740
778.223	41.31950
780.280	43.96870
782.322	45.18030
784.367	44.72590
786.383	41.94620
788.425	41.11520
790.485	41.01000
792.547	42.55990
794.625	44.76680
796.667	44.61260
798.747	45.80650
800.789	41.96760
802.870	39.62260
804.930	40.08020
806.990	41.81110
809.032	43.08620
811.141	42.51030
813.221	43.79280
815.271	44.90340
817.300	42.09640
819.362	40.91920
821.430	40.72110
823.482	37.59410
825.542	41.99040
827.690	42.48310
829.750	46.10790
831.840	44.26050
833.921	44.05980
835.950	41.48410
837.966	39.25190
840.003	38.54390
842.024	41.88100
844.105	46.38460
846.144	44.24180
848.225	42.60810
850.290	39.88860
852.350	40.83640
854.389	36.17560
856.485	41.04890
858.545	45.00240
860.625	45.63050
862.667	45.68950
864.784	43.48640
866.826	42.45900
868.886	39.36610
870.948	38.28820
872.988	39.52010
875.050	44.62320
877.089	47.46510
879.152	47.14400
881.310	43.34190
883.349	41.67480
885.391	41.89760
887.492	41.34450
889.591	42.40110
891.653	44.56360
893.721	44.70320
895.781	44.11530
897.841	42.44990
899.903	42.40620
901.943	40.43360
903.964	45.09820
906.003	43.17130
908.045	41.53810
910.115	42.26190
912.196	42.98730
914.238	41.16990
916.277	43.23830
918.335	45.25080
920.384	45.44860
922.483	42.41770
924.535	41.28430
926.574	41.29300
928.616	42.78080
930.656	41.58220
932.695	42.58490
934.775	46.08020
936.815	46.54720
938.836	41.47470
940.937	40.45130
942.997	38.69070
945.132	38.52970
947.148	40.98360
949.267	46.84150
951.353	45.02650
953.426	43.71830
955.534	40.58060
957.594	41.94380
959.636	40.92710
961.717	43.43670
963.797	43.94240
965.857	46.34380
967.917	43.61620
969.977	41.41350
972.060	41.42830
974.100	41.00060
976.160	43.47730
978.181	42.06370
980.282	44.59260
982.321	45.27350
984.363	43.85140
986.423	40.43220
988.465	39.15330
990.540	40.76490
992.603	43.86450
994.663	46.66120
996.723	44.69430
998.783	39.34610
1000.884	39.58380
1002.944	44.01310
1004.975	42.92600
1007.043	44.68650
1009.111	45.54320
1011.253	42.09560
1013.336	42.49000
1015.396	42.41020
1017.435	43.06500
1019.454	43.25180
1021.535	43.07160
1023.597	43.09660
1025.696	45.10840
1027.717	43.88710
1029.777	39.97210
1031.798	39.33640
1033.900	41.64850
1035.959	44.65260
1038.061	44.62640
1040.100	44.47460
1042.142	44.03090
1044.181	40.77460
1046.221	39.24060
1048.368	42.26690
1050.389	42.61050
1052.470	41.61510
1054.550	45.12240
1056.592	45.84680
1058.632	42.20700
1060.697	39.09110
1062.739	39.40140
1064.894	41.37200
1066.933	46.06890
1069.052	46.27590
1071.174	45.97360
1073.275	39.98870
1075.335	37.97190
1077.377	36.71110
1079.437	43.15480
1081.497	45.06130
1083.577	45.45580
1085.658	43.71720
1087.718	39.01700
1089.778	40.17290
1091.838	40.85610
1093.918	43.72220
1095.999	45.96150
1098.041	40.98640
1100.080	43.40350
1102.122	40.78910
1104.161	41.65170
1106.180	40.78620
1108.201	41.55240
1110.261	43.65810
1112.283	43.68620
1114.322	43.18580
1116.364	41.19940
1118.385	44.86290
1120.463	43.06560
1122.523	40.68350
1124.544	41.77190
1126.625	43.18300
1128.734	47.00360
1130.835	44.33920
1132.895	41.00820
1134.934	40.17420
1136.994	40.43550
1139.036	41.42900
1141.096	44.40990
1143.159	45.26240
1145.219	44.73520
1147.258	41.97520
1149.338	40.39940
1151.398	43.02560
1153.420	42.18780
1155.482	44.68040
1157.521	44.84480
1159.602	43.56730
1161.683	41.84130
1163.742	41.45910
1165.782	40.75720
1167.824	41.81400
1169.842	44.83710
1171.902	43.56400
1173.924	45.74720
1175.984	42.31950
1178.064	40.70430
1180.145	41.45570
1182.205	40.41810
1184.244	45.53690
1186.307	43.42940
1188.346	47.65390
1190.447	45.27270
1192.507	41.93100
1194.549	37.12930
1196.588	38.60380
1198.669	43.23220
1200.690	44.49030
1202.711	46.25410
1204.771	45.99200
1206.849	42.60440
1208.891	39.66480
1210.951	39.10010
1212.993	40.24840
1215.094	46.70100
1217.133	43.65550
1219.173	43.28750
1221.215	45.77280
1223.295	40.75910
1225.355	41.65370
1227.464	39.49870
1229.503	44.42950
1231.625	47.90480
1233.726	43.11730
1235.866	42.65090
1237.929	42.37160
1239.968	40.31480
1242.007	42.16940
1244.070	42.72180
1246.109	42.76580
1248.169	44.29970
1250.211	47.97220
1252.356	44.58190
1254.416	40.11340
1256.476	39.54170
1258.518	41.58030
1260.557	46.36370
1262.578	44.48430
1264.638	44.62020
1266.680	43.94070
1268.699	39.34410
1270.800	40.87010
1272.878	39.13280
1274.920	41.06180
1276.941	42.55350
1279.019	46.56540
1281.061	46.14700
1283.170	39.71000
1285.212	41.47060
1287.292	38.03580
1289.332	40.64750
1291.433	45.74410
1293.475	47.15600
1295.573	42.66100
1297.613	40.43210
1299.732	37.30140
1301.774	40.76460
1303.813	40.66230
1305.888	45.61320
1308.013	44.49300
1310.093	43.99830
1312.174	41.13020
1314.216	40.39610
1316.314	40.99890
1318.395	41.98790
1320.437	42.45460
1322.476	45.10790
1324.497	44.58880
1326.557	40.89550
1328.638	40.79380
1330.698	39.61310
1332.737	43.99950
1334.779	44.78050
1336.798	45.78630
1338.873	42.63550
1340.915	40.51820
1343.055	43.32580
1345.115	41.31730
1347.136	43.39210
1349.217	44.36800
1351.256	43.27200
1353.318	43.30520
1355.378	42.78350
1357.459	41.41640
1359.539	40.32720
1361.620	40.07510
1363.701	42.31670
1365.722	44.51000
1367.782	42.28050
1369.860	41.90110
1371.999	41.51360
1374.095	41.98720
1376.176	40.81210
1378.257	41.61140
1380.337	42.55790
1382.379	41.33560
1384.418	43.47270
1386.499	42.42160
1388.538	44.02060
1390.560	44.34310
1392.640	40.37600
1394.679	42.02460
1396.719	42.83480
1398.761	43.12200
1400.779	43.02640
1402.801	43.16230
1404.863	41.70660
1406.905	43.05000
1408.944	42.80260
1411.004	43.54180
1413.059	42.58770
1415.127	42.92870
1417.207	41.96910
1419.267	44.30610
1421.368	41.38910
1423.452	43.03980
1425.586	42.44180
1427.625	42.11670
1429.688	44.02390
1431.743	42.97050
1433.805	43.61880
1435.845	40.28710
1437.961	42.46110
1440.021	42.61210
1442.061	42.54610
1444.159	46.75530
1446.222	44.87840
1448.245	39.74670
1450.362	40.01630
1452.404	41.06860
1454.441	43.91050
1456.483	42.28740
1458.589	45.41260
1460.621	44.25900
1462.680	42.71080
1464.725	39.09350
1466.764	39.95520
1468.824	40.77100
1470.864	44.18280
1472.924	47.12140
1474.947	41.27070
1477.007	42.94640
1479.047	41.23490
1481.107	40.61370
1483.167	42.02080
1485.206	40.20980
1487.328	47.27530
1489.429	44.31450
1491.530	44.23270
1493.652	41.99860
1495.691	37.80150
1497.710	42.60820
1499.749	45.10960
1501.814	44.73860
1503.874	44.68000
1505.934	46.17110
1508.015	41.67930
1510.054	37.19480
1512.093	41.16110
1514.133	43.36420
1516.192	45.92850
1518.273	43.77530
1520.354	44.83660
1522.434	41.09360
1524.479	39.76630
1526.518	42.40220
1528.557	43.90650
1530.597	41.60830
1532.636	45.10270
1534.716	42.36380
1536.761	42.58880
1538.862	38.49940
1540.943	39.30150
1543.003	38.87200
1545.119	44.11490
1547.220	45.93390
1549.260	45.68630
1551.371	42.57360
1553.493	43.74330
1555.532	39.60620
1557.571	40.57530
1559.611	41.98020
1561.635	46.32000
1563.695	44.71080
1565.775	43.32060
1567.856	42.96580
1569.895	42.61110
1571.976	39.06550
1574.035	41.79260
1576.116	43.62370
1578.140	47.79250
1580.236	42.68890
1582.301	42.35610
1584.340	43.04280
1586.359	39.69810
1588.398	42.41510
1590.458	43.82970
1592.523	42.95140
1594.542	43.64360
1596.581	45.53920
1598.600	40.74140
1600.701	38.36910
1602.725	38.59900
1604.765	43.97400
1606.783	46.53680
1608.828	43.73320
1610.888	43.80730
1612.973	43.45120
1615.013	39.96540
1617.073	38.02760
1619.153	40.80210
1621.270	45.00950
1623.314	47.82660
1625.395	43.03980
1627.434	41.78230
1629.474	42.84140
1631.513	40.96760
1633.573	43.44050
1635.638	43.93210
1637.718	44.61660
1639.758	44.36910
1641.838	42.93910
1643.878	43.75920
1645.938	41.63780
1647.977	41.66420
1650.078	43.41690
1652.138	42.58430
1654.198	45.75590
1656.258	46.64560
1658.359	42.90700
1660.383	40.94510
1662.463	39.68760
1664.523	39.49950
1666.645	41.88360
1668.690	46.41270
1670.765	45.80510
1672.804	41.90790
1674.864	41.02890
1676.904	40.80650
1678.989	44.13840
1681.065	44.67690
1683.109	43.01050
1685.148	44.50420
1687.219	41.59840
1689.258	42.88920
1691.313	41.86310
1693.399	40.23760
1695.438	44.03990
1697.457	43.68030
1699.537	42.23670
1701.597	46.77530
1703.678	42.40830
1705.738	39.83680
1707.859	39.88970
1709.899	43.08940
1711.979	46.54790
1714.060	46.49050
1716.104	42.26940
1718.143	41.25090
1720.183	39.66790
1722.263	42.62340
1724.303	45.74090
1726.404	45.99120
1728.526	42.20230
1730.586	42.14370
1732.687	41.80200
1734.747	41.25490
1736.765	43.90740
1738.805	45.12660
1740.947	41.71950
1743.007	45.58900
1745.046	41.78560
1747.086	41.71310
1749.151	43.52270
1751.231	38.91360
1753.271	44.43570
1755.310	47.04400
1757.349	43.25950
1759.389	43.29470
1761.428	41.69260
1763.478	40.92360
1765.543	41.01730
1767.618	42.15490
1769.663	43.39920
1771.702	45.62850
1773.726	46.15250
1775.760	43.51000
1777.804	38.09930
1779.844	40.69280
1781.924	42.02010
1784.025	43.22890
1786.127	44.69230
1788.212	42.28780
1790.252	41.26900
1792.353	43.27780
1794.413	42.62380
1796.452	43.43260
1798.517	44.79950
1800.577	41.23630
1802.616	41.92070
1804.676	41.29710
1806.716	44.13060
1808.776	44.16940
1810.815	40.45580
1812.916	39.12990
1814.997	44.05770
1817.041	47.71950
1819.101	45.31100
1821.182	44.12040
1823.221	40.81530
1825.245	39.42680
1827.279	38.45550
1829.339	41.72180
1831.419	44.21390
1833.459	47.98910
1835.503	42.96650
1837.543	42.04400
1839.582	38.97310
1841.621	39.85580
1843.743	42.58000
1845.824	44.43850
1847.925	43.71160
1849.985	47.13720
1852.086	41.66780
1854.125	41.06290
1856.185	39.08560
1858.266	40.81970
1860.346	43.96840
1862.427	47.64950
1864.466	44.75040
1866.526	41.12970
1868.606	41.44040
1870.646	37.37370
1872.690	41.35650
1874.750	44.26090
1876.831	46.94520
1878.870	46.83330
1880.945	43.57490
1882.969	38.68840
1885.009	39.63880
1887.069	42.56150
1889.113	44.53570
1891.152	44.02510
1893.192	44.67900
1895.231	45.67410
1897.291	40.27500
1899.351	38.87200
1901.395	38.64150
1903.455	42.21220
1905.515	44.42170
1907.555	44.57010
1909.635	43.45510
1911.675	40.98900
1913.719	43.44570
1915.758	40.96470
1917.818	43.43180
1919.858	43.49230
1921.938	42.23040
1923.998	43.23950
1926.058	42.77790
1928.103	44.16020
1930.121	41.87980
1932.181	42.86880
1934.262	41.47030
1936.317	40.19630
1938.340	44.52510
1940.400	45.56630
1942.440	45.48580
1944.515	41.95220
1946.575	41.29720
1948.635	39.01330
1950.757	42.73390
1952.837	44.99960
1954.897	46.50620
1956.978	47.68220
1959.017	39.25300
1961.098	38.25100
1963.142	38.13450
1965.197	44.95370
1967.283	44.91380
1969.394	44.19670
1971.490	44.58970
1973.509	41.79840
1975.615	40.11300
1977.659	37.61170
1979.699	42.90880
1981.759	46.74630
1983.798	45.31410
1985.863	44.27930
1987.944	39.14990
1990.024	44.45510
1992.084	39.05100
1994.123	42.62420
1996.163	47.30910
1998.182	44.90920
2000.242	44.11200
2002.343	40.03380
2004.361	39.20310
2006.478	40.48350
2008.522	44.40950
2010.588	44.87720
2012.606	43.51820
2014.677	43.74120
2016.706	42.00300
2018.807	40.26560
2020.867	41.40910
2022.906	43.85940
2024.950	41.71390
2027.108	45.76440
2029.127	44.28800
2031.192	44.99130
2033.252	41.40570
2035.312	41.67190
2037.331	39.25490
2039.432	43.04440
2041.502	45.04560
2043.510	44.32210
2045.576	43.58830
2047.594	41.83080
2049.670	41.94930
2051.750	41.81650
2053.831	42.54010
2055.911	44.51010
2057.971	45.82910
2060.011	43.77500
2062.055	38.86450
2064.074	42.63730
2066.118	42.38740
2068.194	42.77940
2070.238	43.15270
2072.319	42.85670
2074.358	43.96810
2076.397	45.17710
2078.437	45.81380
2080.517	41.05540
2082.562	40.00270
2084.642	41.42830
2086.738	44.64650
2088.819	47.03370
2090.879	42.99850
2092.970	39.83860
2095.029	41.75140
2097.146	42.19070
2099.191	44.21440
2101.230	43.50110
2103.310	41.79990
2105.350	44.75820
2107.410	42.73570
2109.470	40.09190
2111.488	43.92130
2113.528	43.89460
2115.552	42.80980
2117.591	43.52890
2119.630	43.47850
2121.670	42.49480
2123.730	40.85580
2125.753	42.56480
2127.808	41.46260
2129.868	38.47020
2131.949	44.18840
2134.050	45.71610
2136.094	42.99020
2138.154	43.30930
2140.194	40.20650
2142.233	37.48980
2144.355	44.67950
2146.523	47.16790
2148.572	44.19480
2150.637	43.66590
2152.697	43.82790
2154.783	40.61430
2156.822	43.43680
2158.862	40.95180
2160.906	43.46220
2162.966	45.50040
2165.026	44.03610
2167.065	42.86280
2169.105	45.06490
2171.185	38.63230
2173.245	40.55630
2175.269	44.73270
2177.345	45.88570
2179.410	46.70440
2181.470	43.02170
2183.530	40.66180
2185.548	40.13020
2187.567	43.05100
2189.627	47.29630
2191.707	44.70120
2193.747	41.83150
2195.807	41.35850
2197.887	42.18760
2199.927	44.30360
2201.971	40.67390
2204.052	44.83750
2208.259	41.72960
2210.319	40.70820
2212.400	41.83610
2214.423	42.21140
2216.519	40.25160
2218.564	41.04910
2220.603	45.32250
2222.663	44.67040
2224.702	42.97030
2226.742	43.72000
2228.781	43.14040
2230.841	41.60250
2232.922	41.12310
2235.002	41.47300
2237.083	44.85590
2239.163	43.28410
2241.223	41.77940
2243.268	42.44600
2245.286	42.31330
2247.305	41.42100
2249.365	44.58950
2251.384	43.46390
2253.449	43.83560
2255.468	44.11440
2257.558	43.86210
2259.598	39.15430
2261.678	40.42570
2263.718	44.75260
2265.778	44.84570
2267.858	41.88090
2269.959	43.45200
2272.019	43.19120
2274.146	43.61760
2276.185	41.15710
2278.307	41.45640
2280.347	43.75110
2282.396	46.56420
2284.466	46.50140
2286.506	41.70710
2288.566	43.46010
2290.631	39.10870
2292.706	42.64310
2294.745	43.01150
2296.795	44.36390
2298.850	45.08210
2300.869	42.26210
2302.954	41.43860
2305.014	41.44450
2307.033	43.25880
2309.077	41.51490
2311.137	44.29200
2313.213	43.80510
2315.257	44.74340
2317.358	42.98900
2319.434	40.70000
2321.458	40.08920
2323.518	41.05030
2325.536	45.84560
2327.638	44.78850
2329.708	45.80900
2331.835	42.83940
2333.925	38.50750
2335.965	41.05970
2338.004	40.92260
2340.069	44.20080
2342.145	45.34770
2344.225	44.20400
2346.264	41.17400
2348.366	40.01850
2350.410	40.41010
2352.485	41.34920
2354.566	45.30610
2356.647	44.15060
2358.670	45.21510
2360.730	43.98400
2362.832	39.15970
2364.917	39.05410
2366.972	41.79300
2369.032	45.19780
2371.092	45.50920
2373.172	44.96510
2375.253	42.75480
2377.333	37.58230
2379.393	40.74560
2381.474	41.36360
2383.493	44.04820
2385.553	44.82930
2387.654	44.16060
2389.714	41.85180
2391.815	40.56490
2393.926	43.84060
2395.966	42.70110
2397.984	42.55300
2400.065	41.09270
2402.130	43.22930
2404.169	46.36050
2406.229	42.56010
2408.248	41.70840
2410.329	42.92150
2412.388	42.15010
2414.433	42.92350
2416.493	40.50360
2418.573	44.23210
2420.613	46.07290
2422.652	42.46570
2424.691	40.17370
2426.731	42.05590
2428.832	43.86010
2430.892	43.37200
2432.972	45.38380
2435.053	43.10190
2437.097	42.30550
2439.116	41.93320
2441.155	40.54770
2443.195	43.64470
2445.234	47.02670
2447.279	45.80640
2449.339	41.39020
2451.378	41.99740
2453.438	41.63640
2455.529	41.81900
2457.609	40.27710
2459.669	44.33740
2461.688	45.84170
2463.712	43.64260
2465.792	43.49170
2467.852	42.82270
2469.933	40.42720
2471.972	39.13570
2474.011	40.15810
2476.051	45.23170
2478.090	46.70690
2480.140	47.49600
2482.241	38.24800
2484.280	39.25180
2486.345	40.27810
2488.400	43.02860
2490.460	46.70910
2492.525	45.27980
2494.585	44.06500
2496.645	40.20310
2498.684	37.72680
2500.744	40.13050
2502.825	44.25710
2504.905	43.35520
2506.924	49.19160
2509.036	42.87950
2511.095	43.54230
2513.171	43.51900
2515.226	40.02350
2517.265	39.14410
2519.325	45.51240
2521.369	44.61360
2523.429	41.74930
2525.515	43.71460
2527.549	42.46440
2529.589	41.57950
2531.648	40.27750
2533.729	42.42710
2535.753	44.31460
2537.792	47.00870
2539.832	43.41290
2541.892	41.61580
2543.972	42.82900
2546.053	40.78780
2548.092	41.22810
2550.131	42.19350
2552.176	45.50780
2554.215	45.39020
2556.254	44.08500
2558.335	43.21470
2560.374	40.25720
2562.414	39.86730
2564.453	41.23350
2566.513	43.73450
2568.578	44.20360
2570.659	45.30210
2572.718	43.99070
2574.789	41.47820
2576.869	40.94500
2578.929	40.29150
2580.989	44.32770
2583.028	46.89750
2585.109	46.10810
2587.148	41.00180
2589.188	40.36850
2591.232	41.29170
2593.271	43.77170
2595.331	44.63200
2597.391	44.74450
2599.410	45.42410
2601.455	42.66580
2603.494	41.68980
2605.574	40.36740
2607.655	42.61550
2609.715	43.31990
2611.775	46.03970
2613.835	42.85710
2615.915	42.41080
2617.996	41.79540
2620.040	42.38460
2622.080	41.01790
2624.160	43.40330
2626.220	43.24550
2628.301	42.96830
2630.319	45.76660
2632.379	44.34700
2634.460	40.63740
2636.576	41.40660
2638.621	39.01210
2640.702	45.14300
2642.772	44.32340
2644.811	44.41860
2646.861	42.44240
2648.941	42.35900
2651.022	41.41610
2653.041	43.39870
2655.142	43.57690
2657.202	43.92580
2659.241	44.39770
2661.285	43.73580
2663.381	43.54170
2665.405	43.70040
2667.486	40.27750
2669.525	42.79140
2671.606	44.80710
2673.645	45.14150
2675.705	44.71360
2677.724	41.04790
2679.789	40.05460
2681.849	39.49590
2683.929	44.89170
2685.969	45.70590
2688.049	47.89030
2690.140	41.32690
2692.241	40.62530
2694.378	39.51050
2696.438	41.47180
2698.539	44.85870
2700.579	43.65480
2702.639	45.41220
2704.683	43.43430
2706.743	42.00530
2708.824	42.38290
2710.863	40.76880
2712.902	41.36600
2714.942	43.92730
2716.981	43.01770
2719.025	45.52150
2721.106	45.49310
2723.166	38.21830
2725.246	40.82860
2727.286	42.91540
2729.325	42.19090
2731.385	43.08610
2733.445	45.21950
2735.526	45.87230
2737.565	40.60810
2739.630	39.98610
2741.690	41.75620
2743.729	43.12640
2745.851	46.23970
2747.911	43.16660
2749.976	45.90610
2752.020	41.63210
2754.158	41.62370
2756.202	43.59710
2758.262	44.05100
2760.343	43.29730
2762.423	44.80800
2764.442	43.54240
2766.543	44.93100
2768.582	41.59920
2770.642	38.31200
2772.682	40.49680
2774.762	43.94810
2776.822	45.12620
2778.903	46.38440
2780.947	42.72200
2782.986	40.40110
2785.108	40.09690
2787.168	42.84250
2789.228	42.13550
2791.267	43.61820
2793.307	46.26520
2795.326	45.85190
2797.468	41.81950
2799.507	39.47680
2801.567	42.13380
2803.606	39.81680
2805.687	42.88490
2807.737	46.19470
2809.797	44.18500
2811.841	43.01650
2813.906	42.42700
2815.945	38.40980
2818.026	42.24690
2820.107	46.69960
2822.166	44.01600
2824.247	42.15800
2826.328	44.23090
2828.393	39.65390
2830.432	42.61210
2832.492	43.76220
2834.552	44.74840
2836.571	44.26510
2838.631	43.60600
2840.670	43.79180
2842.714	43.85940
2844.754	42.94820
2846.814	39.64820
2848.853	42.07170
2850.897	41.83830
2852.937	47.87420
2854.997	43.94080
2857.036	40.11230
2859.055	42.92740
2861.094	41.32900
2863.139	42.47890
2865.193	41.24650
2867.258	42.69730
2869.298	42.47460
2871.337	43.58110
2873.397	42.47180
2875.436	41.14770
2877.502	40.51340
2879.541	44.79890
2881.565	46.09450
2883.702	41.42480
2885.721	40.69430
2887.801	44.25900
2889.841	41.39440
2891.942	40.43100
2894.002	43.26600
2896.082	42.55290
2898.142	44.77460
2900.223	43.30240
2902.247	43.49300
2904.327	41.02400
2906.387	40.77840
2908.468	41.66180
2910.486	41.32750
2912.567	45.24540
2914.689	46.24040
2916.728	44.76110
2918.788	40.38430
2920.807	41.07140
2922.887	42.15500
2924.947	44.76390
2927.048	43.79980
2929.129	45.81730
2931.189	42.98400
2933.233	40.38990
2935.314	42.66030
2937.353	41.76590
2939.392	42.98680
2941.432	42.10830
2943.471	44.46240
2945.531	47.38300
2947.575	42.43630
2949.615	41.63810
2951.675	41.01660
2953.693	41.97570
2955.753	41.47970
2957.777	44.70280
2959.817	44.35630
2961.835	44.02080
2963.936	40.50840
2965.981	40.89410
2968.020	41.28070
2970.080	43.57980
2972.140	44.08480
2974.241	46.12640
2976.301	42.21580
2978.341	39.98700
2980.421	41.63880
2982.502	41.90410
2984.582	46.15710
2986.622	43.35240
2988.723	43.66190
2990.855	44.32720
2992.873	39.95970
2994.913	39.16860
2996.957	42.36110
2999.017	45.12570
3001.098	42.64830
3003.137	43.48710
3005.156	44.66310
3007.211	40.97430
3009.219	43.57510
3011.310	41.68420
3013.370	41.14430
3015.409	43.56060
3017.448	42.81430
3019.550	44.48640
3021.589	42.38800
3023.654	42.56830
3025.693	42.90930
3027.774	41.99280
3029.813	42.90800
3031.853	43.64230
3033.892	45.62110
3035.972	43.32170
3038.058	39.35610
3040.175	41.40150
3042.235	44.59640
3044.300	45.97390
3046.318	41.98010
3048.404	42.65220
3050.423	44.90330
3052.550	42.60200
3054.594	41.89860
3056.706	41.30980
3058.766	41.93320
3060.826	42.94490
3062.870	41.35470
3064.909	44.73990
3066.985	45.97630
3069.050	43.67850
3071.110	40.79790
3073.170	41.32630
3075.250	45.65300
3077.351	42.89400
3079.411	43.41260
3081.492	43.97230
3083.531	41.09250
3085.632	41.60100
3087.692	41.55600
3089.752	41.62740
3091.853	42.36570
3093.893	45.19030
3095.958	46.58690
3097.997	42.91420
3100.078	38.99160
3102.138	39.28770
3104.161	43.35300
3106.201	46.22460
3108.271	45.44290
3110.316	43.71670
3112.417	40.89950
3114.477	40.10760
3116.557	39.70390
3118.576	44.79690
3120.636	45.14630
3122.655	43.61880
3124.720	44.02790
3126.738	42.93490
3128.840	41.07850
3130.899	38.41390
3132.980	40.89170
3135.061	47.03550
3137.100	44.01090
3139.139	42.46750
3141.240	43.22210
3143.300	42.17130
3145.422	38.93540
3147.482	42.72300
3149.542	45.64360
3151.581	45.13400
3153.641	42.89980
3155.686	42.31800
3157.766	42.32810
3159.826	42.25080
3161.907	43.25080
3163.987	44.86060
3166.027	41.81340
3168.097	41.35320
3170.198	42.21900
3172.258	42.38090
3174.380	41.52330
3176.419	40.51250
3178.479	44.48960
3180.539	43.75350
3182.599	45.80850
3184.638	44.63500
3186.698	42.75520
3188.758	40.82820
3190.818	38.82520
3192.862	43.10980
3194.922	46.05810
3196.962	46.25870
3199.006	45.81790
3201.081	40.65270
3203.126	39.20840
3205.165	39.93540
3207.205	42.56230
3209.244	43.54580
3211.288	43.44930
3213.348	44.28690
3215.367	44.02860
3217.448	42.61200
3219.487	39.60890
3221.506	40.77080
3223.586	41.75560
3225.667	44.24940
3227.686	43.05930
3229.802	45.71830
3231.883	43.14850
3233.943	41.82810
3236.033	41.32190
3238.078	42.63750
3240.133	45.41360
3242.177	45.38210
3244.237	42.77690
3246.318	44.93200
3248.398	41.03030
3250.458	40.81290
3252.498	39.78290
3254.537	43.01860
3256.617	44.40470
3258.657	44.88190
3260.722	43.17270
3262.761	43.38760
3264.821	41.62690
3266.881	40.70550
3268.920	41.31510
3271.021	43.59190
3273.066	42.93990
3275.100	45.32660
3277.140	45.95050
3279.163	42.32440
3281.223	40.92630
3283.304	41.36460
3285.348	42.55810
3287.465	45.52860
3289.597	44.49350
3291.667	44.77390
3293.686	42.06130
3295.756	40.65960
3297.790	40.58540
3299.892	42.78640
3301.951	46.68810
3304.089	46.43260
3306.107	42.18110
3308.147	44.16210
3310.171	42.13950
3312.231	41.35270
3314.249	41.68060
3316.294	43.78000
3318.354	45.04310
3320.414	42.64960
3322.494	43.03330
3324.533	43.08570
3326.593	41.17720
3328.653	42.14100
3330.713	43.40950
3332.737	45.91170
3334.823	45.18870
3336.883	45.50220
3339.005	40.74900
3341.044	39.58340
3343.063	43.91890
3345.107	44.50920
3347.188	44.29240
3349.227	43.78070
3351.302	44.46220
3353.367	42.88850
3355.474	39.93330
3357.539	41.04480
3359.578	41.31650
3361.618	45.18970
3363.677	47.38660
3365.758	41.96400
3367.818	42.80820
3369.857	41.82950
3371.897	40.05800
3373.982	43.70700
3376.022	44.85030
3378.061	43.43710
3380.198	45.63010
3382.222	41.84890
3384.282	41.32420
3386.321	39.25520
3388.381	42.76920
3390.441	44.83450
3392.481	44.80810
3394.540	45.19790
3396.585	42.49020
3398.650	41.00670
3400.689	41.13200
3402.749	43.13170
3404.789	43.03740
3406.849	45.24820
3408.908	46.30680
3411.030	44.93430
3413.090	44.90310
3415.181	41.72440
3417.272	42.47750
3419.311	41.97780
3421.371	42.40820
3423.431	44.39770
3425.491	44.55200
3427.551	44.87940
3429.611	41.80960
3431.655	41.02260
3433.695	42.19430
3435.734	45.18630
3437.773	45.54640
3439.854	45.47010
3441.940	41.99040
3443.979	43.79830
3446.018	40.68130
3448.099	40.34740
3450.143	43.31850
3452.219	45.32510
3454.263	44.76430
3456.302	48.89060
3458.342	40.42290
3460.422	40.34690
3462.462	38.85410
3464.506	43.66730
3466.582	45.50330
3468.647	46.92300
3470.665	45.95000
3472.725	43.63880
3474.796	37.91680
3476.819	40.63300
3478.879	40.78210
3480.960	45.15360
3482.979	45.21250
3485.039	45.37960
3487.083	45.21880
3489.164	37.87640
3491.182	39.59290
3493.263	41.29050
3495.323	44.10820
3497.383	46.94920
3499.422	47.33200
3501.482	41.42610
3503.542	39.59550
3505.607	39.17620
3507.667	43.48030
3509.706	45.03580
3511.746	44.03850
3513.785	43.27280
3515.824	42.50850
3517.864	41.17790
3519.960	40.19210
3522.040	43.74480
3524.121	42.74680
3526.181	44.33150
3528.261	46.31250
3530.301	46.67280
3532.381	44.84630
3534.462	39.82960
3536.542	40.08730
3538.633	41.48640
3540.693	48.33350
3542.753	46.31020
3544.772	43.98080
3546.852	42.58000
3548.876	39.77610
3550.915	41.88590
3552.955	42.42990
3555.066	43.85090
3557.126	45.92720
3559.186	46.70370
3561.231	41.75300
3563.290	38.36210
3565.371	39.53860
3567.431	39.99410
3569.470	45.65950
3571.551	47.24150
3573.652	45.47550
3575.712	43.92440
3577.772	41.76150
3579.811	39.26910
3581.871	41.62810
3583.910	43.77910
3586.032	44.59950
3588.092	47.27300
3590.152	45.82090
3592.263	41.55290
3594.323	38.41020
3596.363	39.73120
3598.464	41.96920
3600.503	46.18880
3602.563	45.76040
3604.623	43.80970
3606.647	45.06200
3608.727	42.78440
3610.767	38.68290
3612.806	38.82950
3614.845	42.68320
3616.885	46.31360
3618.940	45.74740
3621.000	43.17660
3623.080	41.26290
3625.099	39.82010
3627.179	42.47710
3629.219	43.32400
3631.299	43.51470
3633.339	44.09540
3635.383	42.32820
3637.422	43.46090
3639.441	40.33790
3641.563	41.71700
3643.623	42.25500
3645.642	41.62060
3647.707	46.12350
3649.859	43.84460
3651.960	44.30240
3654.031	42.33670
3656.101	39.12720
3658.181	42.22140
3660.262	46.00770
3662.342	45.20470
3664.402	45.96730
3666.442	42.17740
3668.481	42.22100
3670.505	39.24400
3672.524	40.20000
3674.625	44.88350
3676.685	45.85110
3678.822	45.87130
3680.846	42.11660
3682.926	41.36860
3684.986	40.99750
3687.067	40.96850
3689.106	44.71470
3691.146	44.28550
3693.169	44.16630
3695.286	42.40180
3697.336	43.69530
3699.411	41.82740
3701.471	42.06400
3703.510	42.77740
3705.550	44.86550
3707.630	44.33770
3709.742	44.93940
3711.791	44.66820
3713.815	41.35040
3715.860	41.07440
3717.956	43.31520
3720.016	42.35670
3722.096	45.41640
3724.135	40.53240
3726.201	43.53450
3728.240	41.89170
3730.320	42.11290
3732.380	42.46070
3734.420	44.04690
3736.500	42.13330
3738.581	45.04800
3740.620	44.82730
3742.680	41.69440
3744.719	38.57520
3746.764	42.29300
3748.803	44.07790
3750.884	41.28920
3752.923	45.24550
3754.983	43.67650
3757.022	44.86900
3759.082	41.12700
3761.147	40.72900
3763.207	40.21440
3765.226	44.22680
3767.327	46.04940
3769.464	45.59100
3771.493	42.90440
3773.538	42.88950
3775.680	42.34570
3777.740	41.48130
3779.779	42.73810
3781.824	42.72980
3783.925	44.58590
3785.985	43.56280
3788.066	43.06320
3790.105	44.35890
3792.165	43.03220
3794.204	44.18060
3796.244	42.66700
3798.309	41.99500
3800.405	43.19200
3802.485	44.09560
3804.524	42.10160
3806.569	43.94260
3808.649	41.25590
3810.751	45.24900
3812.826	44.88750
3814.829	41.28630
3816.869	42.04950
3818.929	43.81020
3820.973	43.04170
3822.992	43.61890
3825.072	43.28090
3827.132	44.76290
3829.213	43.50510
3831.252	43.09090
3833.333	43.51920
3835.393	40.59010
3837.494	42.55770
3839.574	43.37050
3841.634	43.28280
3843.674	44.00410
3845.733	45.51890
3847.793	44.13240
3849.833	43.24830
3851.893	39.73810
3853.937	44.10270
3855.977	44.26470
3858.036	44.64310
3860.055	44.15120
3862.136	42.03860
3864.216	42.84860
3866.266	40.60200
3868.331	44.44470
3870.370	46.71590
3872.492	43.62960
3874.531	42.90940
3876.571	42.89260
3878.631	42.18780
3880.711	41.23970
3882.771	43.36840
3884.847	45.45210
3886.906	42.66320
3888.966	45.83390
3891.109	42.04980
3893.148	42.94230
3895.187	40.50110
3897.314	40.72860
3899.354	43.21020
3901.372	43.95600
3903.396	45.33530
3905.456	46.80560
3907.537	41.50010
3909.597	40.49320
3911.636	40.59680
3913.660	42.96960
3915.730	42.18860
3917.790	47.43390
3919.871	45.82150
3921.931	45.68680
3923.975	42.82670
3926.035	39.29530
3928.095	41.55590
3930.134	42.83330
3932.225	42.77500
3934.285	46.15970
3936.366	43.12420
3938.425	41.63840
3940.506	43.13660
3942.545	39.55250
3944.585	41.79270
3946.645	45.97310
3948.730	44.36920
3950.806	43.27230
3952.871	41.34100
3954.977	42.22870
3957.052	41.03060
3959.118	42.35050
3961.177	45.62420
3963.196	43.53560
3965.277	44.86110
3967.337	41.92930
3969.438	42.30180
3971.477	43.04200
3973.516	43.29060
3975.561	45.19570
3977.621	44.48960
3979.660	45.19820
3981.772	40.65890
3983.811	39.36160
3985.850	41.12430
3987.952	43.15420
3989.991	42.12590
3992.015	46.57380
3994.075	46.23920
3996.093	43.80070
3998.174	41.03200
4000.234	40.12120
4002.294	43.59490
4004.354	44.32310
4006.450	44.64660
4008.530	43.39970
4010.570	41.99140
4012.619	40.60550
4014.659	44.04930
4016.796	42.79390
4018.835	43.03080
4020.936	46.16530
4022.996	44.50220
4025.066	41.80580
4027.111	41.45390
4029.191	40.73780
4031.231	44.56680
4033.291	44.77780
4035.351	42.99460
4037.390	41.43230
4039.450	43.56030
4041.489	43.96100
4043.570	42.57920
4045.594	41.32230
4047.654	42.31120
4049.693	43.33480
4051.753	43.87350
4053.813	46.06330
4055.837	44.69620
4057.881	39.66240
4059.915	40.46660
4062.017	42.17060
4064.076	47.45680
4066.136	47.06880
4068.176	42.49440
4070.236	41.53190
4072.342	42.23390
4074.443	41.34490
4076.482	42.34390
4078.584	44.72910
4080.623	43.61240
4082.667	44.62670
4084.707	43.32380
4086.808	43.22140
4088.847	41.07660
4090.887	45.40450
4092.967	43.24790
4095.006	42.48840
4097.087	43.07960
4099.147	45.66910
4101.171	44.97190
4103.287	41.64260
4105.332	40.67250
4107.428	38.45320
4109.514	43.91570
4111.573	44.38530
4113.613	45.02590
4115.693	43.68960
4117.753	44.70950
4119.793	39.29980
4121.853	38.54610
4123.912	40.13380
4125.993	47.16010
4128.053	46.84730
4130.128	43.17470
4132.137	40.32520
4134.197	38.50910
4136.267	39.15480
4138.342	45.35260
4140.423	47.89370
4142.467	42.28240
4144.548	44.98830
4146.608	42.80030
4148.647	38.91960
4150.686	40.86750
4152.746	41.04560
4154.827	43.25830
4156.866	46.66260
4158.926	45.22120
4160.986	42.38580
4163.067	41.90750
4165.147	40.66180
4167.212	42.02790
4169.272	42.84190
4171.291	43.59680
4173.372	46.08780
4175.411	45.24130
4177.471	40.46220
4179.510	41.11080
4181.549	40.42870
4183.630	41.40910
4185.690	43.13270
4187.714	46.63180
4189.836	46.41400
4191.911	40.08260
4193.971	40.30780
4196.021	41.02510
4198.091	41.76170
4200.151	46.06560
4202.211	46.49060
4204.271	43.69080
4206.331	43.38470
4208.375	38.45150
4210.414	42.58650
4212.454	42.91050
4214.519	42.66990
4216.558	45.23310
4218.618	46.13840
4220.657	46.12250
4222.676	41.01750
4224.757	39.59870
4226.817	41.32110
4228.851	45.08680
4230.926	43.09940
4232.981	43.54880
4235.020	43.43190
4237.080	43.98680
4239.140	42.67330
4241.159	44.11430
4243.183	41.67790
4245.222	42.78460
4247.282	41.69830
4249.321	41.42600
4251.361	47.00310
4253.421	42.47190
4255.491	39.35000
4257.592	42.42240
4259.729	42.76350
4261.769	43.78310
4263.829	43.52410
4265.909	43.98070
4267.954	41.56150
4269.972	40.75570
4272.073	38.39940
4274.113	44.28460
4276.193	46.74710
4278.294	45.26780
4280.334	43.74920
4282.414	40.33680
4284.495	40.02380
4286.575	41.22060
4288.620	44.15380
4290.659	46.38660
4292.699	44.59560
4294.800	43.83250
4296.839	43.63560
4298.920	39.53160
4301.000	42.37360
4303.039	42.54310
4305.120	45.36030
4307.159	46.12670
4309.219	42.69800
4311.279	42.92970
4313.421	43.63980
4315.502	43.07040
4317.588	41.09040
4319.612	41.21020
4321.672	44.57070
4323.716	43.26530
4325.755	46.33240
4327.795	41.25540
4329.844	40.45360
4331.884	42.11830
4333.985	44.30100
4336.050	41.06890
4338.105	45.71940
4340.165	45.85120
4342.225	44.70550
4344.269	41.87130
4346.350	40.09730
4348.389	41.07250
4350.469	43.74820
4352.529	43.61200
4354.651	44.79250
4356.711	44.69020
4358.750	41.79930
4360.790	44.11040
4362.829	42.23010
4364.910	40.08430
4366.970	45.03670
4369.014	44.55400
4371.182	44.30670
4373.263	43.71080
4375.302	40.21630
4377.362	38.07420
4379.422	40.37400
4381.461	45.43870
4383.526	44.46240
4385.566	47.06870
4387.605	30.49840
4389.665	17.11230
4391.745	7.137620
4393.826	4.947910
4395.886	4.202280
4397.946	7.041360
4399.990	6.803660
4402.050	3.407430
4404.110	1.253620
4406.129	0
4408.168	1.677150
4410.228	0
