Elapsed time [s]	Value [-1,361]
0.000	0
237.451	359.9960
239.603	326.2120
241.756	273.9200
243.906	222.4510
246.059	170.9910
248.209	119.4820
250.359	68.00930
252.512	15.74340
254.662	324.2480
256.812	272.7810
258.962	221.3130
261.112	169.8090
263.264	118.3390
265.414	66.06430
267.565	14.56740
269.715	323.1040
271.867	271.6220
274.017	220.1300
276.165	168.6670
278.317	117.1720
280.467	64.90280
282.620	13.43360
284.770	321.9490
286.920	270.4640
289.073	219.0120
291.225	166.7150
293.378	115.2380
295.528	63.77260
297.678	12.26730
299.831	320.7990
301.981	268.5290
304.131	217.0350
306.281	165.5650
308.431	114.0930
310.597	62.59350
312.734	11.13220
314.884	318.8560
317.034	267.3680
319.184	215.9050
321.334	164.4190
323.484	112.9370
325.637	61.46810
327.787	9.175780
329.937	317.7040
332.087	266.2330
334.237	214.7470
336.390	163.2610
338.553	111.7900
340.690	59.49840
342.840	8.031890
344.990	316.5570
347.140	265.0670
349.290	213.5880
351.445	162.1230
353.593	109.8320
355.743	58.36640
357.893	6.875240
360.043	315.4010
362.195	263.9190
364.345	212.4510
366.496	160.1560
368.646	108.6950
370.798	57.20490
372.948	5.726070
375.098	314.2570
377.248	262.7590
379.398	210.4890
381.551	159.0280
383.701	107.5280
385.851	56.05710
388.001	4.587010
390.151	312.2940
392.301	260.8220
394.451	209.3600
396.604	157.8480
398.754	106.3940
400.904	54.90700
403.054	3.414550
405.204	311.1560
407.357	259.6750
409.507	208.1880
411.657	156.7160
413.807	105.2300
415.957	52.95590
418.107	1.491060
420.257	309.9990
422.410	258.5140
424.560	207.0490
426.710	155.5540
428.860	104.0770
431.010	51.81860
433.163	0.3216800
435.313	308.8450
437.463	257.3830
439.613	205.8790
441.763	153.6090
443.913	102.1330
446.063	50.64080
448.216	359.1740
450.366	307.7000
452.516	256.2030
454.666	204.7370
456.816	152.4740
458.969	100.9800
461.119	49.51410
463.269	358.0250
465.419	306.5360
467.569	254.2790
469.722	202.7940
471.872	151.3030
474.022	99.84680
476.172	48.34640
478.322	356.8680
480.472	304.6070
482.622	253.1100
484.775	201.6360
486.925	150.1680
489.075	98.66950
491.225	47.20120
493.375	354.9350
495.527	303.4420
497.677	251.9680
499.828	200.5000
501.978	148.9990
504.130	97.53620
506.280	45.25620
508.428	353.7770
510.580	302.3000
512.730	250.8220
514.883	199.3270
517.031	147.8610
519.183	95.57050
521.333	44.10040
523.483	352.6300
525.633	301.1350
527.783	249.6640
529.936	198.1860
532.086	145.9060
534.241	94.44020
536.386	42.96230
538.536	351.4680
540.686	299.9890
542.836	248.5260
544.989	196.2240
547.139	144.7630
549.289	93.27700
551.439	41.79460
553.589	350.3240
555.742	298.8460
557.892	246.5560
560.042	195.0900
562.192	143.6040
564.342	92.12780
566.492	40.66080
568.642	349.1710
570.795	296.8900
572.945	245.4270
575.095	193.9320
577.245	142.4550
579.395	90.98700
581.548	39.48840
583.739	347.2180
585.848	295.7590
587.998	244.2520
590.151	192.7830
592.301	141.3070
594.451	89.81500
596.601	37.55300
598.751	346.0800
600.903	294.5840
603.054	243.1260
605.206	191.6280
607.356	139.3510
609.509	87.88890
611.659	36.39950
613.809	344.9150
615.964	293.4500
618.109	241.9560
620.262	189.6750
622.412	138.2200
624.562	86.71240
626.712	35.24630
628.862	343.7790
631.015	292.2750
633.165	240.0140
635.317	188.5430
637.467	137.0470
639.617	85.57870
641.767	34.11120
643.920	341.8200
646.070	290.3470
648.220	238.8740
650.370	187.3800
652.523	135.9070
654.673	84.42550
656.823	32.15210
658.978	340.6660
661.131	289.1950
663.281	237.7020
665.431	186.2340
667.584	133.9570
669.739	82.48450
671.884	31.01000
674.034	339.5160
676.184	288.0430
678.334	236.5760
680.484	184.2820
682.637	132.8050
684.787	81.33090
686.942	29.83930
689.087	338.3660
691.237	286.9000
693.389	234.6020
695.540	183.1420
697.690	131.6590
699.840	80.16770
701.992	28.70380
704.140	337.2180
706.290	284.9340
708.442	233.4770
710.592	181.9800
712.743	130.5030
714.893	79.03430
717.045	27.53920
719.195	335.2660
721.345	283.8070
723.495	232.3040
725.645	180.8300
727.798	129.3610
729.948	77.86710
732.098	25.60250
734.251	334.1270
736.401	282.6270
738.551	231.1640
740.701	179.6840
742.856	127.4030
745.011	75.93530
747.154	24.44990
749.304	332.9610
751.454	281.5000
753.607	230.0010
755.772	177.7280
757.907	126.2610
760.057	74.76640
762.207	23.28930
764.357	331.8260
766.507	280.3270
768.660	228.0600
770.810	176.5980
772.960	125.0980
775.110	73.62690
777.260	22.15630
779.412	330.6500
781.562	278.3950
783.713	226.9280
785.863	175.4300
788.015	123.9530
790.165	72.47720
792.313	20.97380
794.465	328.7210
796.615	277.2450
798.766	225.7480
800.916	174.2820
803.068	122.7950
805.218	71.31230
807.368	19.04940
809.518	327.5700
811.668	276.0800
813.821	224.6220
815.971	173.1280
818.121	121.6510
820.271	69.38700
822.421	17.88840
824.574	326.4120
826.724	274.9390
828.874	223.4430
831.024	171.9750
833.182	119.7070
835.327	68.21280
837.477	16.74670
839.629	325.2680
841.780	273.7740
843.930	221.5240
846.090	170.0320
848.240	118.5500
850.390	67.08080
852.540	15.58740
854.693	323.3170
856.843	271.8510
858.993	220.3550
861.143	168.8820
863.293	117.4060
865.446	65.12040
867.596	13.64630
869.746	322.1800
871.896	270.6740
874.046	219.2040
876.199	167.7350
878.349	115.4530
880.499	63.97600
882.649	12.49800
884.799	321.0080
886.949	269.5400
889.099	218.0600
891.252	165.7730
893.402	114.3000
895.554	62.82200
897.702	11.33610
899.852	319.8700
902.004	268.3680
904.154	216.1060
906.304	164.6390
908.455	113.1520
910.607	61.67110
912.757	10.20810
914.915	318.7020
917.057	266.4370
919.207	214.9750
921.357	163.4680
923.508	112.0010
925.660	60.52500
927.810	9.022410
929.960	316.7710
932.110	265.2910
934.260	213.7950
936.413	162.3270
938.563	110.8490
940.713	59.35830
942.863	7.104200
945.013	315.6220
947.163	264.1290
949.313	212.6630
951.466	161.1760
953.616	109.6930
955.766	57.43390
957.916	5.944040
960.069	314.4600
962.219	262.9980
964.369	211.4950
966.522	160.0180
968.672	107.7500
970.824	56.26230
972.972	4.792240
975.122	313.3180
977.274	261.8210
979.425	209.5660
981.575	158.0890
983.725	106.6050
985.877	55.13250
988.027	3.644380
990.177	312.1520
992.327	259.8970
994.480	208.4040
996.630	156.9240
998.780	105.4540
1000.935	53.96040
1003.096	1.697610
1005.236	310.2250
1007.386	258.7220
1009.536	207.2500
1011.688	155.7830
1013.836	104.2920
1015.988	52.02330
1018.138	0.5515140
1020.289	309.0540
1022.439	257.5910
1024.591	206.1150
1026.741	154.6180
1028.896	102.3530
1031.047	50.88080
1033.212	359.3890
1035.347	307.9150
1037.497	256.4350
1039.647	204.9440
1041.799	152.6870
1043.947	101.1980
1046.097	49.71620
1048.247	358.2500
1050.400	306.7490
1052.550	255.2850
1054.700	203.0230
1056.850	151.5220
1059.005	100.0490
1061.152	48.58240
1063.303	357.0780
1065.453	305.6090
1067.603	253.3430
1069.753	201.8400
1071.903	150.3800
1074.053	98.89940
1076.205	47.40560
1078.356	355.1440
1080.506	303.6680
1082.656	252.1750
1084.808	200.7020
1086.958	149.2270
1089.108	97.74320
1091.258	46.27620
1093.409	353.9880
1095.561	302.5080
1097.711	251.0440
1099.861	199.5530
1102.011	148.0640
1104.161	96.60670
1106.311	44.32020
1108.462	352.8380
1110.614	301.3730
1112.764	249.8700
1114.914	198.3950
1117.064	146.9300
1119.214	94.64720
1121.367	43.17410
1123.517	351.6970
1125.667	300.2040
1127.817	248.7370
1129.967	196.4620
1132.117	144.9690
1134.267	93.49760
1136.420	42.01520
1138.570	350.5310
1140.720	299.0640
1142.870	246.7730
1145.020	195.2970
1147.173	143.8370
1149.323	92.33610
1151.473	40.86560
1153.623	349.3920
1155.773	297.1000
1157.926	245.6360
1160.076	194.1620
1162.226	142.6650
1164.376	91.19440
1166.526	39.72170
1168.676	347.4310
1170.826	295.9650
1172.979	244.4890
1175.129	192.9970
1177.279	141.5190
1179.429	90.04260
1181.579	37.76310
1183.732	346.2890
1185.882	294.8060
1187.882	243.3220
1190.081	194.2370
1192.234	142.7440
1194.384	90.46890
1196.534	39.00230
1198.684	347.5040
1200.834	296.0360
1202.984	244.5530
1205.137	193.0720
1207.287	140.8020
1209.437	89.32900
1211.587	37.82770
1213.737	346.3610
1215.890	294.8840
1218.040	243.3940
1220.190	191.1360
1222.340	139.6500
1224.490	88.16880
1226.640	36.69390
1228.790	345.2030
1230.943	293.7290
1233.093	241.4630
1235.243	189.9760
1237.393	138.4890
1239.543	87.02620
1241.696	35.51840
1243.846	344.0570
1245.996	291.7930
1248.146	240.2910
1250.296	188.8180
1252.448	137.3590
1254.599	85.85380
1256.749	34.38760
1258.899	342.1260
1261.049	290.6210
1263.199	239.1560
1265.349	187.6840
1267.501	136.1810
1269.652	84.71870
1271.802	32.44440
1273.952	340.9510
1276.102	289.4800
1278.254	237.9960
1280.404	186.5100
1282.554	135.0510
1284.705	82.77450
1286.857	31.28510
1289.007	339.8180
1291.157	288.3190
1293.307	236.8440
1295.457	185.3860
1297.607	133.0890
1299.758	81.61440
1301.910	30.13990
1304.060	338.6500
1306.210	287.1800
1308.360	235.7090
1310.510	183.4160
1312.663	131.9430
1314.813	80.46610
1316.963	28.97580
1319.113	337.5050
1321.263	286.0240
1323.413	233.7480
1325.563	182.2790
1327.716	130.7980
1329.866	79.30680
1332.016	27.83890
1334.166	336.3550
1336.316	284.0790
1338.469	232.6070
1340.619	181.1170
1342.769	129.6310
1344.919	78.16550
1347.069	26.66820
1349.222	334.4100
1351.372	282.9320
1353.522	231.4430
1355.672	179.9610
1357.822	128.5020
1359.972	76.99970
1362.122	24.74560
1364.275	333.2590
1366.425	281.7750
1368.575	230.3030
1370.725	178.8210
1372.875	127.3270
1375.028	75.06960
1377.178	23.57230
1379.328	332.1050
1381.491	280.6310
1383.628	229.1410
1385.778	177.6600
1387.928	125.4070
1390.081	73.90420
1392.231	22.44290
1394.381	330.9560
1396.531	279.4650
1398.681	227.9870
1400.833	175.7290
1402.984	124.2300
1405.134	72.76770
1407.284	21.27880
1409.436	329.8000
1411.584	277.5380
1413.734	226.0490
1415.886	174.5550
1418.052	123.0900
1420.187	71.59700
1422.337	20.12650
1424.489	327.8620
1426.639	276.3740
1428.789	224.8930
1430.939	173.4270
1433.089	121.9340
1435.242	70.46370
1437.392	18.19250
1439.542	326.6930
1441.692	275.2230
1443.842	223.7570
1445.992	172.2470
1448.142	120.7860
1450.295	68.51950
1452.445	17.02710
1454.595	325.5540
1456.745	274.0760
1458.895	222.5780
1461.058	171.1180
1463.201	118.8520
1465.348	67.35500
1467.496	15.89150
1469.648	324.3990
1471.801	272.9120
1473.948	221.4510
1476.101	169.1640
1478.248	117.6830
1480.406	66.21860
1482.554	14.72390
1484.701	323.2430
1486.854	271.7860
1489.006	219.4910
1491.154	168.0110
1493.307	116.5460
1495.454	65.04390
1497.607	13.57650
1499.754	322.1060
1501.907	269.8260
1504.059	218.3480
1506.207	166.8760
1508.360	115.3810
1510.507	63.91360
1512.660	12.42380
1514.812	320.1480
1516.960	268.6800
1519.112	217.1900
1521.260	165.7070
1523.413	114.2350
1525.560	62.74120
1527.713	10.48800
1529.865	319.0050
1532.013	267.5090
1534.165	216.0310
1536.313	164.5700
1538.466	113.0760
1540.618	60.81020
1542.766	9.336180
1544.918	317.8420
1547.066	266.3710
1549.218	214.8990
1551.371	163.4010
1553.519	111.1370
1555.671	59.65750
1557.819	8.176900
1559.971	316.6980
1562.119	265.2230
1564.271	213.7240
1566.424	161.4750
1568.572	109.9810
1570.724	58.50530
1572.872	7.031250
1575.024	315.5420
1577.177	264.0670
1579.324	211.8100
1581.477	160.2980
1583.624	108.8290
1585.777	57.35960
1587.925	5.866700
1590.077	314.3910
1592.235	262.1310
1594.377	210.6260
1596.530	159.1710
1598.683	107.6750
1600.830	56.19770
1602.983	4.726320
1605.130	312.4490
1607.283	260.9630
1609.430	209.4920
1611.583	158.0040
1613.730	106.5320
1615.883	55.05640
1618.036	2.767240
1620.183	311.2910
1622.336	259.8310
1624.483	208.3280
1626.651	156.8540
1628.789	105.3870
1630.936	53.09740
1633.089	1.624660
1635.236	310.1550
1637.389	258.6510
1639.541	207.1850
1641.689	154.9240
1643.842	103.4300
1645.994	51.95830
1648.142	0.4768070
1650.294	308.9860
1652.447	257.5230
1654.594	205.2480
1656.747	153.7450
1658.895	102.2770
1661.047	50.79380
1663.200	359.3130
1665.347	307.8510
1667.500	255.5650
1669.647	204.0830
1671.800	152.6230
1673.948	101.1190
1676.100	49.65030
1678.253	358.1790
1680.400	305.8910
1682.553	254.4160
1684.700	202.9490
1686.853	151.4500
1689.006	99.97820
1691.158	48.50070
1693.306	356.2220
1695.453	304.7450
1697.606	253.2720
1699.789	201.7740
1701.906	150.3080
1704.059	98.82250
1706.206	46.54780
1708.359	355.0700
1710.506	303.5940
1712.659	252.1050
1714.812	200.6440
1716.959	149.1500
1719.112	96.88890
1721.259	45.40870
1723.412	353.9180
1725.564	302.4390
1727.712	250.9640
1729.865	199.4790
1732.012	147.2080
1734.165	95.72260
1736.312	44.23890
1738.465	352.7640
1740.617	301.3000
1742.765	249.7970
1744.918	197.5460
1747.065	146.0560
1749.218	94.58130
1751.370	43.10200
1753.528	351.6150
1755.670	300.1290
1757.818	247.8770
1759.971	196.3860
1762.123	144.9020
1764.271	93.43170
1766.423	41.93220
1768.571	350.4600
1770.723	298.2020
1772.871	246.7010
1775.023	195.2260
1777.176	143.7640
1779.324	92.25920
1781.476	40.79660
1783.624	348.5300
1785.879	297.0260
1787.929	245.5640
1790.076	194.0910
1792.229	142.5960
1794.377	90.32740
1796.529	38.85160
1798.677	347.3600
1800.829	295.8940
1802.982	244.3980
1805.129	192.9300
1807.282	141.4510
1809.430	89.17030
1811.582	37.68880
1813.730	346.2240
1815.882	294.7250
1818.035	243.2520
1820.182	191.7870
1822.335	139.4930
1824.483	88.02990
1826.635	36.55280
1828.788	345.0520
1830.935	293.5900
1833.088	242.1160
1835.235	189.8230
1837.388	138.3500
1839.541	86.87550
1841.688	35.37820
1843.841	343.9170
1845.993	291.6430
1848.141	240.1490
1850.294	188.6810
1852.441	137.2020
1854.599	85.71450
1856.741	34.25320
1858.894	342.7560
1861.046	290.4810
1863.194	239.0180
1865.347	187.5280
1867.494	136.0440
1869.647	84.57760
1871.799	32.28710
1873.947	340.8130
1876.099	289.3380
1878.247	237.8430
1880.400	186.3710
1882.552	134.9070
1884.700	82.62200
1886.852	31.14890
1889.000	339.6730
1891.152	288.1740
1893.310	236.7100
1895.453	185.2320
1897.605	132.9440
1899.753	81.47640
1901.905	29.98520
1904.053	338.5090
1906.205	287.0440
1908.358	235.5500
1910.506	183.2730
1912.658	131.8070
1914.806	80.31230
1916.958	28.84090
1919.106	337.3690
1921.274	285.8690
1923.411	233.6090
1925.559	182.1380
1927.711	130.6440
1929.859	79.17320
1932.011	27.69390
1934.164	336.2080
1936.311	283.9430
1938.464	232.4560
1940.611	180.9700
1942.764	129.4990
1944.912	78.01040
1947.064	26.52800
1949.217	334.2720
1951.370	282.7780
1953.517	231.3020
1955.670	179.8270
1957.822	128.3460
1959.970	76.07150
1962.122	24.60500
1964.270	333.1040
1966.422	281.6300
1968.575	230.1640
1970.723	178.6660
1972.875	127.1910
1975.023	74.92590
1977.175	23.42810
1979.323	331.9650
1981.475	280.4850
1983.628	228.9920
1985.776	176.7250
1987.928	125.2530
1990.076	73.76480
1992.228	22.30310
1994.381	330.8070
1996.528	279.3230
1998.681	227.8500
2000.829	175.5730
2002.981	124.0930
2005.129	72.62710
2007.281	21.12630
2009.434	329.6550
2011.581	277.3990
2013.734	225.8920
2015.882	174.4150
2018.034	122.9510
2020.187	71.44940
2022.334	19.98460
2024.487	328.5070
2026.634	276.2280
2028.787	224.7570
2030.935	173.2810
2033.087	121.7860
2035.240	70.32390
2037.398	18.04220
2039.540	326.5500
2041.687	275.0850
2043.840	223.6010
2045.993	172.1110
2048.140	120.6470
2050.293	68.36220
2052.440	16.89080
2054.593	325.4160
2056.746	273.9170
2058.893	222.4410
2061.046	170.9790
2063.193	118.6940
2065.346	67.21700
2067.498	15.75040
2069.646	324.2480
2071.799	272.7750
2073.946	221.3060
2076.099	169.0180
2078.251	117.5460
2080.399	66.06910
2082.551	14.57750
2084.699	323.1050
2086.852	271.6300
2088.999	219.3470
2091.152	167.8750
2093.304	116.3910
2095.452	64.90590
2097.610	13.44070
2099.752	321.9470
2101.905	269.6840
2104.052	218.2140
2106.205	166.7220
2108.357	115.2400
2110.505	63.77390
2112.657	12.27000
2114.805	320.0080
2116.958	268.5360
2119.110	217.0380
2121.258	165.5680
2123.410	114.0890
2125.563	62.59310
2127.710	10.34780
2129.858	318.8540
2132.010	267.3670
2134.163	215.8940
2136.311	164.4180
2138.463	112.9350
2140.611	60.67270
2142.763	9.176220
2144.916	317.7040
2147.063	266.2370
2149.216	214.7430
2151.364	163.2600
2153.516	110.9990
2155.664	59.50110
2157.816	8.036720
2159.969	316.5580
2162.116	265.0680
2164.269	213.5900
2166.432	161.3320
2168.569	109.8360
2170.722	58.36820
2172.874	6.885350
2175.022	315.3930
2177.169	263.9290
2179.322	211.6550
2181.475	160.1590
2183.622	108.6890
2185.775	57.20410
2187.927	5.723880
2190.075	314.2580
2192.222	261.9720
2194.375	210.4880
2196.528	159.0300
2198.675	107.5230
2200.828	56.05620
2202.980	4.590530
2205.128	312.2930
2207.281	260.8230
2209.428	209.3520
2211.581	157.8580
2213.733	106.3930
2215.881	54.91140
2218.033	2.617380
2220.181	311.1510
2222.334	259.6790
2224.481	208.1860
2226.634	156.7180
2228.786	105.2310
2230.934	52.95540
2233.086	1.484910
2235.234	309.9980
2237.387	258.5110
2239.539	207.0490
2241.687	155.5540
2243.839	103.2940
2245.987	51.82120
2248.139	0.3216800
2250.287	308.8460
2252.450	257.3760
2254.592	205.8810
2256.740	153.6120
2258.892	102.1370
2261.040	50.63950
2263.192	359.1720
2265.345	307.7080
2267.493	255.4130
2269.645	203.9480
2271.793	152.4740
2273.945	100.9780
2276.098	49.51270
2278.245	358.0260
2280.398	305.7500
2282.546	254.2820
2284.698	202.7990
2286.846	151.3130
2288.998	99.84460
2291.151	48.34340
2293.298	356.0800
2295.451	304.6080
2297.598	253.1160
2299.751	201.6350
2301.904	150.1720
2304.051	98.66560
2306.204	46.40890
2308.351	354.9300
2310.504	303.4400
2312.651	251.9650
2314.804	200.5010
2316.957	149.0030
2319.104	96.74600
2321.257	45.25970
2323.404	353.7740
2325.557	302.3050
2327.710	250.8130
2329.857	199.3380
2332.010	147.0720
2334.157	95.56960
2336.310	44.09380
2338.462	352.6270
2340.610	301.1430
2342.778	249.6570
2344.910	197.4080
2347.063	145.9010
2349.210	94.44290
2351.363	42.96010
2353.515	351.4630
2355.663	299.9930
2357.816	247.7330
2359.973	196.2350
2362.116	144.7650
2364.268	93.28010
2366.416	41.78980
2368.568	350.3240
2370.716	298.0510
2372.869	246.5580
2375.016	195.0910
2377.169	143.6080
2379.321	92.11860
2381.469	40.65910
2383.621	348.3770
2385.774	296.8880
2387.922	245.4270
2390.074	193.9350
2392.227	142.4590
2394.374	90.98880
2396.527	38.69170
2398.674	347.2200
2400.827	295.7500
2402.980	244.2480
2405.127	192.7840
2407.280	140.5240
2409.427	89.02490
2411.595	37.55480
2413.733	346.0790
2415.880	294.5840
2418.033	243.1170
2420.180	190.8500
2422.333	139.3480
2424.485	87.89190
2426.633	36.39590
2428.786	344.9140
2430.948	293.4520
2433.086	241.1670
2435.233	189.6850
2437.386	138.2170
2439.538	86.71820
2441.686	35.24330
2443.839	343.7780
2445.986	291.4900
2448.139	240.0090
2450.302	188.5460
2452.439	137.0490
2454.591	85.57600
2456.739	34.10600
2458.892	341.8250
2461.039	290.3450
2463.192	238.8740
2465.344	187.3830
2467.492	135.9080
2469.644	84.42330
2471.792	32.14380
2473.945	340.6760
2476.097	289.1860
2478.245	237.7060
2480.397	186.2330
2482.545	134.7500
2484.697	82.48620
2486.850	31.01090
2488.997	339.5180
2491.166	288.0340
2493.298	236.5760
2495.450	185.0770
2497.598	132.8040
2499.750	81.33350
2501.903	29.83540
2504.050	338.3690
2506.203	286.8990
2508.351	235.4010
2510.503	183.1350
2512.656	131.6560
2514.819	80.17080
2516.956	28.70420
2519.103	337.2220
2521.256	285.7280
2523.404	233.4730
2525.556	181.9840
2527.709	130.5040
2529.856	79.03430
2532.009	27.53700
2534.156	336.0660
2536.309	283.8110
2538.462	232.3000
2540.609	180.8320
2542.762	129.3570
2544.914	77.86140
2547.067	26.38920
2549.209	334.1310
2551.362	282.6270
2553.515	231.1670
2555.662	179.6820
2557.815	128.2010
2559.967	76.72940
2562.115	24.45340
2564.273	332.9600
2566.415	281.4940
2568.568	230.0110
2570.720	178.5250
2572.868	127.0560
2575.020	74.76680
2577.168	23.29150
2579.321	331.8280
2581.473	280.3280
2583.621	228.8520
2585.773	177.3830
2587.921	125.0970
2590.073	73.62690
2592.221	22.16470
2594.374	330.6590
2596.526	279.1840
2598.674	227.7080
2600.831	175.4260
2602.974	123.9570
2605.126	72.47720
2607.279	20.98130
2609.427	329.5160
2611.579	278.0350
2613.727	225.7490
2615.879	174.2770
2618.027	122.7930
2620.179	71.30920
2622.332	19.85230
2624.480	328.3540
2626.632	276.0900
2628.780	224.6220
2630.932	173.1270
2633.085	121.6490
2635.232	70.18730
2637.385	18.68330
2639.533	326.4110
2641.685	274.9450
2643.833	223.4470
2645.985	171.9730
2648.138	120.5000
2650.285	68.21500
2652.438	16.74930
2654.585	325.2670
2656.738	273.7730
2658.891	222.3030
2661.038	170.8250
2663.191	119.3400
2665.338	67.07990
2667.491	15.59270
2669.638	324.1110
2671.791	272.6390
2673.944	221.1490
2676.091	168.8780
2678.244	117.4120
2680.391	65.91490
2682.544	14.43960
2684.697	322.9660
2686.844	271.4770
2688.997	219.9950
2691.144	167.7370
2693.297	116.2400
2695.449	64.77320
2697.597	13.29790
2699.750	321.7990
2701.897	269.5460
2704.050	218.0650
2706.202	166.5760
2708.350	115.1030
2710.502	63.61740
2712.650	12.13110
2714.803	319.8720
2716.950	268.3810
2719.103	216.8960
2721.255	165.4330
2723.403	113.9330
2725.555	62.45730
2727.703	10.20670
2729.856	318.7000
2732.008	267.2270
2734.156	215.7570
2736.308	164.2660
2738.456	112.7970
2740.608	60.52630
2742.756	9.024610
2744.909	317.5600
2747.061	266.0900
2749.219	214.5970
2751.361	163.1220
2753.509	110.8490
2755.661	59.36050
2757.809	7.897850
2759.962	316.4020
2762.114	264.9250
2764.262	213.4520
2766.414	161.1760
2768.562	109.6970
2770.714	58.23190
2772.867	6.731540
2775.015	315.2570
2777.167	263.7880
2779.315	211.4960
2781.467	160.0210
2783.620	108.5480
2785.767	57.04940
2787.920	5.585890
2790.068	314.1150
2792.220	261.8200
2794.373	210.3500
2796.556	158.8830
2798.673	107.3820
2800.826	55.92170
2802.973	4.439360
2805.121	312.1510
2807.273	260.6880
2809.426	209.1990
2811.573	157.7170
2813.736	106.2530
2815.879	54.74840
2818.026	2.478080
2820.179	311.0150
2822.326	259.5240
2824.479	208.0450
2826.631	156.5790
2828.779	105.0750
2830.932	52.81830
2833.079	1.340770
2835.232	309.8450
2837.379	258.3700
2839.532	206.9050
2841.684	155.4090
2843.832	103.1550
2845.984	51.67570
2848.132	0.1771000
2850.285	308.7110
2852.437	257.2250
2854.585	205.7390
2856.737	153.4750
2858.885	101.9820
2861.037	50.49580
2863.185	359.0360
2865.338	307.5500
2867.490	256.0650
2869.638	203.8130
2871.790	152.3150
2873.938	100.8410
2876.090	49.37120
2878.243	357.8710
2880.391	306.3970
2882.543	254.1380
2884.691	202.6490
2886.843	151.1680
2888.991	99.69570
2891.143	48.19310
2893.296	356.7270
2895.444	304.4560
2897.596	252.9720
2899.744	201.4990
2901.896	150.0190
2904.049	98.52230
2906.196	47.06320
2908.349	354.7760
2910.497	303.3000
2912.649	251.8260
2914.802	200.3460
2916.949	148.8640
2919.112	97.40040
2921.249	45.10240
2923.402	353.6320
2925.550	302.1630
2927.702	250.6610
2929.855	199.1950
2932.007	146.9320
2934.155	95.42290
2936.302	43.95940
2938.455	352.4820
2940.608	300.9980
2942.755	249.5210
2944.908	198.0400
2947.055	145.7590
2949.208	94.30400
2951.361	42.80270
2953.518	351.3200
2955.661	299.8540
2957.808	247.5750
2959.961	196.0980
2962.108	144.6280
2964.276	93.11920
2966.414	41.65050
2968.561	350.1820
2970.714	298.6890
2972.861	246.4160
2975.014	194.9520
2977.166	143.4560
2979.314	91.98190
2981.467	40.51050
2983.614	348.2280
2985.767	296.7510
2987.914	245.2800
2990.067	193.7900
2992.219	142.3220
2994.367	90.83670
2996.520	38.54660
2998.672	347.0800
3000.820	295.5940
3002.972	244.1110
3005.120	192.6440
3007.272	141.1530
3009.420	88.88950
3011.572	37.41900
3013.725	345.9260
3015.873	294.4450
3018.025	242.9820
3020.173	191.4830
3022.325	139.2110
3024.473	87.74740
3026.625	36.24350
3028.778	344.7760
3030.926	293.3070
3033.078	241.8100
3035.226	189.5470
3037.378	138.0690
3039.531	86.57050
3041.678	35.10830
3043.831	343.6280
3045.979	292.1350
3048.162	239.8750
3050.279	188.3940
3052.431	136.9100
3054.584	85.44070
3056.731	33.94600
3058.884	342.4730
3061.032	290.2100
3063.184	238.7160
3065.337	187.2420
3067.484	135.7690
3069.637	84.26950
3071.784	32.79110
3073.937	340.5340
3076.085	289.0380
3078.237	237.5690
3080.390	186.0860
3082.537	134.6010
3084.690	83.12960
3086.843	30.85930
3088.995	339.3740
3091.143	287.8960
3093.295	236.4230
3095.443	184.9370
3097.595	132.6690
3099.748	81.17400
3101.896	29.69870
3104.048	338.2310
3106.201	286.7430
3108.348	235.2610
3110.496	183.7950
3112.648	131.5000
3114.801	80.03410
3116.949	28.56620
3119.101	337.0700
3121.249	285.5890
3123.401	233.3320
3125.554	181.8360
3127.701	130.3710
3129.854	78.88710
3132.002	27.39020
3134.154	335.9220
3136.302	283.6610
3138.454	232.1550
3140.607	180.6900
3142.754	129.2000
3144.907	77.72170
3147.055	26.25120
3149.207	333.9730
3151.360	282.4890
3153.507	231.0310
3155.660	179.5270
3157.813	128.0630
3159.960	76.58880
3162.108	24.29380
3164.260	332.8210
3166.413	281.3550
3168.560	229.8590
3170.713	178.3830
3172.866	126.9080
3175.013	74.61740
3177.166	23.15480
3179.313	331.6790
3181.466	280.1820
3183.618	228.7130
3185.771	177.2260
3187.919	124.9530
3190.066	73.48840
3192.219	22.00690
3194.366	330.5180
3196.519	279.0480
3198.671	227.5480
3200.824	175.2850
3202.971	123.8220
3205.119	72.32260
3207.272	20.84330
3209.424	329.3750
3211.572	277.8820
3213.724	225.6120
3215.872	174.1390
3218.024	122.6420
3220.177	71.17340
3222.325	19.70950
3224.477	328.2040
3226.625	275.9510
3228.777	224.4780
3230.925	172.9850
3233.077	121.5130
3235.230	70.03300
3237.378	18.54140
3239.530	326.2750
3241.678	274.7940
3243.830	223.3050
3245.983	171.8360
3248.130	120.3400
3250.283	68.86010
3252.446	16.61350
3254.583	325.1140
3256.731	273.6330
3258.883	222.1650
3261.036	170.6700
3263.183	119.2030
3265.352	66.93660
3267.484	15.44110
3269.636	323.9690
3271.789	272.4970
3273.936	221.0010
3276.089	169.5300
3278.236	117.2570
3280.389	65.77210
3282.537	14.30020
3284.689	322.8170
3286.842	271.3360
3288.989	219.8580
3291.142	167.5840
3293.289	116.1050
3295.442	64.63480
3297.595	13.14540
3299.742	321.6600
3301.895	270.1960
3304.042	217.9050
3306.200	166.4360
3308.348	114.9590
3310.495	63.46540
3312.648	11.99140
3314.795	320.5230
3316.948	268.2280
3319.100	216.7620
3321.248	165.2840
3323.401	113.7900
3325.548	62.32100
3327.701	10.84920
3329.853	318.5590
3332.001	267.0950
3334.153	215.6020
3336.301	164.1300
3338.454	112.6610
3340.601	61.17010
3342.754	8.884860
3344.906	317.4230
3347.054	265.9330
3349.206	214.4590
3351.354	162.9830
3353.507	111.4910
3355.654	59.22200
3357.807	7.758540
3359.959	316.2530
3362.107	264.7860
3364.259	213.3110
3366.407	161.0270
3368.559	109.5620
3370.712	58.08430
3372.860	6.586960
3375.012	315.1200
3377.160	263.6330
3379.312	211.3550
3381.460	159.8820
3383.612	108.3910
3385.765	56.90960
3387.913	5.447020
3390.070	313.9570
3392.213	262.4790
3394.365	210.2150
3396.518	158.7290
3398.665	107.2430
3400.818	55.78420
3402.966	4.282470
3405.118	312.8080
3407.266	260.5470
3409.418	209.0500
3411.571	157.5760
3413.724	106.1060
3415.871	54.60470
3418.024	2.344040
3420.176	310.8700
3422.344	259.3800
3424.476	207.9070
3426.624	156.4240
3428.777	104.9310
3430.929	52.68120
3433.077	1.188720
3435.229	309.7060
3437.377	258.2320
3439.555	206.7490
3441.677	155.2710
3443.830	103.0170
3445.982	51.51620
3448.130	3.69141E-2
3450.282	308.5750
3452.430	257.0710
3454.588	205.6050
3456.735	153.3330
3458.883	101.8320
3461.035	50.35910
3463.183	358.8940
3465.335	307.4010
3467.483	255.9270
3469.656	203.6610
3471.788	152.1730
3473.936	100.7060
3476.088	49.21830
3478.236	357.7310
3480.388	306.2610
3482.541	253.9820
3484.688	202.5100
3486.841	151.0320
3488.989	99.53790
3491.141	48.05550
3493.289	356.5900
3495.441	304.3000
3497.594	252.8310
3499.741	201.3560
3501.894	149.8660
3504.042	98.38480
3506.194	46.13030
3508.347	354.6330
3510.494	303.1650
3512.647	251.6810
3514.800	200.1990
3516.952	148.7270
3519.100	96.45070
3521.247	44.95560
3523.400	353.4930
3525.552	302.0060
3527.700	250.5230
3529.853	199.0540
3532.000	146.7760
3534.153	95.28880
3536.305	43.82490
3538.453	352.3270
3540.605	300.8580
3542.753	249.3840
3544.906	197.1000
3547.053	145.6180
3549.206	94.15990
3551.358	42.65330
3553.506	351.1820
3555.658	299.7080
3557.826	247.4260
3559.958	195.9590
3562.106	144.4790
3564.259	92.97550
3566.411	41.51560
3568.559	350.0330
3570.711	297.7510
3572.859	246.2790
3575.011	194.7960
3577.164	143.3150
3579.312	91.84880
3581.464	40.35280
3583.612	348.0880
3585.764	296.6170
3587.912	245.1260
3590.064	193.6520
3592.217	142.1820
3594.365	90.68200
3596.517	38.40690
3598.665	346.9430
3600.817	295.4440
3602.970	243.9730
3605.117	192.4970
3607.280	141.0050
3609.418	88.75150
3611.591	37.27530
3613.723	345.7790
3615.870	294.3060
3618.023	242.8260
3620.170	191.3410
3622.323	139.0730
3624.471	87.59000
3626.623	36.10110
3628.776	344.6390
3630.923	293.1500
3633.076	241.6700
3635.223	189.4060
3637.376	137.9150
3639.529	86.43080
3641.676	34.97340
3643.829	343.4760
3645.976	291.9960
3648.129	239.7310
3650.282	188.2440
3652.429	136.7730
3654.582	85.29610
3656.729	33.79660
3658.882	342.3310
3661.034	290.0620
3663.182	238.5730
3665.335	187.1000
3667.482	135.6170
3669.635	84.12670
3671.798	32.65930
3673.935	340.3790
3676.087	288.8990
3678.235	237.4340
3680.388	185.9340
3682.540	134.4650
3684.693	82.99690
3686.835	30.70460
3688.988	339.2350
3691.140	287.7570
3693.288	236.2710
3695.441	184.7970
3697.588	133.3240
3699.741	81.02240
3701.888	29.56160
3704.041	338.0850
3706.193	286.5990
3708.341	235.1240
3710.494	183.6450
3712.641	131.3590
3714.794	79.89700
3716.951	28.40890
3719.094	336.9270
3721.246	285.4530
3723.394	233.9620
3725.546	181.6960
3727.699	130.2330
3729.847	78.72930
3731.999	27.24790
3734.147	335.7820
3736.299	284.2880
3738.452	232.0170
3740.599	180.5470
3742.752	129.0470
3744.900	77.58190
3747.052	26.11010
3749.200	334.6150
3751.352	282.3550
3753.505	230.8860
3755.652	179.3860
3757.805	127.9250
3759.953	76.43800
3762.105	24.95080
3764.258	332.6840
3766.405	281.2010
3768.558	229.7190
3770.705	178.2440
3772.858	126.7480
3775.006	75.27480
3777.158	23.01720
3779.311	331.5210
3781.458	280.0430
3783.611	228.5750
3785.758	177.0710
3787.916	124.8170
3790.064	73.35090
3792.211	21.85000
3794.364	330.3790
3796.516	278.9020
3798.664	227.4070
3800.817	175.9450
3802.964	123.6740
3805.117	72.17750
3807.264	20.71010
3809.417	329.2220
3811.569	277.7400
3813.717	225.4750
3815.870	173.9890
3818.017	122.5020
3820.170	71.03890
3822.322	19.55300
3824.470	328.0680
3826.622	275.8100
3828.770	224.3200
3830.923	172.8440
3833.075	121.3750
3835.228	69.87570
3837.375	18.39900
3839.523	326.1360
3841.675	274.6450
3843.823	223.1650
3845.976	171.6930
3848.128	120.1920
3850.276	68.72610
3852.428	16.46190
3854.576	324.9730
3856.728	273.4960
3858.881	222.0100
3861.034	170.5270
3863.181	119.0660
3865.334	66.78060
3867.481	15.30180
3869.634	323.8300
3871.787	272.3420
3873.934	220.8640
3876.087	169.3920
3878.234	117.0980
3880.387	65.63410
3882.539	14.16620
3884.687	322.6640
3886.840	271.1950
3888.987	219.7180
3891.140	167.4330
3893.318	115.9660
3895.440	64.48890
3897.592	12.99860
3899.740	321.5230
3901.893	270.0480
3904.040	217.7590
3906.193	166.2940
3908.345	114.8000
3910.493	63.32480
3912.645	11.85340
3914.793	320.3670
3916.945	268.0910
3919.098	216.6220
3921.246	165.1310
3923.398	113.6520
3925.546	62.18260
3927.698	9.898680
3929.846	318.4190
3931.998	266.9570
3934.151	215.4500
3936.299	163.9880
3938.451	112.5130
3940.599	61.02250
3942.751	8.746870
3944.914	317.2750
3947.051	265.7890
3949.204	214.3220
3951.352	162.8270
3953.504	110.5450
3955.652	59.08580
3957.804	7.600780
3959.957	316.1150
3962.104	264.6460
3964.257	213.1510
3966.405	161.6790
3968.557	109.4250
3970.710	57.92520
3972.857	6.446780
3975.010	314.9830
3977.157	263.4790
3979.310	211.2160
3981.468	159.7410
3983.610	108.2380
3985.763	56.76940
3987.910	5.300680
3990.063	313.8070
3992.210	261.5430
3994.363	210.0690
3996.516	158.5810
3998.663	107.1100
4000.816	55.63080
4002.963	4.140530
4005.116	311.8760
4007.269	260.3950
4009.416	208.9100
4011.569	157.4390
4013.716	105.9470
4015.869	54.46490
4018.021	2.207810
4020.169	310.7140
4022.322	259.2390
4024.469	207.7680
4026.622	156.2720
4028.769	104.7930
4030.922	52.54060
4033.074	1.041060
4035.222	309.5710
4037.375	258.0860
4039.522	206.6010
4041.675	155.1310
4043.827	102.8610
4045.975	51.36940
4048.127	359.8980
4050.275	308.4230
4052.428	256.9280
4054.575	205.4670
4056.728	153.1790
4058.880	101.6930
4061.028	50.22770
4063.180	358.7410
4065.328	307.2650
4067.481	255.7930
4069.633	203.5070
4071.781	152.0310
4073.933	100.5680
4076.081	49.06890
4078.233	357.5910
4080.381	306.1170
4082.533	253.8310
4084.686	202.3710
4086.834	150.8850
4088.986	99.38940
4091.134	47.91620
4093.286	356.4410
4095.439	304.1580
4097.586	252.6920
4099.739	201.1990
4101.887	149.7310
4104.039	98.25030
4106.187	46.76840
4108.339	354.4920
4110.492	303.0270
4112.645	251.5280
4114.792	200.0610
4116.940	148.5860
4119.092	97.09980
4121.245	44.81630
4123.392	353.3550
4125.545	301.8540
4127.692	250.3840
4129.845	198.9070
4131.998	147.4140
4134.145	95.15260
4136.298	43.67810
4138.450	352.1840
4140.598	300.7180
4142.745	249.2300
4144.898	197.7530
4147.051	145.4820
4149.198	94.00390
4151.351	42.51400
4153.503	351.0470
4155.651	299.5530
4157.804	248.0820
4159.951	195.8200
4162.104	144.3190
4164.256	92.83710
4166.404	41.37540
4168.562	349.8810
4170.704	298.4080
4172.857	246.1380
4175.004	194.6430
4177.167	143.1780
4179.309	91.70510
4181.457	40.20470
4183.609	348.7390
4185.757	296.4690
4187.910	244.9810
4190.062	193.5150
4192.210	142.0250
4194.362	90.54100
4196.510	39.07180
4198.662	346.7920
4200.810	295.3030
4202.963	243.8410
4205.115	192.3400
4207.263	140.8670
4209.415	89.39580
4211.563	37.11970
4213.721	345.6380
4215.868	294.1660
4218.016	242.6740
4220.168	191.2040
4222.316	138.9290
4224.468	87.44060
4226.616	35.96400
4228.768	344.4970
4230.921	293.0020
4233.068	241.5330
4235.221	189.2560
4237.369	137.7700
4239.521	86.29890
4241.674	34.82050
4243.821	343.3320
4245.974	291.8610
4248.121	239.5770
4250.336	188.1070
4252.427	136.6370
4254.574	85.14270
4256.727	33.65600
4258.874	342.1940
4261.027	289.9060
4263.174	238.4310
4265.327	186.9590
4267.480	135.4620
4269.627	83.98830
4271.790	32.52170
4273.927	340.2290
4276.080	288.7610
4278.233	237.2870
4280.380	185.7920
4282.538	134.3270
4284.680	82.84790
4286.833	30.56180
4288.985	339.0970
4291.133	287.6040
4293.286	236.1290
4295.433	184.6560
4297.586	133.1660
4299.733	80.88440
4301.886	29.42580
4304.038	337.9320
4306.186	286.4620
4308.339	234.9830
4310.486	183.4880
4312.639	131.2220
4314.791	79.75990
4316.939	28.26210
4319.091	336.7850
4321.239	285.3080
4323.392	233.8130
4325.539	181.5570
4327.692	130.0840
4329.844	78.58650
4331.992	27.11070
4334.144	335.6310
4336.292	284.1460
4338.445	231.8810
4340.597	180.3920
4342.760	128.9070
4344.897	77.44660
4347.045	25.95320
4349.197	334.4770
4351.350	282.2190
4353.498	230.7260
4355.650	179.2490
4357.808	127.7850
4359.950	76.28380
4362.098	24.81330
4364.250	332.5450
4366.403	281.0500
4368.551	229.5780
4370.713	178.0990
4372.851	126.6010
4375.003	75.13640
4377.156	22.87350
4379.303	331.3770
4381.456	279.9070
4383.604	228.4190
4385.756	176.9330
4387.904	125.4740
4390.056	73.19530
4392.209	21.71030
4394.362	0
4407.262	11.42050
4409.415	20.00040
4413.776	20.12740
4415.929	23.00010
4420.239	23.09990
4422.392	23.99990
4433.145	38.01840
4435.298	90.05050
4437.450	114.0010
4446.050	115.5480
4448.203	116.0000
4452.617	115.0000
4465.517	113.0080
4467.670	67.95790
4469.822	16.55380
4471.970	0
