Elapsed time [s]	Value [1E-13,.1]
0.000	1.11441E-7
3.035	1.09963E-7
7.057	1.09654E-7
9.068	1.09963E-7
13.088	1.09654E-7
15.101	1.09963E-7
21.132	1.09654E-7
23.143	1.10351E-7
25.151	1.13974E-7
27.165	1.20059E-7
29.173	1.20480E-7
31.184	1.20059E-7
45.259	1.21673E-7
47.270	1.20480E-7
49.281	1.22016E-7
51.294	1.21673E-7
55.314	1.20059E-7
57.325	1.21673E-7
69.399	1.22016E-7
73.418	1.21673E-7
81.462	1.20059E-7
83.471	1.22016E-7
85.482	1.21673E-7
87.490	1.22016E-7
89.504	1.21673E-7
97.543	1.22016E-7
99.556	1.21673E-7
105.589	1.22016E-7
107.618	1.21673E-7
109.611	1.22016E-7
115.642	1.21673E-7
123.683	1.23221E-7
125.694	1.22788E-7
127.705	1.23221E-7
129.716	1.24878E-7
131.727	1.23221E-7
139.779	1.24878E-7
145.807	1.26466E-7
149.826	1.28167E-7
151.837	1.29797E-7
153.848	1.31083E-7
155.859	1.31542E-7
157.868	1.32750E-7
159.881	1.35007E-7
161.900	1.38566E-7
163.901	1.40328E-7
165.912	1.41715E-7
167.920	1.45447E-7
169.931	1.47301E-7
171.942	1.51180E-7
173.953	1.53213E-7
175.964	1.56695E-7
177.973	1.59249E-7
179.984	1.62984E-7
181.995	1.65061E-7
184.003	1.68933E-7
186.017	1.71686E-7
188.028	1.73383E-7
190.039	1.78450E-7
192.050	1.80849E-7
194.058	1.82636E-7
196.069	1.87450E-7
198.080	1.89835E-7
200.089	1.92387E-7
202.100	1.94834E-7
206.119	1.97454E-7
208.130	1.99966E-7
210.139	2.01942E-7
212.150	2.05232E-7
216.172	2.07992E-7
220.191	2.09902E-7
222.202	2.09313E-7
224.211	2.12724E-7
228.230	2.15430E-7
234.263	2.18326E-7
240.291	2.17558E-7
242.302	2.18326E-7
248.335	2.15430E-7
252.357	2.11976E-7
254.365	2.12724E-7
256.379	2.09902E-7
260.399	2.07265E-7
264.418	2.04515E-7
266.429	2.01942E-7
270.451	1.99267E-7
274.473	1.97454E-7
278.495	1.94149E-7
282.515	1.92387E-7
284.523	1.89835E-7
288.560	1.87450E-7
290.556	1.87977E-7
292.564	1.87450E-7
294.578	1.84963E-7
296.589	1.82636E-7
298.600	1.83149E-7
302.625	1.80849E-7
306.644	1.80217E-7
308.658	1.77949E-7
312.677	1.76208E-7
318.710	1.73870E-7
324.741	1.71686E-7
330.771	1.69409E-7
338.810	1.71686E-7
340.821	1.89835E-7
342.835	2.69567E-7
344.846	3.85484E-7
346.857	5.31835E-7
348.868	6.91699E-7
350.879	7.82757E-7
352.890	6.29531E-7
354.901	7.28613E-7
356.912	1.10840E-6
358.923	8.40925E-7
360.934	6.09518E-7
362.945	1.33339E-6
364.966	7.62671E-7
366.967	7.40486E-7
368.975	1.83319E-6
370.986	5.09878E-7
372.997	1.22213E-6
375.008	1.15207E-6
377.019	6.87332E-7
379.030	1.82805E-6
381.041	5.54736E-7
383.050	1.00172E-6
385.061	1.69086E-6
387.069	5.85999E-7
389.080	1.58390E-6
391.091	7.09916E-7
393.102	8.57032E-7
395.113	1.86964E-6
397.122	6.15541E-7
399.135	1.26584E-6
401.146	1.07996E-6
403.157	7.92733E-7
405.168	2.12319E-6
407.179	8.03373E-7
409.190	7.19460E-7
411.204	6.17272E-7
413.215	5.70948E-7
415.226	5.24779E-7
417.237	5.08085E-7
419.248	5.21467E-7
421.262	5.35213E-7
431.319	5.37089E-7
433.333	5.28478E-7
435.344	5.33331E-7
437.355	5.28478E-7
439.366	5.35213E-7
441.377	5.37089E-7
443.388	5.35213E-7
447.412	5.28478E-7
451.447	5.35213E-7
453.458	5.37089E-7
455.469	5.35213E-7
457.478	5.37089E-7
461.500	5.35213E-7
463.521	5.28478E-7
469.544	5.35213E-7
473.563	5.28478E-7
477.583	5.29964E-7
479.594	5.28478E-7
481.605	5.29964E-7
483.616	5.28478E-7
495.682	5.29964E-7
497.690	5.28478E-7
499.701	5.35213E-7
501.710	5.29964E-7
505.732	5.35213E-7
507.740	5.28478E-7
511.762	5.29964E-7
513.773	5.28478E-7
515.782	5.35213E-7
519.806	5.37089E-7
521.820	5.28478E-7
523.828	5.35213E-7
525.839	5.28478E-7
527.850	5.35213E-7
529.861	5.37089E-7
531.872	5.35213E-7
533.883	5.42022E-7
535.894	5.35213E-7
539.919	5.37089E-7
541.927	5.35213E-7
543.938	5.42022E-7
549.969	5.43935E-7
553.988	5.42022E-7
555.999	5.49309E-7
558.010	5.42022E-7
560.021	5.49309E-7
570.074	5.56297E-7
576.102	5.63776E-7
578.121	5.70948E-7
580.132	5.56297E-7
582.143	5.63776E-7
586.165	5.56297E-7
594.204	5.49309E-7
596.217	5.56297E-7
598.228	5.49309E-7
600.239	5.42022E-7
602.250	5.49309E-7
608.281	5.42022E-7
610.289	5.49309E-7
614.311	5.42022E-7
616.322	5.49309E-7
618.333	5.42022E-7
620.342	5.43935E-7
622.353	5.51235E-7
624.366	5.42022E-7
630.397	5.43935E-7
632.408	5.42022E-7
636.427	5.43935E-7
638.441	5.42022E-7
646.482	5.40501E-7
648.493	5.56297E-7
650.504	5.63776E-7
652.513	5.65766E-7
654.524	5.63776E-7
660.554	5.58260E-7
662.562	5.54736E-7
664.576	5.63776E-7
670.604	5.56297E-7
684.676	5.54736E-7
686.684	5.56297E-7
716.847	5.47377E-7
718.855	5.49309E-7
732.927	5.47377E-7
734.941	5.49309E-7
742.982	5.51235E-7
747.002	5.42022E-7
751.024	5.49309E-7
753.035	5.51235E-7
755.048	5.49309E-7
763.090	5.42022E-7
765.098	5.43935E-7
769.123	5.49309E-7
773.142	5.42022E-7
779.173	5.43935E-7
781.184	5.42022E-7
789.225	5.43935E-7
793.247	5.42022E-7
797.280	5.43935E-7
799.278	5.42022E-7
801.289	5.43935E-7
803.300	5.42022E-7
807.319	5.37089E-7
809.328	5.42022E-7
811.339	5.40501E-7
813.350	5.35213E-7
815.361	5.42022E-7
821.391	5.37089E-7
823.402	5.35213E-7
825.421	5.37089E-7
827.424	5.35213E-7
849.551	5.37089E-7
853.573	5.35213E-7
855.581	5.37089E-7
857.592	5.35213E-7
859.603	5.37089E-7
861.614	5.35213E-7
863.625	5.37089E-7
865.636	5.35213E-7
867.647	5.28478E-7
869.658	5.29964E-7
871.669	5.28478E-7
873.680	5.35213E-7
875.694	5.37089E-7
877.705	5.35213E-7
881.724	5.28478E-7
883.735	5.29964E-7
885.746	5.28478E-7
891.777	5.35213E-7
893.788	5.29964E-7
895.799	5.28478E-7
899.821	5.29964E-7
901.832	5.28478E-7
903.843	5.29964E-7
907.862	5.28478E-7
921.934	5.29964E-7
923.945	5.28478E-7
940.023	5.21467E-7
942.037	5.23307E-7
944.045	5.21467E-7
946.056	5.23307E-7
948.067	5.28478E-7
950.081	5.29964E-7
952.092	5.21467E-7
956.121	5.23307E-7
958.132	5.21467E-7
962.152	5.23307E-7
964.163	5.21467E-7
966.174	5.23307E-7
968.185	5.21467E-7
976.229	5.23307E-7
980.251	5.21467E-7
982.259	5.23307E-7
988.293	5.21467E-7
994.323	5.23307E-7
996.334	5.21467E-7
1002.364	5.14916E-7
1004.378	5.21467E-7
1006.389	5.23307E-7
1010.409	5.21467E-7
1012.417	5.23307E-7
1014.431	5.21467E-7
1016.444	5.23307E-7
1018.455	5.14916E-7
1022.475	5.21467E-7
1024.486	5.23307E-7
1026.497	5.16365E-7
1028.510	5.18187E-7
1030.521	5.23307E-7
1032.532	5.16365E-7
1038.563	5.23307E-7
1040.574	5.21467E-7
1042.582	5.23307E-7
1044.593	5.16365E-7
1046.604	5.18187E-7
1048.615	5.14916E-7
1052.635	5.16365E-7
1056.659	5.21467E-7
1058.668	5.14916E-7
1062.690	5.16365E-7
1068.725	5.14916E-7
1074.756	5.16365E-7
1080.786	5.14916E-7
1084.819	5.16365E-7
1094.869	5.14916E-7
1096.880	5.16365E-7
1106.932	5.14916E-7
1108.943	5.13117E-7
1110.954	5.14916E-7
1112.965	5.16365E-7
1116.987	5.14916E-7
1121.009	5.16365E-7
1123.020	5.14916E-7
1127.042	5.16365E-7
1135.081	5.14916E-7
1137.092	5.16365E-7
1139.103	5.11313E-7
1141.112	5.09878E-7
1143.123	5.14916E-7
1145.134	5.16365E-7
1151.164	5.09878E-7
1157.194	5.08085E-7
1159.205	5.09878E-7
1161.216	5.14916E-7
1163.227	5.09878E-7
1165.239	5.14916E-7
1167.250	5.08085E-7
1169.261	5.09878E-7
1175.291	5.08085E-7
1177.299	5.11313E-7
1179.310	5.16365E-7
1181.319	5.09878E-7
1183.330	5.08085E-7
1185.341	5.14916E-7
1187.352	5.09878E-7
1191.371	5.16365E-7
1193.382	5.08085E-7
1203.432	5.09878E-7
1211.474	5.08085E-7
1213.485	5.09878E-7
1221.526	5.16365E-7
1223.540	5.09878E-7
1227.559	5.08085E-7
1235.603	5.09878E-7
1239.625	5.08085E-7
1241.636	5.09878E-7
1243.647	5.11313E-7
1245.661	5.09878E-7
1257.722	5.08085E-7
1259.733	5.09878E-7
1261.744	5.03114E-7
1263.755	5.08085E-7
1265.763	5.09878E-7
1271.796	5.01703E-7
1273.807	5.09878E-7
1277.829	5.03114E-7
1279.841	5.09878E-7
1281.852	5.08085E-7
1285.876	5.09878E-7
1287.887	5.03114E-7
1291.909	5.08085E-7
1293.918	5.01703E-7
1295.929	5.09878E-7
1297.937	5.08085E-7
1299.951	5.09878E-7
1303.975	5.03114E-7
1305.984	5.09878E-7
1307.995	5.03114E-7
1312.017	5.08085E-7
1314.025	5.01703E-7
1316.036	5.03114E-7
1322.067	5.01703E-7
1324.078	5.09878E-7
1328.100	5.03114E-7
1330.108	5.08085E-7
1332.119	5.03114E-7
1338.160	5.09878E-7
1340.171	5.03114E-7
1342.182	5.09878E-7
1344.190	5.08085E-7
1346.201	5.01703E-7
1348.212	5.03114E-7
1350.223	5.01703E-7
1354.243	5.08085E-7
1356.256	5.03114E-7
1358.265	5.01703E-7
1360.276	5.03114E-7
1366.306	5.01703E-7
1368.315	5.04890E-7
1370.326	5.03114E-7
1376.359	5.01703E-7
1378.367	5.03114E-7
1380.378	5.01703E-7
1382.389	5.03114E-7
1386.411	5.01703E-7
1388.420	5.03114E-7
1392.442	5.01703E-7
1394.463	6.15541E-7
1396.464	7.65362E-7
1398.475	6.72058E-7
1400.483	6.91699E-7
1404.521	6.98533E-7
1408.525	6.89758E-7
1414.566	6.98533E-7
1422.597	6.89758E-7
1426.616	6.91699E-7
1428.627	6.98533E-7
1438.677	6.91699E-7
1444.710	6.98533E-7
1450.741	6.89758E-7
1452.752	6.91699E-7
1454.763	6.94124E-7
1456.779	7.00998E-7
1458.785	6.91699E-7
1460.796	6.98533E-7
1466.836	6.91699E-7
1468.845	6.89758E-7
1472.867	6.91699E-7
1474.880	6.98533E-7
1476.889	6.89758E-7
1478.897	6.91699E-7
1480.911	6.89758E-7
1490.963	7.00998E-7
1492.977	6.98533E-7
1494.985	6.91699E-7
1496.999	6.89758E-7
1501.016	6.91699E-7
1505.038	6.98533E-7
1507.046	6.89758E-7
1517.104	6.91699E-7
1521.121	6.98533E-7
1525.143	6.89758E-7
1529.165	6.91699E-7
1533.187	6.89758E-7
1535.195	6.91699E-7
1537.204	7.00998E-7
1539.217	6.89758E-7
1543.239	6.91699E-7
1547.261	6.89758E-7
1549.270	7.00998E-7
1551.278	6.89758E-7
1561.331	6.91699E-7
1563.344	6.89758E-7
1565.353	6.91699E-7
1567.366	6.89758E-7
1571.388	6.91699E-7
1575.410	6.89758E-7
1577.419	6.91699E-7
1579.427	6.89758E-7
1583.449	6.91699E-7
1585.458	6.89758E-7
1591.499	6.91699E-7
1595.515	6.89758E-7
1599.538	6.91699E-7
1603.560	6.89758E-7
1611.604	6.98533E-7
1613.612	6.91699E-7
1617.634	6.89758E-7
1627.681	6.91699E-7
1629.695	6.89758E-7
1631.703	6.91699E-7
1635.725	6.89758E-7
1637.739	6.91699E-7
1643.769	6.89758E-7
1649.800	6.91699E-7
1651.808	6.89758E-7
1655.830	6.91699E-7
1657.839	6.89758E-7
1667.896	6.91699E-7
1669.905	6.89758E-7
1673.922	6.91699E-7
1675.935	6.89758E-7
1687.996	6.91699E-7
1690.005	7.40486E-7
1692.018	8.51622E-7
1694.027	8.65500E-7
1696.035	8.77136E-7
1698.049	8.91430E-7
1700.057	8.88315E-7
1702.071	8.91430E-7
1704.079	8.88315E-7
1708.101	8.91430E-7
1710.110	8.88315E-7
1712.123	8.91430E-7
1714.132	8.88315E-7
1716.151	8.91430E-7
1718.164	8.88315E-7
1728.211	8.91430E-7
1732.239	8.88315E-7
1738.269	8.91430E-7
1740.278	8.88315E-7
1746.308	8.91430E-7
1750.330	8.88315E-7
1760.382	8.91430E-7
1764.405	8.88315E-7
1766.413	8.91430E-7
1768.427	8.88315E-7
1778.479	8.91430E-7
1780.493	8.88315E-7
1802.601	8.91430E-7
1804.614	8.88315E-7
1812.653	8.85803E-7
1814.667	8.88315E-7
1822.706	8.91430E-7
1826.728	8.88315E-7
1830.750	8.91430E-7
1834.772	8.88315E-7
1836.780	8.91430E-7
1838.794	8.88315E-7
1844.830	8.91430E-7
1848.852	8.88315E-7
1858.904	8.91430E-7
1860.913	8.88315E-7
1866.948	9.00238E-7
1868.957	8.88315E-7
1883.026	8.91430E-7
1885.040	8.88315E-7
1889.056	8.91430E-7
1891.070	8.88315E-7
1895.087	8.91430E-7
1897.100	8.88315E-7
1909.161	8.91430E-7
1911.170	8.88315E-7
1921.222	8.91430E-7
1923.231	8.88315E-7
1933.283	8.85803E-7
1935.297	8.88315E-7
1937.305	8.85803E-7
1939.314	8.91430E-7
1943.341	8.88315E-7
1951.380	8.91430E-7
1953.393	8.88315E-7
1955.402	8.91430E-7
1959.424	8.88315E-7
1961.432	8.91430E-7
1965.454	8.88315E-7
1971.485	9.00238E-7
1973.498	8.88315E-7
1995.607	8.91430E-7
1999.629	9.00238E-7
2001.653	8.88315E-7
2007.673	8.91430E-7
2009.681	8.88315E-7
2015.712	9.00238E-7
2019.734	8.88315E-7
2023.756	8.91430E-7
2025.764	8.88315E-7
2029.786	8.91430E-7
2031.795	8.88315E-7
2033.808	8.91430E-7
2035.817	8.88315E-7
2037.825	8.91430E-7
2039.833	8.88315E-7
2047.878	8.91430E-7
2049.886	8.88315E-7
2053.908	8.91430E-7
2057.930	8.88315E-7
2059.938	8.91430E-7
2061.947	8.97092E-7
2063.960	8.88315E-7
2067.988	8.91430E-7
2069.991	8.88315E-7
2084.060	8.91430E-7
2086.069	8.88315E-7
2094.113	8.91430E-7
2096.126	8.88315E-7
2104.170	9.00238E-7
2106.179	8.91430E-7
2110.201	8.88315E-7
2114.223	8.91430E-7
2116.231	8.88315E-7
2120.253	9.00238E-7
2122.262	8.91430E-7
2124.275	8.88315E-7
2130.306	8.91430E-7
2134.328	8.88315E-7
2138.350	8.91430E-7
2140.358	8.88315E-7
2142.367	8.91430E-7
2144.380	8.88315E-7
2152.424	8.91430E-7
2156.446	8.88315E-7
2158.455	8.91430E-7
2160.463	8.88315E-7
2164.485	8.91430E-7
2166.499	8.88315E-7
2168.507	8.91430E-7
2170.516	8.88315E-7
2174.538	8.91430E-7
2178.560	8.88315E-7
2182.577	8.91430E-7
2184.596	8.88315E-7
2188.607	8.91430E-7
2190.621	8.88315E-7
2194.643	8.91430E-7
2196.651	9.00238E-7
2198.660	8.88315E-7
2202.682	8.91430E-7
2204.695	8.88315E-7
2206.704	8.91430E-7
2208.712	8.88315E-7
2212.739	8.91430E-7
2214.748	8.88315E-7
2218.770	8.91430E-7
2220.778	8.88315E-7
2230.831	8.91430E-7
2232.844	8.88315E-7
2238.875	8.91430E-7
2240.883	8.88315E-7
2254.958	8.91430E-7
2256.966	8.88315E-7
2267.019	8.91430E-7
2269.032	8.88315E-7
2271.041	8.91430E-7
2273.065	8.88315E-7
2279.095	8.91430E-7
2281.104	8.88315E-7
2285.126	8.91430E-7
2293.164	8.88315E-7
2327.339	8.91430E-7
2329.352	8.88315E-7
2341.413	8.91430E-7
2343.422	8.88315E-7
2357.496	8.85803E-7
2359.510	8.91430E-7
2363.532	8.88315E-7
2375.593	8.91430E-7
2379.615	8.88315E-7
2387.654	8.91430E-7
2393.689	8.85803E-7
2395.698	8.91430E-7
2397.706	8.79604E-7
2399.720	8.88315E-7
2413.794	8.77136E-7
2415.803	8.88315E-7
2419.825	8.91430E-7
2421.833	8.88315E-7
2429.877	8.91430E-7
2433.904	8.88315E-7
2458.021	8.77136E-7
2460.035	8.91430E-7
2462.043	8.88315E-7
2470.087	8.91430E-7
2472.096	8.79604E-7
2476.118	8.77136E-7
2478.126	8.91430E-7
2482.148	8.88315E-7
2488.199	8.79604E-7
2492.206	8.88315E-7
2496.223	8.91430E-7
2498.236	8.88315E-7
2500.245	8.91430E-7
2502.258	8.79604E-7
2504.267	8.88315E-7
2508.284	8.79604E-7
2510.297	8.91430E-7
2512.316	8.88315E-7
2514.319	8.85803E-7
2516.328	8.79604E-7
2518.341	8.77136E-7
2522.363	8.91430E-7
2528.394	8.88315E-7
2532.416	8.77136E-7
2534.424	8.88315E-7
2546.485	8.79604E-7
2548.499	8.77136E-7
2550.507	8.88315E-7
2552.521	8.77136E-7
2554.534	8.88315E-7
2562.573	8.77136E-7
2564.582	8.79604E-7
2566.595	8.88315E-7
2570.617	8.91430E-7
2572.626	8.88315E-7
2574.639	8.91430E-7
2576.648	8.79604E-7
2578.661	8.77136E-7
2580.670	8.91430E-7
2582.694	8.79604E-7
2584.692	8.88315E-7
2590.727	8.91430E-7
2592.736	8.77136E-7
2594.744	8.79604E-7
2596.753	8.77136E-7
2598.766	8.91430E-7
2600.775	8.88315E-7
2602.788	8.82708E-7
2604.797	8.88315E-7
2606.805	8.74072E-7
2608.814	8.77136E-7
2614.844	8.88315E-7
2620.880	8.77136E-7
2622.888	8.79604E-7
2624.897	8.77136E-7
2626.910	8.79604E-7
2628.919	8.88315E-7
2638.976	8.77136E-7
2642.993	8.91430E-7
2645.002	8.88315E-7
2651.037	8.77136E-7
2653.046	8.79604E-7
2655.059	8.88315E-7
2657.068	8.79604E-7
2661.090	8.91430E-7
2665.107	8.88315E-7
2667.120	8.74072E-7
2669.129	8.79604E-7
2671.137	8.88315E-7
2673.151	8.77136E-7
2675.159	8.91430E-7
2677.173	8.77136E-7
2679.181	8.85803E-7
2681.195	8.77136E-7
2683.203	8.79604E-7
2685.217	8.85803E-7
2689.239	8.88315E-7
2697.278	8.77136E-7
2701.300	8.91430E-7
2703.308	8.88315E-7
2707.330	8.91430E-7
2709.344	8.88315E-7
2711.352	8.91430E-7
2713.361	8.79604E-7
2715.374	8.77136E-7
2717.383	8.88315E-7
2727.445	8.77136E-7
2729.454	8.88315E-7
2733.476	8.77136E-7
2735.484	8.91430E-7
2739.522	8.88315E-7
2743.528	8.77136E-7
2745.542	8.88315E-7
2747.617	8.91430E-7
2751.572	8.88315E-7
2755.594	8.77136E-7
2763.639	8.88315E-7
2767.661	8.91430E-7
2769.669	8.88315E-7
2771.677	8.77136E-7
2775.699	8.85803E-7
2777.713	8.91430E-7
2781.730	8.88315E-7
2787.760	8.79604E-7
2789.774	8.77136E-7
2793.796	8.91430E-7
2795.804	8.88315E-7
2801.840	8.77136E-7
2803.864	8.79604E-7
2805.857	8.88315E-7
2807.871	8.77136E-7
2809.879	8.88315E-7
2817.923	8.79604E-7
2819.931	8.77136E-7
2821.940	8.91430E-7
2823.953	8.88315E-7
2827.975	8.79604E-7
2829.979	8.88315E-7
2831.992	8.79604E-7
2834.001	8.77136E-7
2840.031	8.88315E-7
2846.072	8.77136E-7
2848.086	8.79604E-7
2850.094	8.77136E-7
2854.116	8.88315E-7
2856.125	8.91430E-7
2862.160	8.77136E-7
2868.191	8.88315E-7
2870.199	8.91430E-7
2872.213	8.88315E-7
2876.235	8.77136E-7
2880.257	8.88315E-7
2882.270	8.77136E-7
2884.279	8.88315E-7
2892.323	8.79604E-7
2894.336	8.77136E-7
2896.345	8.79604E-7
2898.353	8.91430E-7
2902.375	8.77136E-7
2904.384	8.88315E-7
2908.406	8.79604E-7
2910.419	8.88315E-7
2912.428	8.77136E-7
2914.441	8.91430E-7
2916.450	8.88315E-7
2920.472	8.77136E-7
2926.507	8.82708E-7
2928.516	8.88315E-7
2930.529	8.91430E-7
2934.546	8.88315E-7
2938.568	8.77136E-7
2940.577	8.79604E-7
2942.590	8.88315E-7
2948.621	8.85803E-7
2950.650	8.79604E-7
2952.658	8.77136E-7
2954.656	8.88315E-7
2956.670	8.91430E-7
2958.678	8.77136E-7
2960.687	8.91430E-7
2962.700	8.88315E-7
2966.717	8.77136E-7
2974.772	8.88315E-7
2976.785	8.82708E-7
2978.794	8.88315E-7
2980.802	8.85803E-7
2982.811	8.79604E-7
2984.824	8.77136E-7
2986.833	8.79604E-7
2988.841	8.77136E-7
2990.855	8.88315E-7
2996.890	8.77136E-7
3002.931	8.88315E-7
3012.973	8.77136E-7
3014.982	8.79604E-7
3016.990	8.77136E-7
3019.004	8.88315E-7
3025.034	8.91430E-7
3027.048	8.77136E-7
3031.065	8.88315E-7
3033.078	8.79604E-7
3035.087	8.88315E-7
3039.104	8.91430E-7
3041.117	8.88315E-7
3043.126	8.79604E-7
3049.161	8.91430E-7
3051.170	8.88315E-7
3053.183	8.91430E-7
3057.205	8.74072E-7
3059.214	8.77136E-7
3061.227	8.91430E-7
3063.241	8.88315E-7
3065.249	8.91430E-7
3067.263	8.88315E-7
3071.285	8.77136E-7
3073.293	8.79604E-7
3075.307	8.77136E-7
3077.326	8.79604E-7
3079.329	8.88315E-7
3081.337	8.91430E-7
3085.359	8.88315E-7
3087.373	8.79604E-7
3089.381	8.77136E-7
3093.403	8.88315E-7
3101.448	8.77136E-7
3105.470	8.91430E-7
3107.478	8.77136E-7
3109.492	8.91430E-7
3117.530	8.77136E-7
3121.552	8.88315E-7
3127.588	8.79604E-7
3129.597	8.88315E-7
3133.619	8.79604E-7
3135.627	8.91430E-7
3137.641	8.77136E-7
3139.649	8.88315E-7
3145.685	8.77136E-7
3153.729	8.91430E-7
3155.737	8.88315E-7
3159.759	8.91430E-7
3161.768	8.88315E-7
3163.776	8.79604E-7
3165.790	8.77136E-7
3167.798	8.88315E-7
3171.820	8.91430E-7
3175.842	8.77136E-7
3177.851	8.79604E-7
3179.864	8.88315E-7
3181.873	8.79604E-7
3183.886	8.77136E-7
3185.895	8.88315E-7
3189.917	8.79604E-7
3191.935	8.77136E-7
3197.961	8.88315E-7
3201.983	8.77136E-7
3203.991	8.79604E-7
3206.005	8.77136E-7
3210.022	8.79604E-7
3212.035	8.77136E-7
3214.044	8.88315E-7
3218.066	8.91430E-7
3220.079	8.77136E-7
3224.101	8.79604E-7
3228.134	8.88315E-7
3236.178	8.91430E-7
3238.186	8.77136E-7
3242.208	8.79604E-7
3244.222	8.91430E-7
3246.230	8.88315E-7
3250.252	8.79604E-7
3254.274	8.77136E-7
3256.283	8.82708E-7
3258.296	8.77136E-7
3260.305	8.88315E-7
3266.340	8.91430E-7
3268.349	8.77136E-7
3270.362	8.79604E-7
3274.384	8.88315E-7
3278.401	8.77136E-7
3280.410	8.88315E-7
3282.423	8.77136E-7
3286.445	8.79604E-7
3290.462	8.88315E-7
3292.476	8.91430E-7
3294.484	8.88315E-7
3296.498	8.77136E-7
3304.537	8.88315E-7
3306.545	8.91430E-7
3310.567	8.79604E-7
3314.584	8.77136E-7
3316.598	8.79604E-7
3320.614	8.88315E-7
3324.636	8.77136E-7
3330.667	8.91430E-7
3332.681	8.77136E-7
3334.689	8.88315E-7
3340.719	8.79604E-7
3342.728	8.77136E-7
3348.758	8.91430E-7
3352.786	8.79604E-7
3354.799	8.88315E-7
3356.808	8.77136E-7
3360.830	8.79604E-7
3364.852	8.91430E-7
3366.860	8.88315E-7
3368.874	8.79604E-7
3370.887	8.77136E-7
3372.901	8.79604E-7
3378.926	8.88315E-7
3386.970	8.77136E-7
3395.014	8.91430E-7
3397.023	8.88315E-7
3399.031	8.77136E-7
3405.067	8.88315E-7
3407.075	8.79604E-7
3409.084	8.85803E-7
3411.097	8.91430E-7
3415.114	8.88315E-7
3417.128	8.79604E-7
3419.136	8.77136E-7
3423.168	8.91430E-7
3427.196	8.79604E-7
3429.199	8.88315E-7
3431.207	8.77136E-7
3433.216	8.79604E-7
3439.251	8.91430E-7
3443.273	8.88315E-7
3445.282	8.77136E-7
3449.304	8.79604E-7
3453.326	8.77136E-7
3455.339	8.88315E-7
3457.348	8.77136E-7
3459.361	8.88315E-7
3463.384	8.82708E-7
3465.392	8.79604E-7
3467.411	8.88315E-7
3475.439	8.77136E-7
3479.466	8.79604E-7
3481.475	8.88315E-7
3483.494	8.77136E-7
3485.502	8.88315E-7
3487.516	8.91430E-7
3489.524	8.88315E-7
3491.533	8.82708E-7
3493.546	8.79604E-7
3495.560	8.77136E-7
3497.568	8.79604E-7
3499.587	8.88315E-7
3503.604	8.77136E-7
3505.612	8.88315E-7
3507.621	8.77136E-7
3515.660	8.91430E-7
3517.673	8.88315E-7
3519.682	8.91430E-7
3521.695	8.77136E-7
3523.704	8.79604E-7
3525.717	8.91430E-7
3527.726	8.88315E-7
3531.748	8.91430E-7
3537.778	8.79604E-7
3543.809	8.91430E-7
3545.822	8.88315E-7
3551.853	8.77136E-7
3553.866	8.79604E-7
3555.875	8.91430E-7
3557.883	8.77136E-7
3559.897	8.91430E-7
3565.927	8.88315E-7
3567.936	8.77136E-7
3569.959	8.79604E-7
3571.958	8.88315E-7
3573.971	8.91430E-7
3575.980	8.88315E-7
3582.010	8.79604E-7
3584.019	8.77136E-7
3588.041	8.79604E-7
3590.054	8.88315E-7
3594.071	8.91430E-7
3596.085	8.77136E-7
3600.107	8.82708E-7
3602.115	8.79604E-7
3604.124	8.91430E-7
3608.151	8.88315E-7
3610.159	8.91430E-7
3612.173	8.88315E-7
3614.181	8.77136E-7
3618.203	8.88315E-7
3620.212	8.91430E-7
3622.225	8.88315E-7
3628.256	8.77136E-7
3630.264	8.88315E-7
3632.273	8.77136E-7
3634.286	8.88315E-7
3642.325	8.77136E-7
3646.347	8.79604E-7
3648.361	8.91430E-7
3652.378	8.79604E-7
3654.391	8.88315E-7
3658.408	8.77136E-7
3660.422	8.85803E-7
3662.435	8.79604E-7
3664.444	8.88315E-7
3670.474	8.79604E-7
3676.510	8.91430E-7
3678.513	8.88315E-7
3682.535	8.91430E-7
3684.549	8.88315E-7
3688.571	8.77136E-7
3692.593	8.91430E-7
3696.610	8.88315E-7
3702.640	8.77136E-7
3704.654	8.88315E-7
3708.670	8.77136E-7
3710.689	8.91430E-7
3712.692	8.88315E-7
3718.728	8.79604E-7
3720.737	8.88315E-7
3722.750	8.91430E-7
3724.759	8.88315E-7
3728.781	8.91430E-7
3730.794	8.88315E-7
3732.803	8.77136E-7
3738.843	8.88315E-7
3742.865	8.91430E-7
3744.874	8.88315E-7
3746.887	8.77136E-7
3750.909	8.79604E-7
3752.918	8.91430E-7
3754.931	8.88315E-7
3762.976	8.77136E-7
3764.984	8.79604E-7
3766.992	8.77136E-7
3769.006	8.88315E-7
3771.014	8.91430E-7
3773.028	8.88315E-7
3775.036	8.77136E-7
3777.045	8.79604E-7
3779.058	8.88315E-7
3781.067	8.91430E-7
3783.081	8.79604E-7
3785.084	8.88315E-7
3787.097	8.91430E-7
3789.106	8.88315E-7
3793.128	8.77136E-7
3797.150	8.88315E-7
3799.158	8.91430E-7
3801.167	8.88315E-7
3803.180	8.79604E-7
3805.189	8.88315E-7
3807.202	8.77136E-7
3809.211	8.88315E-7
3811.224	8.77136E-7
3813.233	8.91430E-7
3815.246	8.88315E-7
3817.255	8.91430E-7
3819.263	8.88315E-7
3821.282	8.77136E-7
3827.307	8.79604E-7
3829.316	8.88315E-7
3839.368	8.79604E-7
3843.401	8.91430E-7
3845.399	8.85803E-7
3847.412	8.88315E-7
3851.429	8.79604E-7
3853.443	8.77136E-7
3855.456	8.88315E-7
3857.465	8.79604E-7
3859.489	8.88315E-7
3863.500	8.91430E-7
3865.514	8.88315E-7
3867.522	8.77136E-7
3871.544	8.79604E-7
3873.553	8.91430E-7
3875.561	8.88315E-7
3881.597	8.79604E-7
3883.605	8.88315E-7
3889.682	8.91430E-7
3891.649	8.88315E-7
3897.680	8.77136E-7
3899.694	8.88315E-7
3909.751	8.91430E-7
3911.760	8.88315E-7
3913.768	8.79604E-7
3915.782	8.77136E-7
3917.795	8.88315E-7
3925.834	8.91430E-7
3927.848	8.77136E-7
3929.861	8.91430E-7
3937.900	8.88315E-7
3943.931	8.91430E-7
3945.944	8.88315E-7
3949.966	8.91430E-7
3951.975	8.88315E-7
3958.005	8.91430E-7
3960.014	8.88315E-7
3970.066	8.91430E-7
3972.080	8.77136E-7
3974.088	8.88315E-7
3976.097	8.91430E-7
3978.110	8.88315E-7
3980.119	8.91430E-7
3982.127	8.88315E-7
3988.168	8.77136E-7
3990.176	8.79604E-7
3992.190	8.88315E-7
3996.207	8.91430E-7
3998.220	8.88315E-7
4002.237	8.77136E-7
4004.251	8.88315E-7
4006.269	8.91430E-7
4008.288	8.79604E-7
4010.281	8.91430E-7
4014.303	8.88315E-7
4018.325	8.79604E-7
4022.342	8.88315E-7
4028.373	8.91430E-7
4030.386	8.88315E-7
4032.395	8.79604E-7
4034.403	8.77136E-7
4036.417	8.88315E-7
4038.425	8.91430E-7
4040.439	8.88315E-7
4046.469	8.77136E-7
4050.491	8.88315E-7
4052.500	8.77136E-7
4054.513	8.91430E-7
4056.522	8.88315E-7
4062.552	8.77136E-7
4064.561	8.79604E-7
4066.574	8.88315E-7
4068.588	8.91430E-7
4070.596	8.88315E-7
4076.627	8.77136E-7
4080.669	8.88315E-7
4082.662	8.77136E-7
4084.686	8.88315E-7
4088.693	8.91430E-7
4092.710	8.79604E-7
4094.723	8.77136E-7
4096.732	8.91430E-7
4098.740	8.88315E-7
4100.748	8.91430E-7
4102.762	8.88315E-7
4108.793	8.77136E-7
4110.816	8.79604E-7
4114.823	8.91430E-7
4116.842	8.88315E-7
4120.864	8.77136E-7
4122.877	8.79604E-7
4124.886	8.91430E-7
4126.894	8.88315E-7
4138.955	8.77136E-7
4140.969	8.88315E-7
4142.977	8.91430E-7
4144.986	8.88315E-7
4149.008	8.91430E-7
4151.021	8.88315E-7
4153.030	8.77136E-7
4155.043	8.88315E-7
4161.069	8.91430E-7
4165.091	8.88315E-7
4167.104	8.77136E-7
4169.113	8.88315E-7
4173.135	8.91430E-7
4177.162	8.88315E-7
4181.174	8.91430E-7
4183.187	8.79604E-7
4185.196	8.88315E-7
4187.209	8.77136E-7
4189.218	8.88315E-7
4193.240	8.91430E-7
4197.262	8.77136E-7
4199.270	8.88315E-7
4205.306	8.85803E-7
4207.319	8.88315E-7
4213.350	8.77136E-7
4217.367	8.88315E-7
4231.441	8.91430E-7
4233.455	8.88315E-7
4235.463	8.91430E-7
4237.472	8.88315E-7
4239.485	8.91430E-7
4241.494	8.88315E-7
4243.523	8.79604E-7
4245.526	8.88315E-7
4249.548	8.91430E-7
4251.556	8.88315E-7
4261.609	8.91430E-7
4263.617	8.88315E-7
4271.661	8.79604E-7
4273.670	8.82708E-7
4275.683	8.88315E-7
4279.705	8.85803E-7
4281.714	8.88315E-7
4287.744	8.79604E-7
4291.766	8.91430E-7
4295.804	8.88315E-7
4301.819	8.79604E-7
4303.832	8.88315E-7
4307.854	8.91430E-7
4311.882	8.88315E-7
4313.885	8.91430E-7
4317.912	8.88315E-7
4323.948	8.91430E-7
4325.951	8.88315E-7
4331.982	8.79604E-7
4333.990	8.88315E-7
4335.998	8.91430E-7
4338.033	8.88315E-7
4340.020	8.91430E-7
4344.042	8.88315E-7
4346.056	8.85803E-7
4348.064	8.88315E-7
4354.100	8.91430E-7
4358.117	8.88315E-7
4364.147	8.77136E-7
4366.161	8.88315E-7
4372.191	8.91430E-7
4374.200	8.88315E-7
4380.230	8.91430E-7
4382.239	8.79604E-7
4386.261	8.77136E-7
4394.310	8.79604E-7
4396.313	8.77136E-7
4402.344	8.79604E-7
4404.357	8.77136E-7
4414.410	8.79604E-7
4416.439	8.77136E-7
4420.440	8.79604E-7
4422.449	8.77136E-7
4434.525	8.88315E-7
4448.595	8.91430E-7
4452.617	8.88315E-7
4456.639	8.91430E-7
4460.655	8.88315E-7
4462.669	8.91430E-7
4464.677	8.88315E-7
4474.730	8.91430E-7
4476.744	8.88315E-7
4480.760	8.91430E-7
4482.774	8.88315E-7
4492.821	8.91430E-7
4494.835	8.88315E-7
4506.901	8.91430E-7
4508.909	8.88315E-7
4516.954	8.91430E-7
4518.962	8.88315E-7
4520.976	8.94576E-7
4522.989	8.88315E-7
4524.998	8.91430E-7
4529.014	8.88315E-7
4537.058	8.91430E-7
4539.067	8.88315E-7
4543.094	8.91430E-7
4545.103	8.88315E-7
4549.125	8.91430E-7
4553.141	8.88315E-7
4575.255	8.91430E-7
4577.263	8.88315E-7
4579.277	8.91430E-7
4581.285	8.88315E-7
4591.338	8.91430E-7
4593.346	8.88315E-7
4597.368	8.85803E-7
4599.377	8.88315E-7
4601.390	8.91430E-7
4603.399	8.88315E-7
4605.412	8.91430E-7
4607.421	8.88315E-7
4617.473	8.91430E-7
4619.482	8.88315E-7
4621.495	8.91430E-7
4627.531	8.88315E-7
4629.544	8.91430E-7
4633.561	8.88315E-7
4637.583	8.91430E-7
4639.592	8.88315E-7
4641.605	8.91430E-7
4643.614	8.88315E-7
4653.666	8.91430E-7
4655.675	8.88315E-7
4657.683	8.91430E-7
4661.705	8.88315E-7
4673.771	8.91430E-7
4675.785	8.88315E-7
4683.824	8.91430E-7
4693.876	8.88315E-7
4695.890	8.85803E-7
4697.898	8.88315E-7
4703.929	8.91430E-7
4705.937	8.88315E-7
4713.976	8.94576E-7
4715.990	8.91430E-7
4720.012	8.88315E-7
4722.020	8.91430E-7
4724.029	8.88315E-7
4726.042	8.91430E-7
4730.069	8.88315E-7
4732.083	8.91430E-7
4734.091	8.88315E-7
4744.144	8.91430E-7
4746.157	8.88315E-7
4750.185	8.91430E-7
4752.193	8.88315E-7
4760.232	8.91430E-7
4764.254	8.88315E-7
4772.314	8.91430E-7
4774.307	8.88315E-7
4784.359	8.91430E-7
4786.367	3.67237E-7
4788.381	1.90500E-7
4790.389	1.48756E-7
4792.398	1.41715E-7
4794.412	1.39835E-7
4796.420	1.40328E-7
4798.434	1.39443E-7
4800.442	1.40328E-7
4804.459	1.39835E-7
4806.472	1.39443E-7
4808.481	1.38078E-7
4812.508	1.36247E-7
4814.516	1.26025E-7
4816.525	1.26466E-7
4822.561	1.24439E-7
4824.569	1.26466E-7
4826.577	1.26025E-7
4830.599	1.24878E-7
4832.613	1.26466E-7
4836.630	1.26025E-7
4838.643	1.26466E-7
4840.657	1.26025E-7
