Elapsed time [s]	Value [0,700]
0.000	200.0390
2.991	199.9960
27.716	200.0230
29.760	199.9950
31.818	200.0200
33.878	199.9990
37.977	199.9780
42.122	200.0270
44.180	199.9880
46.219	200.0310
52.435	199.9920
56.578	200.0460
64.818	200.0100
75.035	199.9840
79.137	200.0070
81.197	199.9470
83.298	199.9740
87.379	200.0040
93.541	199.9690
103.820	199.9180
105.865	199.9760
110.023	200.0110
112.106	199.9740
118.247	199.9520
120.292	199.9930
128.514	199.9330
130.558	199.9670
132.613	200.0040
134.675	200.0410
136.795	200.0060
140.896	199.9790
142.936	200.0130
145.001	199.9780
147.038	200.0160
155.334	199.9820
157.394	199.9570
161.514	200.0050
165.672	200.0570
167.753	200.0240
169.864	200.0030
176.088	200.0610
178.148	200.0350
180.190	199.9800
182.252	199.9580
184.271	199.9900
188.393	200.0310
190.433	200.0110
215.082	200.0480
217.148	200.0020
221.224	199.9660
223.322	199.9920
225.380	200.0220
227.440	200.0530
229.574	200.0040
231.650	200.0240
248.155	200.0570
250.282	199.9990
262.636	200.0370
264.701	199.9990
266.764	200.0470
268.798	200.0030
272.918	199.9780
277.040	199.9460
279.082	199.9900
281.160	199.9620
285.241	199.9380
293.525	199.9920
295.567	199.9630
297.627	199.9880
299.725	199.9480
312.049	199.9200
314.109	199.9870
320.235	200.0410
322.297	199.9750
324.331	200.0150
326.448	199.9840
328.490	199.9600
334.693	199.9860
336.732	199.9620
338.815	199.9830
347.173	200.0160
353.356	199.9830
355.395	199.9320
357.437	199.9780
375.948	199.9990
380.009	200.0290
386.191	199.9840
392.312	200.0040
394.372	199.9530
396.411	199.9920
415.051	199.9450
419.269	199.9200
429.638	199.9580
441.995	199.9290
446.094	199.9540
456.363	199.9840
458.402	199.9430
460.457	199.9780
464.579	199.9370
466.637	199.9720
468.725	199.9460
481.198	199.8950
483.237	199.9300
489.469	199.9700
491.482	199.9470
495.623	199.9970
499.743	199.9430
501.782	199.9680
505.925	199.9370
510.006	199.9640
514.147	199.9430
516.209	199.9160
520.409	199.9950
522.448	199.9660
530.770	200.0140
532.807	199.9660
545.174	200.0160
551.310	199.9870
557.410	200.0240
559.455	199.9840
563.572	200.0300
565.617	199.9780
567.672	200.0530
569.693	200.0810
571.735	200.0540
575.837	200.0770
584.107	200.0470
586.175	200.0790
594.484	200.0380
596.539	200.0950
608.927	200.1180
613.039	200.1430
623.346	200.1130
625.391	200.1500
627.428	200.1150
629.467	200.1360
633.587	200.1070
639.708	200.1550
641.747	200.1200
647.968	200.0950
652.160	200.0300
654.258	200.0650
666.603	200.0330
670.722	200.0090
672.744	200.0500
678.882	199.9810
683.005	200.0150
685.065	199.9810
687.166	199.9460
689.226	199.9790
691.268	200.0000
695.388	199.9780
697.427	199.9250
699.510	199.9550
701.549	199.9900
703.609	199.9690
705.718	199.9430
711.960	199.9670
716.041	199.9450
722.182	199.9110
724.265	199.9530
728.370	199.9190
730.504	199.9650
738.749	199.9950
742.854	199.9590
746.948	199.9840
748.990	199.9380
751.070	199.9870
753.153	200.0270
761.334	199.9840
765.577	200.0070
767.619	200.0490
769.638	200.0190
771.680	200.0450
773.719	200.0100
781.933	200.0350
786.053	199.9890
790.214	200.0700
792.256	200.0440
794.316	200.0100
802.538	199.9890
808.697	200.0150
812.840	199.9780
816.939	199.9990
819.020	200.0640
821.121	200.0320
823.165	199.9990
825.202	200.0340
827.301	200.0080
831.400	199.9840
850.004	199.9440
852.025	200.0110
856.122	199.9770
860.283	199.9400
864.364	200.0110
866.424	199.9720
870.511	200.0190
872.565	199.9720
878.686	200.0060
880.746	199.9770
882.788	200.0130
891.092	199.9820
895.276	199.9530
897.315	199.9750
901.497	200.0070
911.838	200.0320
913.921	199.9620
915.960	200.0040
918.041	200.0440
920.101	200.0150
924.162	200.0500
926.201	200.0070
930.344	200.0300
934.425	200.0620
936.503	200.0080
950.992	200.0470
953.034	200.0120
955.153	200.0490
957.172	200.0080
961.315	199.9780
963.375	200.0230
969.575	199.9900
971.615	199.9280
973.677	199.9890
979.896	200.0140
982.017	199.9860
992.242	200.0120
1002.483	199.9690
1004.623	200.0020
1010.815	200.0270
1014.976	199.9610
1017.044	199.9820
1019.125	200.0160
1021.187	199.9750
1023.242	200.0140
1025.364	199.9470
1029.463	199.9920
1031.505	199.9700
1033.565	200.0290
1039.727	200.0080
1041.828	200.0330
1043.908	200.0120
1046.027	199.9910
1056.332	200.0110
1058.410	200.0330
1060.475	200.0090
1062.535	199.9890
1064.593	200.0380
1070.698	199.9880
1076.878	200.0140
1080.997	200.0560
1083.078	200.0320
1091.279	200.0080
1093.321	199.9830
1101.504	200.0080
1105.624	200.0550
1107.663	199.9850
1117.904	199.9430
1122.006	199.9700
1126.125	200.0000
1128.209	199.9760
1134.414	200.0180
1138.519	199.9760
1140.540	199.9990
1146.740	199.9730
1157.061	200.0090
1161.224	200.0540
1163.323	200.0110
1175.626	200.0330
1183.806	200.0580
1190.128	200.0230
1194.248	200.0520
1196.328	200.0300
1198.391	200.0030
1200.430	200.0350
1202.472	199.9800
1204.532	200.0050
1212.772	200.0280
1214.811	199.9620
1220.973	200.0270
1223.012	200.0030
1225.082	199.9830
1231.306	199.9540
1233.366	199.9940
1237.527	199.9720
1245.790	200.0160
1247.893	199.9740
1252.016	200.0140
1254.068	199.9680
1258.167	199.9950
1268.472	200.0570
1270.530	200.0070
1274.611	200.0450
1278.692	199.9920
1282.892	200.0470
1286.991	199.9930
1291.072	200.0170
1295.213	200.0400
1297.306	200.0050
1340.634	200.0440
1346.835	200.0050
1355.118	199.9630
1359.218	200.0130
1365.343	199.9810
1369.425	199.9150
1373.658	199.9510
1375.700	199.9860
1379.801	200.0260
1381.877	199.9830
1392.218	200.0240
1394.319	200.0040
1398.462	199.9830
1402.543	200.0170
1408.710	200.0480
1410.755	200.0270
1412.807	200.0050
1423.086	200.0420
1431.483	199.9920
1433.576	200.0240
1435.639	199.9760
1439.738	200.0300
1445.941	200.0080
1450.061	200.0310
1452.103	199.9910
1458.223	199.9390
1460.301	200.0030
1464.426	199.9750
1472.604	200.0090
1478.748	199.9890
1482.852	200.0230
1484.912	199.9870
1489.094	200.0060
1493.209	199.9610
1495.269	200.0180
1499.378	200.0480
1503.472	200.0060
1505.532	199.9730
1507.577	199.9510
1511.655	199.9990
1513.700	200.0230
1515.760	200.0470
1517.835	199.9860
1521.919	200.0170
1526.090	199.9710
1530.252	200.0080
1532.311	199.9840
1534.351	200.0290
1536.411	200.0560
1538.450	200.0130
1540.510	200.0350
1542.549	200.0000
1548.734	200.0410
1550.774	200.0180
1554.914	200.0420
1559.034	200.0690
1563.174	200.0200
1565.224	199.9870
1575.416	200.0110
1579.556	200.0470
1583.661	200.0210
1594.022	199.9990
1598.162	199.9630
1602.241	200.0130
1604.342	199.9620
1616.810	200.0120
1618.911	199.9890
1620.951	199.9570
1625.034	199.9330
1629.154	199.9760
1631.194	200.0180
1635.313	199.9960
1637.399	199.9700
1645.696	200.0110
1651.798	199.9780
1653.879	199.9980
1655.939	200.0310
1660.064	200.0820
1664.240	200.0250
1666.362	200.0460
1680.792	200.0930
1686.972	200.0480
1691.076	199.9990
1693.115	200.0250
1703.338	199.9990
1709.487	199.9660
1715.641	199.9870
1717.680	199.9320
1719.761	199.9540
1721.805	199.9290
1723.865	199.9650
1728.093	199.9260
1730.132	199.9470
1734.252	199.9710
1740.417	200.0030
1744.536	199.9680
1750.778	200.0010
1765.218	200.0230
1773.422	199.9910
1775.482	200.0540
1781.703	200.0130
1783.783	199.9900
1789.953	200.0210
1796.138	200.0530
1804.316	200.0280
1808.415	199.9940
1810.501	200.0240
1812.535	199.9990
1818.766	199.9740
1820.759	200.0600
1822.799	200.0100
1828.917	200.0340
1837.167	200.0010
1843.341	199.9500
1847.482	199.9990
1855.685	200.0520
1857.730	200.0180
1859.769	199.9960
1861.783	199.9600
1868.009	199.9340
1872.134	199.9750
1874.194	199.9470
1880.333	199.9920
1898.857	200.0150
1907.117	199.9720
1909.197	200.0030
1923.596	200.0250
1929.797	200.0520
1933.881	200.0280
1940.055	199.9880
1950.340	200.0150
1954.485	200.0500
1956.540	200.0260
1966.907	199.9920
1969.003	200.0170
1981.419	200.0440
1987.599	200.0200
1989.643	199.9990
1991.703	200.0210
1993.763	199.9990
1997.940	200.0430
2000.025	199.9780
2004.104	199.9560
2006.184	199.9780
2012.302	199.9320
2014.347	199.9110
2016.407	199.9330
2018.487	199.9110
2022.638	199.9360
2028.756	199.9560
2034.967	199.9190
2037.089	199.9600
2039.128	199.9840
2045.267	199.9550
2049.392	200.0240
2057.590	199.9870
2061.715	200.0440
2067.895	200.0170
2071.994	200.0580
2076.155	200.0880
2078.215	200.0520
2088.448	200.0100
2090.508	200.0510
2094.679	200.0770
2098.779	200.0390
2100.802	200.0640
2111.066	200.0050
2117.287	200.0530
2119.326	200.0140
2123.426	199.9820
2125.506	199.9600
2127.551	200.0170
2129.611	199.9880
2131.671	199.9550
2133.689	199.9780
2135.780	199.9370
2137.830	199.9880
2141.934	199.9370
2146.090	199.9150
2150.256	199.9430
2162.647	199.9140
2166.720	199.9420
2170.861	199.9830
2176.969	199.9500
2181.083	199.9770
2187.248	200.0060
2191.347	200.0300
2193.427	200.0520
2195.487	200.0250
2201.708	200.0580
2209.928	200.0960
2211.972	200.0510
2214.027	200.0950
2218.131	200.0640
2232.474	200.0880
2238.653	200.0440
2240.693	200.0800
2242.794	200.1060
2244.859	200.0290
2246.955	200.0080
2248.999	200.0590
2251.075	200.0360
2255.215	200.0070
2261.380	199.9780
2263.460	200.0090
2267.559	199.9420
2269.619	199.9750
2271.710	199.9440
2279.924	199.9160
2282.005	199.8830
2284.065	199.9080
2288.210	199.8870
2290.270	199.9220
2298.469	199.8800
2300.529	199.9270
2308.753	199.9860
2310.813	199.9580
2314.943	199.9810
2316.998	199.9460
2319.032	199.9820
2321.097	200.0100
2323.173	199.9870
2325.196	200.0180
2329.358	200.0420
2333.529	200.0210
2335.589	200.0750
2343.793	200.0240
2345.853	200.0490
2347.933	200.0790
2360.231	200.1180
2366.411	200.0910
2372.673	200.1130
2374.733	200.0590
2380.938	200.0810
2383.019	200.0530
2391.238	200.0280
2393.277	199.9930
2399.514	199.9640
2407.779	199.9150
2409.819	199.9400
2413.918	199.9180
2418.022	199.8630
2420.103	199.8880
2422.163	199.8670
2426.262	199.8450
2428.343	199.8760
2430.423	199.9160
2440.671	199.9540
2444.766	199.9300
2448.911	199.9650
2453.098	199.9430
2455.137	199.9740
2463.356	200.0000
2469.557	200.0490
2471.643	200.0970
2473.687	200.0500
2475.721	200.0860
2481.886	200.0500
2483.966	200.0860
2488.040	200.1180
2494.199	200.1650
2498.303	200.1440
2500.343	200.1180
2502.403	200.1470
2506.522	200.1100
2514.705	200.0630
2527.029	200.0240
2531.128	200.0040
2533.188	199.9750
2535.248	199.9360
2539.347	199.9710
2541.433	199.9400
2549.611	199.9150
2551.650	199.8800
2553.705	199.9210
2555.806	199.8960
2561.945	199.8250
2566.049	199.8750
2568.135	199.8410
2574.433	199.8900
2584.712	199.8260
2586.757	199.9020
2590.913	199.9390
2599.158	199.9650
2601.213	199.9890
2605.296	200.0210
2613.582	200.0580
2615.642	200.1450
2617.682	200.1060
2623.815	200.0830
2625.901	200.1100
2627.976	200.1400
2630.041	200.0940
2632.101	200.1300
2634.238	200.1590
2646.541	200.1840
2652.680	200.1340
2654.719	200.1630
2656.800	200.1930
2658.860	200.1520
2665.045	200.0700
2669.123	200.0450
2671.189	200.0740
2675.308	200.0350
2683.486	199.9870
2687.596	199.9280
2691.778	199.8920
2695.939	199.8700
2697.957	199.8440
2700.002	199.8140
2708.221	199.7830
2712.300	199.8180
2718.516	199.8650
2722.635	199.8060
2728.815	199.8430
2730.855	199.8650
2741.154	199.9130
2745.295	199.9540
2751.500	199.9320
2755.579	199.9800
2759.663	200.0220
2763.783	200.0820
2769.947	200.1240
2778.233	200.1660
2782.312	200.2100
2784.372	200.2460
2786.391	200.2200
2788.471	200.1660
2790.572	200.2250
2798.894	200.2610
2800.918	200.2320
2802.978	200.2030
2805.018	200.2650
2807.057	200.2220
2809.096	200.2010
2817.403	200.1560
2819.463	200.1190
2821.487	200.0860
2823.526	200.0450
2829.701	200.0150
2831.745	199.9800
2837.904	199.9570
2842.024	199.8710
2848.266	199.8040
2856.495	199.7780
2862.660	199.7410
2866.790	199.7640
2885.360	199.8010
2889.485	199.8290
2891.566	199.8510
2893.626	199.8740
2895.686	199.8440
2899.785	199.8690
2901.845	199.9040
2903.864	199.9430
2910.007	199.9820
2914.148	200.0230
2916.187	200.0610
2922.351	200.1090
2924.427	200.1310
2926.466	200.1640
2930.653	200.1370
2934.830	200.1760
2936.874	200.2060
2943.074	200.2670
2949.213	200.2410
2951.258	200.2630
2961.495	200.2910
2963.581	200.2570
2969.699	200.2350
2973.778	200.2060
2979.978	200.1700
2982.018	200.1300
2986.184	200.0570
2990.324	200.0340
2994.429	199.9850
2998.585	199.9500
3000.645	199.9180
3004.826	199.9380
3006.866	199.8580
3008.925	199.8370
3015.069	199.7930
3019.235	199.7650
3021.270	199.7200
3025.410	199.6750
3027.449	199.7350
3029.515	199.7010
3031.574	199.6750
3033.614	199.7030
3039.794	199.7270
3046.066	199.8030
3050.196	199.7680
3052.297	199.8050
3058.508	199.8490
3062.628	199.8880
3064.688	199.9340
3070.847	199.9800
3081.147	200.0560
3083.212	200.0910
3087.332	200.1170
3093.496	200.1560
3097.595	200.1970
3101.674	200.2310
3107.772	200.3020
3111.855	200.2550
3116.027	200.2990
3118.107	200.3620
3120.188	200.3310
3124.287	200.3080
3126.378	200.2730
3130.451	200.2290
3132.491	200.2660
3138.671	200.1920
3142.749	200.1690
3144.794	200.1060
3150.937	200.0420
3152.992	200.0070
3155.032	199.9860
3159.136	199.9580
3161.175	199.9340
3167.432	199.8500
3173.612	199.8230
3175.734	199.7800
3179.813	199.7510
3190.035	199.7280
3202.477	199.7560
3206.659	199.7800
3210.820	199.7270
3212.900	199.7700
3214.940	199.7920
3219.044	199.8340
3221.083	199.8600
3225.224	199.8950
3231.507	199.9290
3233.546	199.9680
3235.606	199.9930
3239.757	200.0330
3246.004	200.0580
3250.098	200.0880
3254.202	200.1340
3256.277	200.1630
3260.423	200.1950
3264.481	200.2280
3268.586	200.2580
3276.825	200.3010
3280.925	200.3260
3282.985	200.2880
3291.250	200.2340
3293.336	200.2550
3295.416	200.2870
3297.456	200.2600
3299.495	200.2270
3301.539	200.1610
3307.683	200.1210
3309.723	200.1540
3313.858	200.1060
3317.978	200.0590
3320.084	199.9900
3322.144	199.9700
3328.262	199.9130
3330.301	199.8480
3332.361	199.7970
3340.637	199.7430
3342.718	199.7800
3344.762	199.8100
3346.781	199.7600
3348.861	199.7400
3350.937	199.7060
3352.955	199.6780
3355.036	199.6510
3357.178	199.6710
3361.298	199.7010
3363.343	199.6740
3365.408	199.7080
3367.447	199.7400
3371.546	199.7180
3373.601	199.7540
3379.786	199.7780
3383.906	199.8040
3385.971	199.8580
3388.010	199.8920
3392.130	199.9180
3396.348	199.9410
3400.406	199.9800
3402.445	200.0040
3408.589	200.0820
3410.608	200.0520
3414.748	200.0750
3416.772	200.1240
3418.812	200.1690
3422.890	200.1930
3426.990	200.2190
3433.159	200.2480
3435.204	200.3040
3437.227	200.2660
3441.368	200.2960
3449.551	200.2710
3455.788	200.3080
3457.853	200.2870
3459.892	200.3160
3461.972	200.2900
3466.092	200.2250
3472.318	200.1710
3474.378	200.1260
3482.634	200.0820
3486.753	200.0350
3492.892	200.0000
3495.014	199.9490
3499.118	199.9040
3501.137	199.8480
3505.298	199.8110
3509.397	199.7870
3515.598	199.7480
3519.718	199.7160
3521.803	199.6580
3525.923	199.7090
3527.973	199.6830
3530.002	199.6610
3532.072	199.6920
3534.122	199.7130
3536.187	199.6830
3538.206	199.7070
3540.281	199.7380
3546.533	199.7790
3548.572	199.8030
3552.692	199.8340
3556.796	199.8080
3558.877	199.8540
3560.937	199.9000
3565.036	199.9360
3569.197	199.9670
3573.276	200.0020
3577.401	200.0390
3581.521	200.0670
3587.680	200.1110
3589.761	200.1430
3591.841	200.2080
3593.880	200.2380
3595.920	200.2060
3600.024	200.2550
3604.185	200.2870
3622.730	200.3120
3628.889	200.2620
3632.994	200.2300
3639.153	200.1960
3641.238	200.1720
3643.334	200.1220
3645.415	200.1000
3649.514	200.0660
3651.615	200.0240
3655.802	199.9970
3659.943	199.9670
3664.063	199.8930
3670.186	199.8560
3672.246	199.7830
3674.306	199.8080
3680.408	199.7570
3684.564	199.7310
3688.689	199.7080
3692.788	199.6790
3698.989	199.7450
3701.049	199.7140
3703.088	199.7400
3707.151	199.7140
3709.232	199.7430
3713.403	199.7230
3715.442	199.7900
3717.580	199.8170
3719.614	199.8410
3721.715	199.8730
3723.759	199.8470
3727.879	199.9100
3732.020	199.9360
3734.100	199.9650
3738.220	200.0170
3740.265	199.9930
3742.350	200.0410
3744.462	200.1100
3746.501	200.0860
3752.645	200.1600
3754.664	200.1340
3758.768	200.1670
3760.828	200.2060
3767.028	200.2430
3779.543	200.2990
3783.662	200.3320
3789.811	200.2970
3793.905	200.2700
3798.005	200.2400
3802.171	200.1830
3810.395	200.1270
3816.549	200.0790
3818.589	200.0520
3820.690	200.0020
3822.729	199.9730
3826.808	199.9430
3830.969	199.9110
3835.022	199.8560
3837.041	199.8080
3839.100	199.8510
3841.145	199.8100
3845.265	199.7460
3849.364	199.7660
3851.429	199.7410
3853.469	199.6890
3855.523	199.7160
3857.583	199.7380
3861.744	199.7160
3867.945	199.6910
3872.065	199.7180
3876.246	199.7540
3878.306	199.7830
3880.392	199.8210
3882.447	199.8000
3884.507	199.8370
3886.546	199.8780
3888.709	199.9220
3903.108	199.9730
3905.168	200.0030
3907.212	200.0370
3915.411	200.0820
3919.562	200.1150
3923.702	200.1760
3925.762	200.2080
3934.007	200.2290
3936.046	200.2680
3938.132	200.2450
3940.207	200.2830
3942.267	200.3210
3946.403	200.2570
3948.452	200.3030
3956.697	200.2460
3958.757	200.2790
3960.838	200.2540
3962.877	200.2230
3964.968	200.2530
3969.067	200.1820
3973.192	200.1480
3975.273	200.1220
3977.338	200.0990
3981.458	200.0470
3985.552	200.0070
3987.632	199.9450
3991.731	199.9120
3995.831	199.8900
3997.875	199.8420
4004.004	199.8210
4006.033	199.7780
4008.077	199.7290
4012.218	199.7080
4028.738	199.7550
4036.926	199.7960
4043.148	199.8170
4045.192	199.8500
4047.231	199.8760
4055.512	199.9150
4057.593	199.9360
4063.737	199.9660
4065.822	200.0190
4072.002	200.0480
4076.163	200.0910
4078.223	200.1490
4080.262	200.1000
4084.387	200.1310
4086.406	200.1680
4090.464	200.2130
4096.587	200.2460
4100.687	200.2190
4102.772	200.2490
4104.812	200.2740
4106.851	200.3020
4108.911	200.2680
4110.930	200.3080
4112.969	200.2780
4115.014	200.2510
4121.132	200.2160
4127.353	200.2430
4129.412	200.2200
4133.666	200.1720
4135.726	200.1430
4139.856	200.1170
4145.995	200.0560
4152.154	200.0190
4154.214	199.9670
4156.253	199.9420
4160.353	199.8700
4162.413	199.8480
4164.473	199.8770
4166.517	199.8220
4170.596	199.7560
4172.645	199.7360
4189.233	199.7560
4191.293	199.7280
4201.644	199.7580
4203.684	199.7840
4207.824	199.7520
4209.905	199.8300
4211.944	199.8100
4213.983	199.8390
4216.064	199.8190
4218.103	199.8540
4220.148	199.8790
4226.384	199.9200
4228.423	199.9490
4230.483	199.9720
4232.564	199.9980
4234.608	200.0190
4242.812	200.0530
4244.872	200.1180
4257.309	200.1530
4259.415	200.2040
4265.621	200.2270
4269.751	200.2790
4271.795	200.2210
4273.871	200.2700
4277.975	200.2920
4292.374	200.2500
4296.458	200.2150
4302.638	200.1900
4304.677	200.1600
4306.804	200.1320
4308.864	200.0990
4313.040	200.0500
4315.080	200.0050
4317.160	200.0470
4319.241	199.9930
4321.301	199.9380
4325.405	199.8820
4331.621	199.9020
4333.686	199.8740
4335.782	199.8330
4337.827	199.7930
4341.967	199.7660
4348.126	199.7000
4350.145	199.7300
4352.189	199.7000
4354.229	199.7240
4358.349	199.6950
4362.489	199.7350
4372.758	199.7700
4376.878	199.8000
4383.027	199.8270
4385.092	199.8750
4393.347	199.9190
4397.446	199.9520
4401.587	200.0020
4403.626	199.9630
4405.671	199.9990
4407.710	200.0580
4413.869	200.1000
4415.950	200.1480
4420.131	200.2060
4422.171	200.1340
4426.270	200.2130
4428.330	200.2640
4430.410	200.2910
4432.450	200.2580
4444.753	200.2790
4446.813	200.3030
4448.873	200.2780
4452.977	200.2540
4459.188	200.2210
4461.253	200.2550
4463.313	200.2280
4465.378	200.1920
4473.612	200.1290
4475.672	200.1030
4481.914	200.0670
4483.958	200.0350
4490.174	199.9680
4492.296	199.9030
4498.445	199.8770
4500.489	199.8370
4502.549	199.8680
4504.568	199.8370
4506.628	199.7930
4510.732	199.7320
4518.972	199.7540
4521.012	199.7210
4535.477	199.7440
4539.577	199.7780
4541.637	199.8400
4543.676	199.8020
4545.715	199.8290
4551.978	199.8510
4554.017	199.8710
4556.077	199.9070
4558.137	199.8650
4560.228	199.8980
4564.311	199.9280
4566.371	199.9810
4572.572	200.0180
4576.650	200.0430
4578.690	200.0740
4580.734	200.1000
4584.813	200.1230
4586.863	200.1690
4588.943	200.1260
4593.125	200.1660
4595.205	200.1960
4601.431	200.2490
4605.520	200.2760
4609.609	200.2970
4613.688	200.2520
4615.753	200.2950
4617.870	200.2530
4623.993	200.3160
4626.017	200.2340
4628.072	200.2050
4632.171	200.2300
4636.255	200.1840
4644.541	200.1260
4646.642	200.0810
4650.741	200.0410
4656.921	199.9400
4659.002	199.9180
4661.062	199.8880
4667.262	199.8140
4677.670	199.7700
4679.755	199.7400
4681.800	199.7110
4685.879	199.6820
4687.939	199.7230
4692.028	199.7030
4698.202	199.7250
4700.267	199.6890
4702.343	199.7310
4706.426	199.7790
4708.486	199.8110
4712.663	199.7820
4716.772	199.8070
4718.827	199.8400
4720.867	199.8690
4722.952	199.9010
4725.028	199.9270
4729.127	199.9660
4735.333	199.9900
4737.351	199.9380
4739.432	199.9860
4743.552	200.0160
4747.651	200.0600
4751.755	200.0920
4759.975	200.1480
4766.154	200.1730
4768.235	200.2080
4774.399	200.2340
4784.678	200.2670
4788.803	200.2460
4792.964	200.2850
4797.074	200.2640
4801.220	200.2250
4803.321	200.2600
4805.391	200.2060
4809.506	200.1780
4811.566	200.1390
4813.605	200.1080
4815.644	200.1310
4819.708	200.0630
4821.747	200.1250
4823.802	200.0820
4825.867	200.0180
4827.927	200.0400
4829.987	199.9990
4834.091	199.9520
4836.110	199.9060
4840.291	199.8620
