Elapsed time [s]	Value [0,100]
0.000	3.464220
1.233	3.654850
3.295	3.586210
5.335	3.617210
7.413	3.627050
9.534	3.644230
11.594	3.618640
13.675	3.619850
15.696	3.682790
17.756	3.656830
19.795	3.615170
21.876	3.573090
23.977	3.702400
26.016	3.557120
28.097	3.580250
30.159	3.631780
32.219	3.579480
34.279	3.646020
36.401	3.594750
38.440	3.680210
40.521	3.679000
42.601	3.578940
44.682	3.726270
46.755	3.587320
48.792	3.583180
50.898	3.627690
52.953	3.633900
54.992	3.557780
57.052	3.500540
59.117	3.595870
61.174	3.588210
63.214	3.607070
65.274	3.604050
67.336	3.610880
69.437	3.608580
71.518	3.602150
73.578	3.674570
75.617	3.745260
77.659	3.504030
79.719	3.641120
81.838	3.639210
83.880	3.656150
85.919	3.595550
87.979	3.641540
90.060	3.598720
92.099	3.668690
94.180	3.628130
96.222	3.733090
98.341	3.650290
100.380	3.551230
102.463	3.700530
104.523	3.606840
106.663	3.666410
108.723	3.737920
110.783	3.545910
112.866	3.748800
114.926	3.646150
116.945	3.724440
118.986	3.680120
121.028	3.725130
123.047	3.610520
125.107	3.694750
127.167	3.660870
129.188	3.638650
131.248	3.648910
133.308	3.560140
135.417	3.518110
137.459	3.706790
139.498	3.620480
141.520	3.595720
143.580	3.708470
145.642	3.591130
147.702	3.552210
149.721	3.642150
151.822	3.555800
153.861	3.614850
155.903	3.677780
157.963	3.713090
160.002	3.671110
162.044	3.621210
164.166	3.577040
166.223	3.554440
168.283	3.675800
170.364	3.598080
172.426	3.515560
174.486	3.532060
176.528	3.528690
178.568	3.595870
180.607	3.761400
182.649	3.698320
184.688	3.625340
186.727	3.527390
188.787	3.582560
190.868	3.738740
192.910	3.652320
194.970	3.607600
196.991	3.682510
199.030	3.604640
201.090	3.700450
203.132	3.625440
205.195	3.580940
207.257	3.691940
209.366	3.570730
211.439	3.614110
213.499	3.568100
215.541	3.571980
217.619	3.754470
219.702	3.647010
221.741	3.705890
223.760	3.576190
225.822	3.515360
227.862	3.587970
230.014	3.628230
232.077	3.635820
234.116	3.530320
236.197	3.633900
238.277	3.571020
240.337	3.600400
242.379	3.681390
244.398	3.529920
246.458	3.543330
248.518	3.599820
250.614	3.730140
252.674	3.609930
254.775	3.618910
256.879	3.611070
258.939	3.634420
260.978	3.523960
263.020	3.551710
265.041	3.612450
267.080	3.610850
269.161	3.641670
271.182	3.632910
273.222	3.649700
275.261	3.570550
277.383	3.685020
279.401	3.584830
281.482	3.661880
283.604	3.707200
285.733	3.661780
287.752	3.606690
289.871	3.682600
291.910	3.659670
293.970	3.567990
296.051	3.707940
298.111	3.661610
300.153	3.649410
302.192	3.689270
304.234	3.698790
306.294	3.643840
308.333	3.608780
310.450	3.763260
312.510	3.665730
314.590	3.523210
316.671	3.645500
318.713	3.587680
320.770	3.650710
322.833	3.683920
324.872	3.641440
326.973	3.688600
329.095	3.821180
331.175	3.638450
333.235	3.656740
335.277	3.641300
337.337	3.723120
339.397	3.649400
341.457	3.611280
343.556	3.679120
345.616	3.623610
347.717	3.658140
349.784	3.709080
351.806	3.618470
353.866	3.690260
355.905	3.741340
357.947	3.509610
359.986	3.632630
362.028	3.774650
364.088	3.688330
366.184	3.632180
368.221	3.669430
370.281	3.644950
372.323	3.639020
374.383	3.626640
376.463	3.733910
378.523	3.594210
380.604	3.589210
382.643	3.596640
384.703	3.653870
386.781	3.714340
388.864	3.608500
390.924	3.730320
392.963	3.623710
395.005	3.673620
397.083	3.730810
399.104	3.720410
401.205	3.612580
403.286	3.664000
405.367	3.642630
407.447	3.582430
409.528	3.671200
411.585	3.649290
413.606	3.656140
415.648	3.824550
417.747	3.764680
419.789	3.655020
421.849	3.629210
423.909	3.781660
426.030	3.775520
428.070	3.679550
430.109	3.637890
432.192	3.733030
434.270	3.671200
436.312	3.684960
438.351	3.689180
440.452	3.747790
442.492	3.717440
444.554	3.689440
446.614	3.644860
448.654	3.746050
450.693	3.694220
452.773	3.708600
454.836	3.674010
456.875	3.725490
458.915	3.687010
460.954	3.736000
463.016	3.691990
465.076	3.740910
467.118	3.670280
469.199	3.798470
471.277	3.774400
473.337	3.736050
477.477	3.738730
479.519	3.814820
481.579	3.787900
483.680	3.705930
485.761	3.710410
487.821	3.737040
489.860	3.694230
491.943	3.763140
493.982	3.751920
496.004	3.687630
498.082	3.827080
500.121	3.840570
502.181	3.758470
504.262	3.805630
506.363	3.816520
508.405	3.766150
510.439	3.692530
512.483	3.727350
514.566	3.792740
516.667	3.762990
518.707	3.717300
520.790	3.633070
522.829	3.805570
524.930	3.715020
527.029	3.762960
529.130	3.693240
531.172	3.629170
533.211	3.807480
537.293	3.724360
539.332	3.663080
541.428	3.830100
543.470	3.783050
545.509	3.706900
547.551	3.665020
549.590	3.729340
551.650	3.734700
553.731	3.762260
555.752	3.706450
557.833	3.696820
559.913	3.806890
562.012	3.674790
564.092	3.684360
566.173	3.747900
568.233	3.573240
570.275	3.570790
572.294	3.771970
574.335	3.667230
576.395	3.670230
578.476	3.542560
580.556	3.645450
582.598	3.582280
584.640	3.633230
586.659	3.568780
588.773	3.661440
590.869	3.720630
592.908	3.663400
594.968	3.597340
597.069	3.590570
599.111	3.583490
601.153	3.650680
603.193	3.617440
605.232	3.575220
607.310	3.578650
609.393	3.563860
611.432	3.515270
613.474	3.533540
615.493	3.551150
617.532	3.505720
619.574	3.526870
621.655	3.627540
623.715	3.529390
625.777	3.528730
627.847	3.583660
629.889	3.588450
631.949	3.598130
634.030	3.536450
636.108	3.552790
638.129	3.543470
640.230	3.498870
642.290	3.642830
644.430	3.509510
646.490	3.603490
648.630	3.608710
650.672	3.535580
652.711	3.668920
654.771	3.473090
656.813	3.552720
658.932	3.630540
660.974	3.543470
663.075	3.553860
665.155	3.565920
667.195	3.685910
669.255	3.586880
671.338	3.589210
673.416	3.588380
675.476	3.584170
677.520	3.675290
679.557	3.695410
681.638	3.642360
683.679	3.563990
685.719	3.676220
687.758	3.636010
689.818	3.605710
691.878	3.497500
693.920	3.726290
695.959	3.692080
698.022	3.612060
700.061	3.652510
702.139	3.613020
704.163	3.703910
706.182	3.689890
708.257	3.626270
710.358	3.688680
712.457	3.586460
714.581	3.619460
716.620	3.637090
718.680	3.666070
720.702	3.753170
722.762	3.717880
724.801	3.505090
726.843	3.678460
728.882	3.690540
730.921	3.727260
732.963	3.588110
735.023	3.764920
737.086	3.677060
739.125	3.596220
741.144	3.609430
743.165	3.710470
745.248	3.568400
747.308	3.700800
749.389	3.642950
751.431	3.587520
753.470	3.603940
755.530	3.582490
757.652	3.598740
759.691	3.658430
761.751	3.717350
763.852	3.604370
765.920	3.535520
767.959	3.542940
770.081	3.713250
772.141	3.604580
774.183	3.631380
776.222	3.587120
778.261	3.700210
780.342	3.616420
782.381	3.623960
784.423	3.650420
786.504	3.669540
788.584	3.600590
790.624	3.505760
792.645	3.676880
794.684	3.643660
796.726	3.502590
798.789	3.683650
800.828	3.713030
802.950	3.661560
804.989	3.700120
807.031	3.618440
809.091	3.618850
811.200	3.752650
813.280	3.576310
815.302	3.618990
817.382	3.571750
819.465	3.505970
821.502	3.609630
823.603	3.651990
825.681	3.591250
827.800	3.649020
829.842	3.638300
831.902	3.702750
833.941	3.585120
836.004	3.680900
838.064	3.685830
840.103	3.656420
842.125	3.651550
844.164	3.666440
846.185	3.652580
848.284	3.755500
850.331	3.654210
852.388	3.557450
854.448	3.602040
856.565	3.741870
858.586	3.673500
860.705	3.775410
862.727	3.559490
864.825	3.670000
866.924	3.627440
868.986	3.617990
871.007	3.635320
873.047	3.698710
875.130	3.628010
877.190	3.687170
879.211	3.545000
881.330	3.686990
883.411	3.575960
885.491	3.667820
887.572	3.571450
889.632	3.593230
891.712	3.717450
893.780	3.653410
895.822	3.723800
897.882	3.609220
899.983	3.585810
902.043	3.605740
904.103	3.604060
906.183	3.639530
908.243	3.574360
910.283	3.604100
912.325	3.698560
914.364	3.689190
916.406	3.560990
918.445	3.540840
920.505	3.656510
922.565	3.588070
924.607	3.572400
926.626	3.658090
928.668	3.608740
930.725	3.556050
932.749	3.626990
934.814	3.563410
936.897	3.644000
938.936	3.588930
940.976	3.632650
943.036	3.609670
945.186	3.642210
947.207	3.626820
949.326	3.639570
951.412	3.512220
953.474	3.718010
955.573	3.545900
957.656	3.629130
959.737	3.576150
961.776	3.731790
963.836	3.535690
965.916	3.588430
968.000	3.610440
970.018	3.783560
972.140	3.758100
974.200	3.510380
976.239	3.705640
978.281	3.695080
980.321	3.592450
982.362	3.631100
984.402	3.642480
986.467	3.635310
988.542	3.670380
990.584	3.572250
992.642	3.563870
994.722	3.652790
996.803	3.641510
998.842	3.539040
1000.946	3.644260
1002.985	3.657340
1005.076	3.626920
1007.144	3.587490
1009.245	3.668810
1011.292	3.607850
1013.395	3.678520
1015.455	3.703750
1017.477	3.633130
1019.516	3.594880
1021.597	3.708810
1023.656	3.605710
1025.737	3.747410
1027.776	3.646440
1029.818	3.607710
1031.878	3.698430
1033.959	3.395450
1036.021	3.675400
1038.120	3.649860
1040.180	3.592930
1042.242	3.627050
1044.300	3.570190
1046.321	3.714910
1048.409	3.626260
1050.431	3.566720
1052.529	3.697160
1054.571	3.652830
1056.634	3.540740
1058.673	3.593210
1060.735	3.706670
1062.816	3.611990
1064.992	3.546450
1067.034	3.652330
1069.094	3.537530
1071.215	3.606250
1073.355	3.629090
1075.394	3.589060
1077.434	3.621620
1079.476	3.528780
1081.538	3.498670
1083.616	3.653150
1085.738	3.589050
1087.798	3.632210
1089.819	3.608900
1091.900	3.621600
1093.939	3.592510
1096.063	3.649810
1098.100	3.626270
1100.142	3.578110
1102.181	3.663000
1104.221	3.633470
1106.281	3.536960
1108.322	3.664430
1110.362	3.508010
1112.401	3.654240
1114.440	3.624750
1116.462	3.695300
1118.524	3.737770
1120.566	3.624160
1122.647	3.658110
1124.699	3.683230
1126.707	3.580660
1128.793	3.681300
1130.894	3.591410
1135.055	3.557250
1137.136	3.706110
1139.178	3.643720
1141.238	3.593560
1143.298	3.696310
1145.358	3.714940
1147.397	3.686700
1149.457	3.729820
1151.517	3.680620
1153.579	3.653470
1155.619	3.537610
1157.679	3.526120
1159.741	3.536470
1161.780	3.621670
1163.840	3.638230
1165.862	3.570020
1167.922	3.713790
1169.963	3.588580
1172.003	3.662470
1174.045	3.664380
1176.084	3.588650
1178.126	3.513870
1180.186	3.577690
1182.246	3.494840
1184.285	3.591320
1186.345	3.568580
1188.387	3.562060
1190.506	3.605900
1192.569	3.576330
1194.608	3.535950
1196.650	3.736800
1198.728	3.621900
1200.790	3.491220
1202.830	3.654380
1204.872	3.512880
1206.890	3.603090
1208.932	3.636210
1211.013	3.628180
1213.052	3.560600
1215.133	3.749580
1217.175	3.647090
1219.214	3.604860
1221.253	3.489530
1223.393	3.708190
1225.435	3.616080
1227.505	3.684790
1229.545	3.586450
1231.664	3.633970
1233.806	3.556000
1235.907	3.689060
1238.008	3.662640
1240.050	3.632940
1242.090	3.677400
1244.129	3.583850
1246.230	3.550600
1248.308	3.731260
1250.347	3.599840
1252.397	3.617310
1254.454	3.676360
1256.535	3.626480
1258.577	3.592910
1260.596	3.601530
1262.655	3.585240
1264.736	3.613600
1266.817	3.591510
1268.858	3.537060
1270.918	3.667600
1272.958	3.677790
1275.018	3.522490
1277.039	3.634150
1279.078	3.683990
1281.100	3.630500
1283.232	3.534040
1285.271	3.574760
1287.372	3.645540
1289.391	3.664670
1291.474	3.504690
1293.555	3.598080
1295.694	3.527180
1297.734	3.705500
1299.773	3.576020
1301.815	3.609460
1303.875	3.626180
1305.968	3.658300
1308.093	3.576900
1310.173	3.589040
1312.256	3.683410
1314.316	3.521590
1316.355	3.583570
1318.436	3.653230
1320.496	3.629520
1322.538	3.567120
1324.577	3.655980
1326.678	3.670640
1328.738	3.575530
1330.760	3.638280
1332.840	3.547460
1334.900	3.701690
1336.921	3.661790
1338.940	3.500180
1340.982	3.535800
1343.114	3.666180
1345.156	3.583100
1347.198	3.629760
1349.237	3.679230
1351.318	3.614340
1353.378	3.635420
1355.479	3.725920
1357.539	3.570070
1359.619	3.583810
1361.720	3.582830
1363.739	3.616220
1365.781	3.748260
1367.841	3.629500
1369.901	3.815060
1372.079	3.628610
1374.157	3.499270
1376.258	3.616290
1378.300	3.570740
1380.378	3.657740
1382.467	3.623640
1384.498	3.618710
1386.519	3.668700
1388.600	3.610690
1390.660	3.608780
1392.699	3.591740
1394.759	3.681230
1396.840	3.601080
1398.902	3.602870
1400.921	3.575570
1402.940	3.591180
1404.982	3.617770
1407.021	3.488880
1409.063	3.557960
1411.102	3.654620
1413.201	3.564880
1415.263	3.619850
1417.303	3.577660
1419.342	3.672160
1421.407	3.599500
1423.490	3.594690
1425.666	3.551380
1427.747	3.574390
1429.806	3.588030
1431.902	3.630280
1434.006	3.606340
1436.025	3.627900
1438.064	3.550160
1440.127	3.575160
1442.166	3.551410
1444.208	3.684950
1446.260	3.606300
1448.325	3.545820
1450.401	3.634220
1452.443	3.602400
1454.464	3.595090
1456.524	3.638810
1458.622	3.647390
1460.682	3.558580
1462.742	3.637600
1464.802	3.662390
1466.842	3.661930
1468.881	3.718910
1470.905	3.591930
1472.965	3.463590
1475.004	3.584730
1477.049	3.692420
1479.108	3.615060
1481.168	3.542730
1483.208	3.546040
1485.345	3.577120
1487.369	3.638790
1489.491	3.622800
1491.592	3.701460
1493.713	3.652170
1495.753	3.563350
1497.792	3.610760
1499.811	3.599710
1501.891	3.559540
1503.956	3.736900
1505.996	3.753330
1508.056	3.593550
1510.136	3.645940
1512.155	3.457780
1514.215	3.563000
1516.275	3.664280
1518.335	3.733590
1520.395	3.528030
1522.516	3.557820
1524.556	3.723990
1526.616	3.624670
1528.655	3.637740
1530.700	3.550510
1532.739	3.631120
1534.778	3.479440
1536.818	3.493410
1538.919	3.682510
1540.999	3.580530
1543.023	3.541230
1545.202	3.636390
1547.261	3.519520
1549.301	3.534580
1551.402	3.569450
1553.534	3.567370
1555.615	3.622090
1557.674	3.482850
1559.755	3.529820
1561.815	3.655630
1563.895	3.575780
1565.935	3.663800
1567.974	3.529640
1570.013	3.683610
1572.037	3.583900
1574.077	3.645970
1576.157	3.570450
1578.217	3.502300
1580.298	3.643540
1582.378	3.601450
1584.443	3.544620
1586.457	3.610870
1588.507	3.630580
1590.541	3.588110
1592.621	3.580250
1594.640	3.628030
1596.679	3.694670
1598.719	3.559980
1600.779	3.576600
1602.844	3.675160
1604.883	3.773850
1606.922	3.646680
1609.044	3.669350
1611.119	3.659630
1613.195	3.542120
1615.234	3.521910
1617.253	3.644600
1619.292	3.600150
1621.332	3.618340
1623.417	3.673980
1625.457	3.655870
1627.496	3.692820
1629.556	3.633340
1631.575	3.480870
1633.655	3.637160
1635.695	3.580930
1637.775	3.741580
1639.835	3.595250
1641.895	3.712710
1643.975	3.537390
1646.077	3.566380
1648.121	3.666180
1650.160	3.643420
1652.241	3.563520
1654.280	3.534890
1656.320	3.466690
1658.400	3.502440
1660.460	3.589190
1664.565	3.638520
1666.681	3.509590
1668.746	3.531490
1670.827	3.591680
1672.907	3.569070
1674.967	3.494800
1677.007	3.594950
1679.046	3.537890
1681.106	3.475960
1683.207	3.423460
1685.246	3.595170
1687.291	3.600120
1689.351	3.486750
1691.426	3.654220
1693.491	3.509550
1695.572	3.642480
1697.632	3.585740
1699.650	3.467440
1701.690	3.608290
1703.729	3.603120
1705.799	3.594500
1707.900	3.585530
1709.940	3.665840
1712.041	3.621030
1714.142	3.551090
1716.161	3.623900
1718.200	3.660590
1720.239	3.637840
1722.320	3.606440
1724.380	3.641660
1726.440	3.630760
1728.562	3.749550
1730.627	3.591740
1732.743	3.587060
1734.767	3.708190
1736.827	3.570190
1738.866	3.635770
1740.988	3.630290
1743.048	3.598830
1745.087	3.775710
1747.168	3.647160
1749.249	3.563060
1751.272	3.555810
1753.332	3.713660
1755.433	3.555780
1757.473	3.521720
1759.492	3.561950
1761.531	3.577830
1763.550	3.612940
1765.610	3.533210
1767.659	3.611550
1769.719	3.614320
1771.758	3.611200
1773.782	3.560590
1775.863	3.547480
1777.923	3.527450
1779.942	3.602940
1782.022	3.703830
1784.123	3.604890
1786.204	3.586420
1788.274	3.703030
1790.293	3.518440
1792.394	3.513620
1794.474	3.598750
1796.534	3.510660
1798.553	3.573610
1800.634	3.521580
1802.678	3.609220
1804.717	3.543770
1806.777	3.543220
1808.879	3.607290
1810.918	3.651450
1812.978	3.609360
1815.038	3.624250
1817.098	3.574230
1819.137	3.593640
1821.218	3.464080
1823.278	3.579620
1825.301	3.614990
1827.341	3.544430
1829.380	3.500760
1831.461	3.463160
1833.500	3.602320
1835.580	3.526990
1837.604	3.678250
1839.680	3.578770
1841.765	3.647590
1843.805	3.701980
1845.844	3.591870
1848.007	3.592430
1850.067	3.539780
1852.127	3.608490
1854.187	3.550490
1856.267	3.474890
1858.307	3.580230
1860.408	3.693030
1862.468	3.689760
1864.528	3.549360
1866.567	3.663630
1868.689	3.718140
1870.728	3.627160
1872.767	3.531170
1874.827	3.729590
1876.867	3.619670
1878.927	3.555490
1881.028	3.599560
1883.088	3.621470
1885.112	3.570110
1887.172	3.586650
1889.211	3.623120
1891.255	3.613790
1893.300	3.576570
1895.350	3.525670
1897.394	3.597720
1899.475	3.484730
1901.498	3.529580
1903.538	3.625490
1905.618	3.663550
1907.678	3.616670
1909.779	3.579750
1911.839	3.627640
1913.899	3.567500
1915.939	3.640310
1918.014	3.507570
1920.058	3.592040
1922.180	3.518990
1924.220	3.497620
1926.316	3.532060
1928.319	3.612210
1930.363	3.555970
1932.423	3.557930
1934.463	3.564620
1936.502	3.547110
1938.546	3.668430
1940.586	3.587970
1942.625	3.595760
1944.664	3.605120
1946.683	3.658470
1948.743	3.603470
1950.798	3.463680
1952.899	3.600370
1954.938	3.531590
1957.039	3.561830
1959.120	3.586950
1963.219	3.619750
1965.279	3.538130
1967.401	3.586150
1969.461	3.485400
1971.552	3.539130
1973.673	3.553770
1975.713	3.538350
1977.752	3.652760
1979.848	3.464030
1981.913	3.627230
1983.989	3.593170
1986.069	3.537880
1988.114	3.667690
1990.153	3.565910
1992.192	3.552520
1994.232	3.543700
1996.292	3.481510
1998.352	3.505550
2000.411	3.714660
2002.435	3.568840
2004.454	3.630530
2006.524	3.603500
2008.564	3.712040
2010.644	3.610200
2012.663	3.725910
2014.707	3.601030
2016.788	3.593120
2018.858	3.724460
2020.928	3.732880
2023.009	3.621690
2025.048	3.607860
2027.170	3.697380
2029.266	3.576810
2031.285	3.669610
2033.345	3.658620
2035.369	3.658180
2037.429	3.536110
2039.514	3.586120
2041.574	3.660780
2043.634	3.630110
2045.673	3.631740
2047.713	3.661840
2049.773	3.528220
2051.817	3.545410
2053.872	3.670560
2055.994	3.595570
2058.012	3.622810
2060.114	3.532410
2062.194	3.543460
2064.254	3.596640
2066.314	3.570630
2068.374	3.540000
2070.434	3.549600
2072.478	3.519330
2074.518	3.612570
2076.578	3.446890
2078.617	3.628060
2080.656	3.490140
2082.716	3.525490
2084.756	3.540180
2086.815	3.550640
2088.896	3.558220
2093.067	3.488190
2095.086	3.449310
2097.187	3.450200
2099.247	3.499530
2101.287	3.533880
2103.346	3.504770
2105.427	3.501050
2107.451	3.619950
2109.511	3.533920
2111.571	3.649430
2113.672	3.623020
2115.711	3.524200
2117.766	3.504240
2119.836	3.643650
2121.891	3.602710
2123.930	3.589320
2125.995	3.637290
2128.035	3.596540
2130.054	3.618520
2132.134	3.678530
2134.173	3.614920
2136.233	3.609680
2138.314	3.525930
2140.374	3.542750
2142.413	3.696110
2144.453	3.651050
2146.523	3.601310
2148.634	3.682230
2150.674	3.624530
2152.733	3.658980
2154.860	3.562790
2156.900	3.676600
2158.944	3.662160
2160.963	3.685250
2163.002	3.682880
2165.062	3.607840
2167.127	3.543160
2169.187	3.564070
2171.227	3.575110
2173.328	3.603710
2175.367	3.662220
2177.448	3.679770
2179.507	3.587920
2181.547	3.643370
2183.607	3.696990
2185.651	3.557110
2187.691	3.541380
2189.730	3.571070
2191.769	3.516980
2193.814	3.556610
2195.853	3.699400
2197.949	3.565950
2200.009	3.584130
2202.048	3.448100
2204.093	3.485940
2206.209	3.597110
2208.300	3.503730
2210.360	3.586070
2212.461	3.547390
2214.501	3.425400
2216.566	3.494050
2218.621	3.581530
2220.680	3.584020
2222.704	3.483110
2224.764	3.571550
2226.824	3.546060
2228.843	3.495080
2230.903	3.546160
2233.004	3.392420
2235.043	3.539250
2237.124	3.574580
2239.204	3.431060
2241.264	3.389360
2243.304	3.459720
2245.348	3.718780
2247.408	3.554260
2249.468	3.459190
2251.487	3.568890
2253.526	3.485670
2255.545	3.571200
2257.656	3.588650
2259.737	3.556970
2261.797	3.581670
2263.821	3.520700
2265.860	3.619270
2268.013	3.684680
2270.067	3.667080
2272.112	3.686760
2274.203	3.610640
2276.242	3.584260
2278.343	3.627450
2280.408	3.652970
2282.448	3.765410
2284.508	3.649420
2286.547	3.708940
2288.648	3.623550
2290.667	3.578120
2292.768	3.657370
2294.787	3.609740
2296.831	3.647820
2298.907	3.776570
2300.992	3.610020
2303.032	3.666620
2305.071	3.620750
2307.110	3.606440
2309.134	3.542420
2311.215	3.696050
2313.275	3.593290
2315.314	3.652080
2317.394	3.622460
2319.475	3.594350
2321.535	3.504950
2323.559	3.630130
2325.619	3.426320
2327.699	3.468260
2329.770	3.566540
2331.917	3.596740
2333.962	3.645970
2336.021	3.469090
2338.066	3.466830
2340.146	3.483430
2342.248	3.581250
2344.328	3.585080
2346.388	3.472250
2348.448	3.497470
2350.467	3.543880
2352.578	3.443620
2354.648	3.492470
2356.708	3.543160
2358.748	3.475050
2360.808	3.406120
2362.888	3.508030
2364.948	3.596450
2367.049	3.610670
2369.094	3.478120
2371.154	3.464060
2373.250	3.425800
2375.335	3.558510
2377.411	3.476600
2379.476	3.487080
2381.536	3.449240
2383.596	3.557050
2385.614	3.462950
2387.695	3.531540
2389.775	3.541120
2391.897	3.514240
2393.967	3.608620
2396.007	3.492690
2398.046	3.540760
2400.106	3.741750
2402.166	3.581010
2404.226	3.629340
2406.270	3.678340
2408.310	3.753570
2410.411	3.525240
2412.450	3.679970
2414.510	3.607860
2416.534	3.665580
2418.609	3.684940
2420.675	3.606940
2422.719	3.749600
2424.779	3.695890
2426.834	3.752970
2428.873	3.616810
2430.948	3.591360
2433.014	3.675600
2435.094	3.707920
2437.159	3.599780
2439.235	3.614260
2441.300	3.654870
2443.339	3.666080
2445.394	3.627730
2447.459	3.626170
2449.498	3.609010
2451.558	3.577980
2453.639	3.674720
2455.699	3.640450
2457.759	3.604110
2459.818	3.706690
2461.878	3.630200
2463.938	3.576330
2465.978	3.599410
2468.022	3.571800
2470.062	3.463960
2472.121	3.497410
2474.161	3.588460
2476.221	3.590250
2478.301	3.514110
2480.341	3.618840
2482.380	3.371520
2484.460	3.519040
2486.505	3.509560
2488.544	3.478820
2490.584	3.484630
2492.644	3.425530
2494.704	3.437190
2496.784	3.410870
2498.823	3.458500
2500.883	3.524970
2502.923	3.420940
2504.947	3.445140
2506.986	3.387930
2509.102	3.467080
2511.132	3.503390
2513.233	3.428920
2515.365	3.601060
2517.409	3.445720
2519.469	3.489450
2521.508	3.550520
2523.548	3.536750
2525.587	3.457940
2527.626	3.529460
2529.650	3.492000
2531.710	3.551260
2533.811	3.606450
2535.871	3.681930
2537.895	3.498900
2539.935	3.626400
2541.974	3.593330
2543.993	3.576150
2546.114	3.601520
2548.154	3.670990
2550.214	3.688190
2552.274	3.707110
2554.313	3.535430
2556.393	3.743440
2558.495	3.617330
2560.555	3.742510
2562.620	3.719830
2564.659	3.668430
2566.698	3.693270
2568.738	3.741010
2570.777	3.648220
2572.837	3.684060
2574.928	3.655630
2576.967	3.710090
2579.048	3.670830
2581.087	3.686060
2583.126	3.746730
2585.150	3.742870
2587.210	3.655180
2589.229	3.713870
2591.289	3.647940
2593.333	3.484930
2595.414	3.673410
2597.453	3.676900
2599.534	3.593980
2601.594	3.583650
2603.654	3.615320
2605.693	3.558190
2607.753	3.483480
2609.833	3.559550
2611.893	3.609020
2613.933	3.508560
2615.957	3.417700
2618.058	3.536260
2620.097	3.567030
2622.141	3.537110
2624.217	3.439270
2626.261	3.526460
2628.342	3.510870
2630.402	3.560360
2632.477	3.431760
2634.501	3.415970
2636.618	3.502420
2638.678	3.401520
2640.738	3.481920
2642.813	3.468510
2644.873	3.471790
2646.933	3.379900
2648.982	3.384890
2651.099	3.493000
2653.144	3.412090
2655.203	3.449020
2657.243	3.444850
2659.323	3.442960
2661.342	3.363300
2663.423	3.425050
2665.447	3.621290
2667.563	3.456000
2669.587	3.464540
2671.662	3.460160
2673.702	3.609700
2675.746	3.516560
2677.765	3.502180
2679.845	3.512870
2681.916	3.521000
2683.991	3.559000
2686.030	3.642420
2688.132	3.621490
2690.217	3.589590
2692.318	3.702540
2694.461	3.548570
2696.541	3.687040
2698.601	3.712880
2700.682	3.632580
2702.742	3.746710
2704.760	3.701210
2706.784	3.762510
2708.880	3.748440
2710.940	3.767310
2713.021	3.714180
2715.060	3.619520
2717.105	3.769340
2719.144	3.688460
2721.163	3.703020
2723.207	3.919600
2725.303	3.715670
2727.327	3.713200
2729.408	3.701010
2731.488	3.724060
2733.569	3.740210
2735.608	3.653780
2737.668	3.704440
2739.728	3.631630
2741.788	3.663270
2743.827	3.703820
2745.887	3.577810
2747.952	3.677490
2750.064	3.699000
2752.139	3.639750
2754.245	3.656530
2756.259	3.562550
2758.319	3.589640
2760.384	3.528820
2762.480	3.490150
2764.524	3.592080
2766.600	3.467200
2768.644	3.567250
2770.704	3.436510
2772.764	3.625180
2774.824	3.488110
2776.863	3.357420
2778.923	3.460450
2781.004	3.422030
2783.064	3.271390
2785.185	3.350020
2787.225	3.576150
2789.269	3.414800
2791.345	3.305640
2793.410	3.347230
2795.490	3.421630
2797.571	3.279320
2799.590	3.415420
2801.670	3.372050
2803.709	3.428920
2805.769	3.329420
2807.829	3.405100
2809.961	3.437630
2812.021	3.420480
2814.102	3.370790
2816.141	3.423990
2818.180	3.433990
2820.220	3.280090
2822.239	3.475770
2824.329	3.485790
2826.389	3.359000
2828.429	3.489950
2830.489	3.473940
2832.549	3.564870
2834.593	3.579810
2838.734	3.480190
2840.814	3.605250
2842.853	3.721230
2844.893	3.633850
2846.937	3.698700
2848.997	3.792590
2851.036	3.724510
2853.066	3.690540
2855.115	3.695100
2857.160	3.708430
2859.199	3.739520
2861.280	3.781340
2863.339	3.877360
2865.379	3.788020
2867.459	3.805070
2869.519	3.823790
2871.538	3.750520
2873.598	3.792760
2875.637	3.756680
2877.677	3.835270
2879.762	3.731310
2881.822	3.825520
2883.841	3.668330
2885.860	3.789360
2887.904	3.758810
2889.944	3.660170
2891.983	3.666720
2894.063	3.742770
2896.144	3.718300
2898.204	3.771780
2900.264	3.712280
2902.324	3.591480
2904.404	3.720860
2906.449	3.633620
2908.524	3.663980
2910.564	3.614420
2912.649	3.552690
2914.750	3.561880
2916.769	3.516730
2918.829	3.616730
2920.868	3.471930
2922.928	3.544460
2924.968	3.451510
2927.141	3.453200
2929.190	3.601130
2931.250	3.485610
2933.331	3.488090
2935.432	3.383780
2937.492	3.371690
2939.552	3.324730
2941.612	3.547580
2943.636	3.378850
2945.696	3.361600
2947.714	3.252990
2949.795	3.346740
2951.839	3.380920
2953.879	3.335440
2955.918	3.371160
2957.957	3.297110
2960.002	3.326250
2962.041	3.318590
2964.081	3.363370
2966.120	3.278770
2968.139	3.349020
2970.183	3.297030
2972.243	3.385360
2974.282	3.363700
2976.342	3.307290
2978.423	3.339990
2980.483	3.439350
2982.584	3.490760
2984.623	3.450100
2986.683	3.446100
2988.784	3.450440
2990.891	3.428920
2992.956	3.676730
2995.036	3.581820
2997.055	3.456570
2999.094	3.539960
3001.134	3.575190
3003.199	3.566120
3005.279	3.552740
3007.355	3.837730
3009.379	3.678360
3011.439	3.705750
3013.478	3.582490
3015.517	3.644580
3017.598	3.784920
3019.663	3.795440
3021.702	3.760770
3023.721	3.783010
3025.740	3.935390
3027.831	3.645920
3029.870	3.831230
3031.894	3.832740
3033.933	3.828660
3036.091	3.814050
3038.115	3.764110
3040.216	3.813240
3042.276	3.738770
3044.336	3.823580
3046.396	3.724690
3048.502	3.726210
3050.546	3.815850
3052.591	3.755320
3054.630	3.732830
3056.767	3.830350
3058.848	3.694660
3060.887	3.684070
3062.927	3.685560
3065.007	3.557520
3067.047	3.642990
3069.148	3.628820
3071.187	3.616850
3073.268	3.738950
3075.307	3.617650
3077.429	3.654670
3079.473	3.700810
3081.549	3.459440
3083.614	3.403440
3085.689	3.482950
3087.770	3.552060
3089.835	3.367880
3091.931	3.590370
3093.996	3.473530
3096.014	3.468470
3098.095	3.375060
3100.155	3.456850
3102.215	3.438780
3104.254	3.309770
3106.294	3.344020
3108.359	3.387880
3110.403	3.339810
3112.494	3.394080
3114.554	3.294560
3116.598	3.179110
3118.638	3.242380
3120.677	3.328060
3122.716	3.329630
3124.756	3.316230
3126.821	3.321410
3128.917	3.399180
3130.977	3.205680
3133.042	3.258580
3135.102	3.328050
3137.162	3.338330
3139.201	3.446100
3141.318	3.355810
3143.403	3.446420
3145.479	3.350810
3147.523	3.394560
3149.604	3.437050
3151.669	3.555070
3153.724	3.551730
3155.763	3.514320
3157.823	3.538610
3159.883	3.588770
3161.984	3.589870
3164.028	3.619820
3166.068	3.617450
3168.153	3.689860
3170.255	3.641100
3172.314	3.595470
3174.416	3.628320
3176.460	3.729970
3178.535	3.741250
3180.580	3.779530
3182.681	3.653920
3184.741	3.676830
3186.801	3.790930
3188.840	3.718400
3190.880	3.816150
3192.940	3.795650
3194.984	3.828230
3197.003	3.920840
3199.083	3.727300
3201.164	3.775090
3203.224	3.765700
3205.284	3.777460
3207.344	3.730760
3209.404	3.816360
3211.469	3.863020
3213.508	3.653110
3215.527	3.710280
3217.566	3.704810
3219.605	3.694170
3221.707	3.787700
3223.746	3.674220
3225.790	3.601890
3227.850	3.699030
3229.905	3.638990
3231.965	3.640950
3234.004	3.507230
3236.095	3.644380
3238.217	3.636650
3240.256	3.529210
3242.316	3.497930
3244.397	3.639920
3246.498	3.427550
3248.537	3.658950
3250.577	3.515040
3252.637	3.560650
3254.660	3.393780
3256.700	3.516710
3258.760	3.353010
3260.799	3.355400
3262.859	3.367640
3264.898	3.313470
3266.958	3.398890
3269.018	3.343240
3271.063	3.432930
3273.123	3.262210
3275.177	3.333080
3277.201	3.254750
3279.261	3.296270
3281.326	3.284420
3283.361	3.341790
3285.426	3.354000
3287.527	3.309360
3289.648	3.338260
3291.708	3.369060
3293.768	3.241060
3295.849	3.297600
3297.904	3.320630
3299.928	3.376450
3301.987	3.457700
3304.109	3.477600
3306.190	3.353950
3308.208	3.468560
3310.248	3.377860
3312.272	3.446500
3314.332	3.502490
3316.350	3.369510
3318.431	3.528960
3320.475	3.613450
3322.577	3.626740
3324.595	3.489850
3326.655	3.575110
3328.695	3.645100
3330.755	3.796020
3332.778	3.751880
3334.921	3.704570
3336.965	3.679720
3339.041	3.757640
3341.085	3.727200
3343.145	3.606900
3345.164	3.671110
3347.224	3.803690
3349.289	3.775210
3351.344	3.962540
3353.409	3.850810
3355.515	3.887040
3357.595	3.847080
3359.661	3.825510
3361.700	3.866880
3363.739	3.869890
3365.799	3.774070
3367.936	3.845070
3370.001	3.784880
3372.041	3.911030
3374.085	3.742310
3376.181	3.828450
3378.221	3.824430
3380.301	3.738720
3382.346	3.762330
3384.380	3.726540
3386.419	3.662760
3388.458	3.672510
3390.503	3.725390
3392.542	3.691230
3394.623	3.714850
3396.642	3.669700
3398.707	3.636250
3400.746	3.565920
3402.811	3.549280
3404.830	3.618560
3406.890	3.580320
3408.970	3.538630
3411.087	3.657220
3413.147	3.608280
3415.217	3.513440
3417.328	3.449630
3419.373	3.468180
3421.433	3.414550
3423.472	3.492010
3425.532	3.449780
3427.592	3.462520
3429.673	3.393090
3431.738	3.385910
3433.793	3.333830
3435.873	3.364390
3437.938	3.426200
3439.977	3.304670
3442.017	3.364610
3444.036	3.326810
3446.095	3.283960
3448.140	3.383410
3450.200	3.334420
3452.260	3.306700
3454.304	3.251560
3456.364	3.302820
3458.440	3.287760
3460.505	3.311370
3462.523	3.361900
3464.563	3.376350
3466.623	3.412820
3468.688	3.341460
3470.727	3.288250
3472.767	3.419760
3474.837	3.409070
3476.897	3.380460
3478.921	3.408530
3481.017	3.448790
3483.061	3.412850
3485.100	3.492740
3487.160	3.468420
3489.220	3.445780
3491.244	3.458280
3493.320	3.589690
3495.364	3.596670
3497.465	3.565500
3499.484	3.613760
3501.544	3.664280
3503.604	3.652900
3507.744	3.654220
3509.804	3.763750
3511.844	3.657970
3513.888	3.654320
3515.927	3.770970
3517.946	3.774960
3520.001	3.810080
3522.117	3.891140
3524.141	3.841060
3526.222	3.755530
3528.302	3.811400
3530.362	3.879550
3532.422	3.731450
3534.523	3.790130
3536.583	3.864210
3538.690	3.692610
3540.729	3.808190
3542.810	3.731560
3544.869	3.752420
3546.893	3.771740
3548.912	3.690830
3550.957	3.756850
3553.037	3.769670
3555.128	3.700330
3557.167	3.777990
3559.227	3.636460
3561.267	3.649820
3563.368	3.726980
3565.428	3.641360
3567.472	3.605510
3569.532	3.602380
3571.628	3.602800
3573.709	3.567560
3577.813	3.520710
3579.894	3.605570
3581.953	3.554420
3584.013	3.595480
3586.089	3.419140
3588.190	3.414180
3590.270	3.461260
3592.336	3.347880
3594.395	3.348710
3596.435	3.460510
3598.500	3.445490
3600.580	3.368730
3602.646	3.313050
3604.685	3.314300
3606.724	3.293540
3608.764	3.421340
3610.823	3.335660
3612.868	3.338070
3614.907	3.317830
3616.967	3.321750
3619.027	3.342130
3621.067	3.280070
3623.121	3.255720
3625.181	3.298810
3627.221	3.335670
3629.281	3.320730
3631.340	3.405800
3633.380	3.337090
3635.419	3.326490
3637.520	3.285670
3639.601	3.314870
3641.661	3.481340
3643.721	3.478530
3645.745	3.385530
3647.784	3.362480
3649.921	3.504270
3652.022	3.448910
3654.113	3.459990
3656.240	3.499760
3658.300	3.548750
3660.339	3.535100
3662.379	3.590420
3664.480	3.668290
3666.545	3.560460
3668.605	3.615940
3670.685	3.677850
3672.704	3.661240
3674.764	3.619350
3676.783	3.671790
3678.863	3.749320
3680.903	3.818200
3682.962	3.715850
3687.108	3.807850
3689.147	3.761910
3691.249	3.832600
3693.267	3.761600
3695.327	3.854950
3697.356	3.739520
3699.447	3.785160
3701.512	3.890640
3703.572	3.746960
3705.611	3.826720
3707.671	3.876280
3709.803	3.760460
3711.905	3.754830
3713.964	3.876870
3716.004	3.776500
3718.043	3.679420
3720.083	3.710830
3722.137	3.749640
3724.197	3.726800
3726.262	3.774100
3728.281	3.634320
3730.356	3.710330
3732.437	3.656350
3734.518	3.601070
3736.577	3.555760
3738.622	3.611640
3742.762	3.621140
3744.802	3.525730
3746.862	3.583830
3748.901	3.531670
3750.920	3.510330
3752.964	3.442850
3755.024	3.455760
3757.084	3.523620
3759.144	3.507250
3761.204	3.356580
3763.248	3.496680
3765.308	3.358300
3767.425	3.320980
3769.469	3.327700
3771.555	3.333480
3773.595	3.387960
3775.742	3.426350
3777.761	3.339650
3779.841	3.236780
3781.881	3.298990
3784.002	3.220910
3786.021	3.222950
3788.102	3.299540
3790.167	3.314330
3792.206	3.275270
3794.266	3.378180
3796.305	3.289890
3798.324	3.323140
3800.446	3.338070
3802.506	3.380640
3804.566	3.325420
3806.610	3.364050
3808.686	3.406000
3810.807	3.516850
3812.872	3.379260
3814.912	3.431290
3816.930	3.448930
3819.011	3.635820
3821.071	3.547790
3823.110	3.557460
3825.170	3.516230
3827.251	3.564660
3829.311	3.552300
3831.371	3.611880
3833.436	3.638520
3835.532	3.661280
3837.612	3.676370
3839.672	3.650370
3841.732	3.681540
3843.771	3.734740
3845.852	3.789140
3847.912	3.715710
3849.956	3.698530
3852.016	3.837240
3854.056	3.782960
3856.074	3.822270
3858.114	3.779690
3860.138	3.615190
3862.177	3.889490
3864.278	3.764870
3866.317	3.865170
3868.388	3.767480
3870.468	3.814690
3872.528	3.759020
3874.588	3.747740
3876.633	3.691510
3878.651	3.730850
3880.752	3.739170
3882.833	3.745930
3884.888	3.705050
3886.968	3.771760
3889.028	3.626700
3891.165	3.690420
3893.210	3.612690
3895.249	3.668230
3897.355	3.640550
3899.415	3.700310
3901.475	3.704530
3903.515	3.566860
3905.554	3.539060
3907.573	3.549910
3909.638	3.597420
3911.698	3.512970
3913.758	3.583620
3915.797	3.556040
3917.878	3.432280
3919.938	3.479280
3921.977	3.423410
3924.037	3.414080
3926.097	3.392830
3928.157	3.436320
3930.222	3.482270
3932.292	3.414100
3934.347	3.373180
3936.407	3.381890
3938.467	3.352400
3940.568	3.276770
3942.607	3.271580
3944.626	3.338440
3946.706	3.382060
3948.772	3.257620
3950.888	3.350550
3952.948	3.261330
3955.054	3.366460
3957.114	3.342520
3959.154	3.300100
3961.214	3.376940
3963.258	3.334060
3965.339	3.250530
3967.398	3.343220
3969.479	3.256170
3971.518	3.394760
3973.578	3.399440
3975.638	3.428130
3977.698	3.499050
3979.722	3.514020
3981.792	3.477680
3983.893	3.536760
3985.933	3.525700
3987.993	3.635020
3990.032	3.539180
3992.051	3.570110
3994.131	3.585090
3996.155	3.600840
3998.215	3.678530
4000.296	3.711330
4002.356	3.752370
4004.436	3.645210
4006.486	3.827660
4008.587	3.756720
4010.631	3.746960
4012.779	3.789920
4014.823	3.726280
4016.935	3.733570
4018.995	3.805850
4021.055	3.766850
4023.094	3.847150
4025.118	3.898660
4027.157	3.788750
4029.248	3.734430
4031.308	3.837950
4033.368	3.658500
4035.448	3.806600
4037.493	3.685150
4039.532	3.772090
4041.592	3.744130
4043.652	3.679830
4045.692	3.712450
4047.731	3.653330
4049.775	3.723050
4051.810	3.688420
4053.854	3.751410
4055.873	3.611050
4057.933	3.554400
4059.993	3.587500
4062.073	3.692710
4064.154	3.539370
4066.275	3.590620
4068.335	3.606970
4070.375	3.521410
4072.466	3.576100
4074.525	3.524490
4076.596	3.501200
4078.645	3.433550
4080.705	3.679990
4082.750	3.486470
4084.805	3.461280
4086.849	3.427350
4088.930	3.398220
4090.990	3.394620
4093.008	3.492210
4095.068	3.385420
4097.149	3.343040
4099.229	3.335460
4101.269	3.433110
4103.349	3.309960
4105.409	3.260780
4107.469	3.246540
4109.591	3.272020
4111.630	3.225410
4113.690	3.332920
4115.771	3.340210
4117.836	3.277550
4119.875	3.360490
4121.935	3.369230
4123.974	3.362630
4126.034	3.182970
4128.094	3.321090
4130.175	3.292660
4132.286	3.316980
4134.346	3.351020
4136.385	3.382350
4138.445	3.451330
4140.526	3.342950
4142.565	3.429490
4144.584	3.491590
4146.644	3.530780
4148.709	3.414730
4150.753	3.472920
4152.788	3.557240
4154.889	3.500190
4156.949	3.637390
4158.988	3.530850
4161.069	3.760580
4163.129	3.511680
4165.188	3.662230
4167.248	3.707080
4169.308	3.712230
4171.368	3.707440
4173.413	3.762360
4175.473	3.673760
4177.533	3.640260
4179.572	3.747470
4181.632	3.725520
4183.651	3.766280
4185.752	3.702050
4187.832	3.812230
4189.918	3.859830
4191.947	3.792600
4194.012	3.776410
4196.077	3.815960
4198.153	3.744090
4200.213	3.820550
4202.272	3.634510
4204.312	3.786610
4206.413	3.787120
4208.452	3.676270
4210.476	3.716200
4212.515	3.714590
4214.555	3.805390
4216.615	3.609200
4218.695	3.700710
4220.755	3.739860
4222.795	3.706140
4224.839	3.699720
4226.878	3.578990
4228.938	3.719310
4230.978	3.559880
4233.043	3.666140
4235.082	3.470800
4237.127	3.641890
4239.197	3.577590
4241.221	3.561290
4243.239	3.475740
4245.279	3.440260
4247.364	3.507400
4249.424	3.464570
4251.526	3.530680
4253.601	3.471600
4255.707	3.537940
4257.747	3.386750
4259.786	3.364170
4261.846	3.471390
4263.926	3.369070
4266.007	3.301060
4268.046	3.392800
4270.086	3.350820
4272.145	3.321550
4274.169	3.286480
4276.255	3.274390
4278.356	3.232500
4280.401	3.326970
4282.497	3.313590
4284.536	3.297320
4286.617	3.287980
4288.656	3.237760
4290.716	3.256140
4292.760	3.423000
4294.841	3.434220
4296.921	3.322320
4298.981	3.326180
4301.077	3.279670
4303.137	3.429220
4305.177	3.454070
4307.262	3.424480
4309.363	3.446800
4311.403	3.471660
4313.463	3.490430
4315.543	3.476420
4317.629	3.381840
4319.689	3.624930
4321.749	3.645440
4323.814	3.566170
4325.833	3.585050
4327.893	3.644980
4329.932	3.582900
4331.971	3.529170
4334.021	3.687700
4336.065	3.679020
4338.166	3.664380
4340.226	3.697690
4342.266	3.789870
4344.326	3.758890
4346.406	3.856850
4348.466	3.789360
4350.526	3.674230
4352.591	3.765380
4354.687	3.702840
4356.768	3.697700
4358.848	3.866060
4360.872	3.848340
4362.932	3.699960
4364.982	3.777680
4367.052	3.831560
4369.091	3.809110
4371.218	3.689760
4373.299	3.747110
4375.364	3.672350
4377.480	3.697070
4379.545	3.705530
4381.585	3.724300
4383.624	3.626780
4385.663	3.705810
4387.682	3.702270
4389.763	3.715370
4391.802	3.723980
4393.867	3.628620
4395.968	3.677450
4398.008	3.580140
4400.068	3.596960
4402.091	3.550970
4404.151	3.634480
4406.170	3.626220
4408.209	3.518950
4410.290	3.636460
4412.329	3.529620
4414.405	3.458430
4416.413	3.413490
4418.473	3.403200
4420.512	3.439780
4422.572	3.537220
4424.653	3.452880
4426.672	3.262240
4428.696	3.253520
4430.812	3.387030
4432.893	3.399500
4434.968	3.415040
4437.085	3.477780
4439.165	3.327230
4441.266	3.343070
4443.347	3.298000
4445.366	3.293930
4447.425	3.323140
4449.449	3.379680
4451.509	3.238950
4453.549	3.373790
4455.639	3.310510
4457.669	3.272480
4459.728	3.348820
4461.768	3.291300
4463.812	3.347730
4465.888	3.400400
4467.953	3.298460
4470.013	3.255530
4472.052	3.341900
4474.091	3.461530
4476.131	3.471610
4478.149	3.399750
4480.215	3.450370
4482.280	3.499900
4484.319	3.471530
4486.358	3.450760
4488.398	3.474580
4490.478	3.560640
4492.636	3.682990
4494.716	3.610740
4496.807	3.573820
4498.898	3.630120
4500.958	3.676820
4502.997	3.542780
4505.037	3.648670
4507.107	3.697380
4509.151	3.670520
4511.181	3.882280
4513.277	3.751470
4515.306	3.758280
4517.345	3.754000
4519.384	3.732490
4521.444	3.808610
4523.483	3.775310
4525.564	3.739670
4527.624	3.755000
4529.648	3.744620
4531.708	3.782970
4533.788	3.845670
4535.869	3.776340
4537.888	3.789670
4540.009	3.750290
4542.049	3.676450
4544.088	3.807670
4546.127	3.719970
4548.203	3.778650
4550.258	3.740810
4552.338	3.661030
4554.429	3.728510
4556.499	3.691460
4558.580	3.746550
4560.619	3.684230
4562.679	3.621420
4564.765	3.629740
4566.799	3.674390
4568.859	3.526990
4570.919	3.629250
4573.004	3.600730
4575.044	3.598990
4577.083	3.573200
4579.143	3.499530
4581.182	3.459600
4583.253	3.503270
4585.302	3.389090
4587.383	3.368240
4589.407	3.603560
4591.467	3.386870
4593.563	3.376750
4595.628	3.373530
4597.667	3.406760
4599.747	3.395590
4601.787	3.332430
4603.831	3.404040
4605.871	3.275220
4607.972	3.358170
4610.057	3.299060
4612.169	3.377040
4614.229	3.342530
4616.253	3.395640
4618.400	3.213470
4620.429	3.321460
4622.551	3.251530
4624.590	3.286650
4626.650	3.386760
4628.679	3.361420
4630.729	3.251220
4632.830	3.298720
4634.849	3.280920
4636.950	3.358800
4639.030	3.357030
4641.070	3.317270
4643.114	3.397340
4645.179	3.503060
4647.214	3.399640
4649.284	3.456930
4651.313	3.506240
4653.399	3.398510
4655.453	3.611210
4657.539	3.659770
4659.599	3.644490
4661.679	3.654490
4663.739	3.619120
4665.779	3.583830
4667.859	3.775920
4669.899	3.642660
4671.979	3.647500
4674.019	3.741320
4676.084	3.753950
4678.159	3.736610
4680.209	3.867620
4682.269	3.712160
4684.328	3.879930
4686.409	3.745560
4688.490	3.762240
4690.508	3.771540
4692.548	3.864240
4694.628	3.835940
4696.750	3.828250
4698.794	3.904850
4700.834	3.775960
4702.873	3.711490
4704.933	3.745750
4706.993	3.687810
4709.032	3.603310
4711.056	3.816890
4713.137	3.775840
4715.197	3.651520
4717.257	3.662260
4719.296	3.701970
4721.356	3.645090
4723.436	3.726060
4725.496	3.666280
4727.531	3.705770
4729.539	3.660940
4731.625	3.565750
4733.752	3.613590
4735.811	3.688550
4737.871	3.734600
4739.911	3.573280
4741.981	3.556180
4744.041	3.526770
4746.142	3.636910
4748.181	3.614700
4750.241	3.589720
4752.322	3.427530
4754.423	3.558140
4756.504	3.575390
4758.543	3.422950
4760.623	3.506280
4762.642	3.451060
4764.728	3.396290
4766.767	3.453250
4768.786	3.412300
4770.825	3.404040
4774.904	3.330290
4776.928	3.353540
4778.988	3.476180
4781.027	3.421050
4783.087	3.319740
4785.147	3.325010
4787.227	3.342620
4789.329	3.279230
4791.373	3.317070
4793.438	3.239010
4795.493	3.355260
4797.599	3.348010
4799.633	3.314160
4801.673	3.312090
4803.733	3.305890
4805.772	3.315420
4807.817	3.332590
4809.856	3.374380
4811.895	3.416480
4813.996	3.440280
4816.036	3.394420
4818.075	3.475620
4820.114	3.471680
4822.154	3.345430
4824.214	3.532760
4826.299	3.574570
4828.339	3.401640
4830.378	3.609140
4832.438	3.546990
4834.482	3.546020
4836.542	3.649470
4838.561	3.602720
4840.631	3.597950
