Elapsed time [s]	Value [0,700]
0.000	199.9720
0.303	200.0360
2.322	200.0700
4.361	200.0300
6.421	199.9910
8.502	200.0360
10.582	200.0150
14.743	200.0420
16.785	200.0030
18.830	200.0240
20.905	199.9950
22.965	200.0520
25.025	199.9660
27.067	200.0050
29.127	199.9760
33.247	200.0210
37.328	200.0000
39.391	200.0320
43.490	199.9940
45.529	200.0400
47.612	200.0020
51.799	199.9670
53.841	199.9990
57.961	200.0250
59.982	199.9990
64.087	199.9650
68.242	200.0530
70.328	200.0200
74.489	199.9860
78.589	200.0440
82.649	199.9860
86.828	199.9650
90.928	200.0230
97.128	199.9870
99.149	200.0330
101.227	200.0110
103.269	199.9740
105.342	200.0060
107.404	199.9630
109.565	199.9930
113.705	199.9670
123.897	200.0250
126.008	199.9780
128.086	200.0010
132.188	199.9640
134.227	199.9860
138.311	199.9550
140.371	199.9780
146.530	200.0070
152.713	199.9800
154.755	199.9560
156.815	199.9320
158.854	200.0090
162.984	200.0300
167.096	199.9970
169.156	199.9450
171.257	199.9220
173.299	199.9540
175.359	199.9810
177.399	199.9600
183.599	199.9990
189.745	199.9760
195.925	200.0120
200.084	200.0430
202.102	200.0090
204.165	200.0370
206.204	199.9990
212.345	200.0490
216.465	200.0260
228.910	200.0550
231.011	200.0230
233.091	200.0460
237.175	200.0250
249.476	200.0650
253.557	200.0090
255.640	199.9840
257.682	200.0690
259.737	199.9750
261.797	200.0000
270.006	200.0230
274.079	200.0500
276.139	200.0030
280.261	200.0440
282.321	200.0150
284.366	199.9870
288.530	199.9350
290.587	200.0000
298.729	200.0220
300.768	199.9930
319.341	199.9600
321.419	199.9340
323.541	199.9850
325.583	199.9570
329.762	199.9960
352.635	200.0260
354.656	199.9740
356.739	199.9360
358.820	199.9770
369.163	200.0300
371.203	199.9970
383.503	199.9660
385.545	200.0010
387.587	199.9750
389.644	199.9410
397.866	199.9730
402.045	200.0250
404.084	199.9950
420.507	200.0430
426.669	200.0200
428.729	199.9950
434.849	200.0290
436.891	199.9910
440.975	200.0570
445.092	200.0300
451.275	199.9820
453.335	200.0040
457.516	200.0370
459.618	199.9880
463.838	199.9530
470.097	200.0120
474.158	199.9630
478.278	200.0200
480.338	199.9990
482.380	199.9750
490.581	200.0450
494.742	200.0150
503.023	199.9790
505.083	200.0260
509.185	200.0020
513.284	200.0340
517.386	199.9960
519.464	199.9580
521.506	200.0040
525.690	199.9810
527.768	200.0110
529.810	199.9570
531.916	199.9800
536.018	200.0010
538.060	200.0290
540.120	200.0000
542.162	200.0320
546.261	200.0530
548.342	200.0030
554.457	199.9480
558.600	200.0030
562.782	200.0240
564.821	199.9590
568.941	199.9900
577.181	199.9600
579.261	199.9820
583.384	199.9540
587.519	200.0370
589.633	199.9620
591.742	199.9830
593.799	200.0070
597.927	200.0340
599.984	199.9980
604.065	200.0290
606.102	200.0050
610.263	199.9820
616.425	199.9480
618.485	200.0060
628.651	200.0270
641.062	200.0060
663.814	200.0490
665.856	200.0260
667.898	199.9930
678.213	200.0530
680.219	199.9990
682.279	200.0530
684.318	200.0010
690.521	200.0390
694.638	199.9880
696.701	200.0140
702.878	200.0540
704.938	200.0240
711.138	199.9860
713.198	200.0090
717.321	200.0310
719.383	199.9830
721.420	200.0040
723.462	199.9670
725.504	200.0060
729.583	200.0360
731.606	200.0080
733.643	200.0450
741.927	199.9910
744.023	200.0620
748.109	200.0360
750.190	200.0010
752.229	199.9730
758.432	200.0120
760.510	200.0360
766.695	199.9990
774.919	200.0350
783.200	200.0100
787.302	199.9890
791.442	200.0170
799.664	199.9900
801.703	199.9600
803.743	200.0070
809.925	200.0870
812.006	200.0070
814.086	199.9660
816.126	200.0100
820.248	199.9880
824.386	199.9660
834.820	200.0270
836.882	199.9970
845.127	200.0200
847.210	199.9810
851.291	200.0100
857.453	199.9610
861.588	199.9830
863.669	200.0100
865.749	199.9640
871.911	200.0040
873.930	199.9530
875.990	199.9820
880.092	200.0350
882.172	199.9870
886.256	200.0330
888.314	199.9470
890.371	199.9680
894.491	200.0060
900.632	200.0280
906.832	199.9850
910.893	200.0220
915.036	200.0590
919.148	199.9930
923.247	200.0530
927.391	199.9860
935.651	200.0150
941.833	200.0360
945.992	200.0010
950.253	200.0390
954.425	200.0120
956.464	200.0640
958.503	200.0100
962.657	200.0640
964.696	199.9850
966.756	200.0120
970.837	200.0390
972.920	200.0160
976.999	200.0580
979.079	199.9760
985.241	200.0050
989.343	200.0420
991.382	200.0010
993.484	199.9610
995.564	199.9880
997.606	200.0820
999.645	200.0290
1001.736	199.9930
1003.791	200.0170
1005.869	200.0390
1016.248	200.0040
1024.450	199.9820
1034.772	199.9380
1036.812	199.9740
1038.874	199.9460
1040.914	199.9830
1061.577	200.0150
1065.697	200.0410
1067.739	199.9960
1069.833	200.0340
1071.892	200.0090
1075.974	200.0370
1078.039	199.9970
1088.380	200.0180
1090.460	199.9920
1092.541	200.0130
1094.603	200.0640
1096.643	199.9950
1100.842	200.0360
1104.983	200.0060
1107.043	200.0760
1109.105	200.0420
1111.165	200.0040
1115.267	200.0300
1119.405	200.0040
1121.485	199.9710
1125.672	200.0160
1135.998	200.0410
1140.100	200.0160
1142.157	200.0590
1144.199	200.0260
1148.339	199.9880
1150.402	200.0180
1154.519	199.9650
1156.600	200.0080
1158.642	199.9520
1160.701	199.9920
1168.923	200.0140
1171.004	199.9760
1175.085	200.0070
1183.286	199.9730
1185.346	200.0220
1189.448	199.9900
1197.670	199.9650
1201.746	199.9220
1203.808	199.9470
1209.929	199.9830
1216.119	199.9630
1220.221	200.0000
1228.484	200.0420
1230.523	200.0060
1234.664	199.9780
1236.762	200.0010
1238.804	200.0240
1242.944	199.9660
1249.127	200.0190
1255.291	199.9910
1257.413	200.0170
1259.473	200.0680
1269.693	200.0460
1273.774	200.0240
1275.855	200.0040
1277.894	200.0340
1279.936	200.0050
1281.998	200.0420
1288.155	200.0860
1292.337	200.0310
1298.498	200.0560
1300.579	200.0270
1308.919	200.0540
1311.041	200.0310
1315.256	200.0110
1317.316	199.9860
1321.477	199.9580
1329.742	199.9940
1333.842	200.0350
1335.922	199.9820
1352.487	200.0160
1358.630	199.9720
1366.839	200.0090
1368.881	199.9880
1377.201	199.9430
1381.305	199.9840
1387.464	200.0130
1391.608	199.9920
1395.707	199.9610
1397.728	199.9840
1401.866	200.0170
1403.908	200.0400
1408.033	200.0160
1410.072	200.0470
1412.150	200.0200
1420.354	199.9620
1424.471	200.0020
1426.534	199.9320
1428.612	200.0240
1432.773	200.0590
1434.794	200.0130
1445.114	200.0370
1447.195	200.0690
1449.237	200.0320
1457.417	200.0040
1465.636	200.0310
1467.681	200.0020
1475.900	200.0320
1480.020	200.0110
1482.085	200.0330
1486.184	200.0070
1488.249	200.0380
1490.315	200.0070
1494.465	199.9630
1498.657	200.0360
1502.751	200.0080
1510.976	199.9730
1515.096	200.0000
1521.317	199.9750
1523.335	200.0160
1525.400	199.9640
1527.435	200.0080
1535.695	199.9540
1537.755	200.0150
1539.835	200.0550
1541.900	200.0040
1543.940	199.9700
1546.000	199.9460
1552.252	199.9720
1558.473	199.9990
1562.613	199.9650
1564.694	199.9910
1566.733	200.0110
1574.957	199.9710
1577.017	199.9970
1583.300	200.0300
1591.463	199.9970
1593.507	200.0180
1597.678	200.0520
1599.723	200.0080
1610.131	200.0400
1622.495	200.0660
1624.555	200.0210
1626.621	200.0770
1630.735	200.0150
1634.860	200.0570
1636.900	199.9980
1638.939	200.0630
1640.978	200.0300
1645.078	200.0000
1653.322	200.0450
1655.382	199.9770
1663.622	200.0050
1665.672	199.9710
1667.732	199.9450
1669.771	199.9900
1673.891	199.9530
1684.134	199.9820
1690.273	199.9470
1692.332	199.9710
1698.456	199.9980
1700.536	200.0230
1702.576	199.9710
1708.719	200.0180
1712.901	199.9800
1717.041	199.9470
1719.081	199.9720
1723.206	200.0240
1725.276	200.0520
1727.326	200.0080
1729.365	200.0330
1735.555	200.0570
1737.615	200.0840
1739.680	199.9940
1743.841	200.0200
1749.959	200.0960
1752.019	200.0280
1756.139	199.9760
1758.240	200.0000
1760.279	200.0210
1764.420	199.9680
1768.560	199.9960
1770.626	200.0430
1776.744	199.9920
1778.803	199.9590
1780.843	199.9960
1787.064	200.0230
1791.173	200.0870
1795.365	200.0160
1805.608	199.9950
1811.752	200.0200
1813.833	199.9810
1824.091	200.0180
1826.151	199.9800
1832.315	199.9560
1834.375	199.9820
1840.493	199.9420
1842.533	199.9630
1846.611	199.9860
1859.028	200.0230
1861.088	199.9410
1863.106	199.9870
1865.146	200.0220
1867.185	200.0600
1869.245	200.0090
1871.326	200.0330
1881.589	199.9820
1883.680	200.0410
1887.743	199.9830
1889.783	200.0040
1893.902	199.9650
1898.033	200.0470
1900.113	200.0060
1904.233	199.9540
1908.446	199.9790
1910.526	200.0400
1912.648	200.0900
1914.708	200.0280
1922.927	199.9930
1933.211	199.9500
1937.310	199.9890
1945.535	200.0130
1949.634	199.9740
1953.733	200.0090
1957.874	199.9870
1959.913	199.9630
1961.973	199.9870
1964.033	200.0290
1968.137	199.9870
1976.357	199.9580
1980.461	200.0290
1984.601	200.0060
1986.682	200.0410
1988.701	200.0200
1992.759	199.9530
1996.863	200.0180
2005.154	199.9850
2007.240	200.0180
2013.358	200.0540
2015.439	200.0190
2042.357	200.0430
2044.396	200.0020
2048.521	199.9710
2050.597	200.0110
2058.883	199.9690
2060.901	200.0180
2062.941	199.9810
2067.019	200.0210
2073.204	199.9890
2075.244	200.0250
2077.263	200.0020
2081.444	199.9680
2085.564	199.9420
2087.686	199.9710
2091.837	199.9950
2093.933	199.9510
2098.058	200.0150
2100.118	199.9730
2106.256	200.0180
2112.477	199.9810
2114.558	199.9340
2118.719	199.9580
2120.779	199.9920
2122.839	200.0140
2124.904	199.9940
2126.958	200.0210
2129.018	200.0600
2131.063	200.0030
2133.102	199.9480
2135.121	200.0030
2137.202	199.9580
2141.285	200.0230
2147.429	199.9930
2149.489	199.9460
2151.626	199.9910
2155.792	200.0150
2163.986	200.0430
2166.051	200.0200
2170.130	199.9930
2172.169	200.0490
2174.249	199.9800
2178.349	200.0280
2180.393	200.0490
2188.571	200.0140
2194.736	200.0480
2200.936	199.9890
2209.176	200.0190
2215.428	199.9460
2217.467	199.9890
2221.571	200.0400
2223.647	199.9960
2227.725	200.0220
2231.887	199.9900
2235.970	200.0130
2242.114	199.9900
2244.210	199.9470
2246.255	200.0090
2248.315	200.0470
2252.440	200.0090
2254.474	200.0330
2256.518	200.0130
2258.573	199.9780
2262.657	200.0070
2264.696	199.9540
2266.741	199.9770
2268.831	200.0120
2270.871	199.9800
2279.193	199.9530
2285.357	199.9750
2303.861	200.0190
2305.936	199.9920
2312.157	200.0510
2316.262	200.0300
2320.325	199.9570
2322.359	199.9850
2332.664	200.0070
2334.739	200.0500
2336.820	200.0850
2338.941	200.0570
2343.041	200.0180
2351.203	200.0490
2355.302	200.0020
2357.383	200.0320
2361.467	199.9990
2363.506	200.0630
2365.545	200.0420
2367.605	199.9980
2375.907	200.0400
2380.032	200.0150
2384.131	199.9870
2386.171	199.9430
2388.236	199.9640
2390.316	199.9890
2392.376	199.9450
2394.482	200.0080
2398.716	199.9470
2404.870	199.9840
2411.029	200.0160
2413.068	199.9720
2419.294	200.0310
2423.399	199.9910
2425.433	200.0140
2441.954	199.9780
2446.079	199.9550
2450.235	200.0120
2456.384	199.9560
2458.428	199.9910
2462.646	200.0400
2468.774	200.0050
2470.813	200.0890
2472.894	200.0200
2474.933	199.9960
2481.165	200.0270
2485.290	200.0060
2489.394	200.0740
2491.454	200.0520
2493.493	199.9980
2499.735	200.0370
2503.814	200.0040
2505.858	200.0380
2509.937	199.9750
2512.017	200.0360
2514.077	200.0020
2516.117	199.9630
2518.197	200.0050
2522.281	200.0410
2524.341	200.0060
2526.401	200.0360
2528.461	200.0060
2534.620	199.9790
2549.003	200.0090
2555.147	199.9720
2561.327	199.9520
2563.366	199.9800
2569.531	200.0090
2571.570	199.9660
2575.757	199.9970
2588.137	199.9420
2590.156	199.9850
2600.399	200.0070
2623.027	200.0290
2629.243	200.0800
2633.363	200.0320
2637.545	200.0030
2639.589	200.0470
2645.707	200.0260
2647.793	199.9980
2658.129	200.0340
2662.310	199.9960
2668.449	199.9660
2670.488	199.9880
2674.634	200.0360
2678.815	199.9940
2680.855	200.0180
2682.894	199.9770
2684.975	200.0020
2695.331	199.9750
2703.571	199.9970
2705.651	199.9500
2707.711	199.9700
2709.771	200.0110
2711.811	199.9730
2718.088	199.9310
2720.133	199.9600
2728.300	200.0210
2730.381	199.9910
2736.535	200.0280
2738.595	199.9920
2744.764	199.9680
2748.864	200.0060
2752.984	200.0510
2755.043	200.0080
2767.352	200.0300
2775.586	199.9780
2777.667	200.0590
2779.727	200.0380
2781.771	199.9990
2783.852	200.0340
2787.935	200.0000
2792.071	200.0670
2794.110	200.0190
2798.225	199.9980
2804.430	200.0260
2808.550	200.0560
2810.600	200.0270
2818.881	199.9800
2825.061	200.0080
2827.085	199.9790
2831.163	200.0270
2833.244	199.9920
2837.343	199.9120
2839.403	199.9940
2851.788	199.9320
2853.828	200.0020
2857.968	199.9580
2862.129	200.0110
2864.169	199.9840
2868.273	199.9480
2870.390	199.9250
2874.525	199.9710
2886.879	200.0120
2899.182	200.0530
2907.350	199.9840
2911.465	200.0430
2913.525	199.9950
2915.585	200.0240
2917.629	199.9970
2919.689	200.0200
2923.768	200.0870
2927.949	200.0190
2932.033	199.9970
2940.314	200.0210
2944.434	199.9950
2946.494	199.9700
2948.574	200.0560
2954.734	200.0180
2958.818	199.9980
2965.039	200.0350
2973.340	200.0100
2975.421	199.9840
2977.460	200.0040
2979.520	199.9660
2989.804	199.9890
2991.843	199.9500
2998.064	199.9780
3004.265	200.0070
3010.409	200.0360
3012.427	200.0130
3016.568	199.9750
3018.612	200.0050
3020.667	199.9850
3024.772	200.0280
3030.972	200.0630
3033.011	200.0320
3035.051	200.0720
3041.215	200.0450
3045.304	200.0700
3047.338	200.0480
3049.403	200.0190
3051.473	200.0890
3053.554	200.0190
3057.720	199.9450
3059.754	199.9900
3061.794	200.0710
3063.895	200.0140
3068.056	199.9840
3070.095	199.9380
3072.155	199.9910
3074.215	200.0230
3076.254	199.9800
3086.498	200.0120
3090.638	199.9740
3094.701	199.9450
3096.746	199.9820
3098.785	200.0020
3102.920	200.0380
3104.939	199.9660
3109.064	199.9370
3111.191	199.9130
3113.251	199.9550
3117.335	199.9800
3121.465	200.0080
3123.561	200.0290
3133.845	199.9980
3140.030	200.0350
3148.254	199.9940
3150.314	199.9740
3154.470	200.0090
3156.510	200.0450
3158.570	200.0050
3162.674	199.9760
3168.916	200.0490
3170.991	199.9750
3173.077	199.9960
3175.137	200.0230
3177.197	199.9540
3179.256	199.9920
3189.525	199.9660
3197.729	199.9300
3199.768	199.9780
3203.904	199.9260
3210.083	199.9800
3212.143	199.9310
3216.227	199.9570
3218.267	199.9920
3220.326	199.9710
3222.376	200.0140
3226.465	199.9760
3230.662	200.0420
3232.691	200.0030
3234.756	200.0470
3238.861	200.0170
3240.900	200.0470
3245.020	200.0090
3247.039	200.0370
3249.119	200.0730
3251.179	200.0210
3253.244	200.0000
3271.804	200.0390
3278.010	200.0130
3286.203	200.0450
3292.398	200.0190
3294.438	200.0400
3296.529	200.0600
3298.609	199.9750
3300.654	200.0080
3302.714	200.0320
3304.794	199.9930
3306.854	199.9680
3313.054	200.0290
3315.094	200.0030
3317.154	199.9760
3323.277	200.0010
3329.534	199.9690
3331.578	199.9960
3333.654	199.9650
3337.779	199.9320
3339.859	199.9070
3341.919	199.9640
3345.998	200.0010
3348.058	199.9270
3350.159	199.9860
3356.349	199.9650
3358.389	199.9860
3360.448	199.9520
3362.534	199.9880
3364.615	199.9640
3366.675	200.0100
3372.854	199.9870
3376.954	199.9610
3381.074	199.9920
3383.118	199.9580
3385.193	199.9950
3397.558	200.0260
3401.678	200.0510
3403.738	200.0010
3407.858	200.0290
3411.998	200.0010
3414.058	200.0330
3422.303	199.9880
3424.343	200.0260
3430.507	199.9770
3432.562	200.0150
3436.646	199.9880
3438.726	200.0530
3442.805	200.0170
3444.844	199.9880
3446.883	200.0390
3448.943	199.9930
3450.967	200.0210
3455.046	199.9840
3459.109	200.0280
3461.190	199.9920
3465.289	199.9720
3469.414	200.0040
3471.484	200.0440
3473.549	200.0100
3475.650	199.9720
3477.710	199.9940
3485.914	199.9680
3490.034	199.9960
3492.073	200.0470
3494.113	199.9780
3496.193	199.9980
3502.440	200.0190
3504.536	199.9950
3508.697	200.0340
3510.762	199.9910
3518.961	199.9690
3521.021	200.0150
3533.452	199.9600
3535.553	199.9910
3539.735	200.0560
3541.774	200.0170
3543.814	199.9830
3545.853	200.0140
3547.872	199.9890
3549.932	199.9550
3554.052	199.9870
3558.156	200.0130
3560.216	200.0500
3562.271	199.9670
3568.456	199.9430
3572.555	199.9910
3578.719	199.9660
3580.815	200.0140
3582.860	199.9760
3586.959	200.0250
3588.998	200.0550
3591.038	200.0270
3593.170	200.0640
3597.362	200.0060
3601.487	200.0320
3603.521	200.0090
3609.742	200.0400
3613.846	199.9930
3615.881	200.0140
3619.964	199.9840
3622.004	200.0470
3626.124	200.0190
3628.184	200.0400
3630.244	199.9900
3632.324	200.0750
3646.682	200.0530
3648.742	200.0200
3650.802	200.0840
3656.976	200.0590
3659.057	200.0250
3661.137	200.0780
3663.156	200.0490
3665.298	199.9880
3667.338	200.0100
3671.499	199.9760
3677.699	200.0530
3679.759	199.9840
3685.924	199.9610
3688.009	199.9050
3690.043	199.9670
3692.083	199.9230
3704.427	199.9580
3710.689	199.9210
3712.749	199.9560
3714.809	199.9200
3716.910	199.8920
3719.027	199.9240
3723.167	199.9690
3729.352	200.0140
3731.412	199.9570
3733.477	200.0010
3735.532	200.0480
3737.597	200.0090
3741.676	200.0380
3743.731	200.0100
3745.837	200.0380
3749.952	200.0130
3754.097	200.0590
3758.217	200.0140
3760.256	200.0790
3766.354	200.1150
3768.486	199.9970
3770.525	200.0430
3772.575	200.0780
3774.609	200.0210
3778.811	200.0560
3780.851	200.0210
3782.911	200.0580
3784.971	200.0850
3787.030	200.0300
3795.239	199.9960
3799.354	199.9580
3805.549	199.9800
3809.649	200.0130
3811.693	199.9770
3817.873	199.9230
3821.952	199.9700
3824.032	199.9260
3828.100	199.9610
3834.399	199.9340
3836.490	199.9090
3838.586	199.9480
3840.625	199.9270
3842.669	199.9530
3846.769	199.9900
3854.972	200.0170
3859.051	199.9780
3863.114	200.0330
3869.294	200.0580
3873.404	200.0870
3875.443	200.1130
3877.560	200.0790
3881.643	200.0470
3885.784	200.0040
3887.823	200.0260
3889.940	200.0550
3896.176	200.1220
3898.282	200.0510
3902.423	200.0960
3904.462	200.0350
3908.587	200.0560
3910.683	200.0350
3912.707	200.0120
3914.788	199.9740
3916.832	200.0080
3920.931	200.0290
3925.046	199.9660
3935.330	199.9900
3943.472	199.9450
3945.532	199.9830
3947.592	199.9270
3949.652	199.8890
3953.736	199.9240
3957.835	199.8990
3961.960	199.9760
3966.013	199.9380
3968.099	199.9850
3972.219	199.9500
3974.299	199.9820
3982.498	199.9560
3984.542	200.0000
3986.582	200.0210
3988.621	199.9990
3992.741	200.0310
4000.924	200.0070
4002.963	200.0500
4009.148	200.0260
4013.345	200.0580
4017.506	200.0290
4025.674	199.9560
4027.760	199.9870
4034.001	200.0140
4040.145	199.9680
4044.265	200.0180
4048.426	199.9930
4050.465	199.9640
4060.719	199.9400
4064.808	200.0100
4066.847	199.9700
4070.972	199.9150
4077.219	199.9550
4087.498	199.9870
4089.578	200.0080
4093.678	200.0320
4095.738	200.0060
4110.198	200.0310
4118.397	200.0760
4120.483	200.0530
4122.537	200.0130
4124.623	200.0350
4126.657	200.0640
4128.758	200.0850
4130.896	200.0360
4132.961	200.1060
4135.000	200.0310
4139.171	200.0670
4143.271	200.0160
4151.541	199.9840
4153.601	200.0560
4155.682	200.0040
4157.762	200.0710
4159.802	200.0060
4166.007	199.9470
4170.091	199.9680
4172.146	199.9380
4174.185	199.9770
4176.245	199.9400
4178.284	199.9600
4180.370	199.9380
4182.446	199.9180
4188.589	199.9800
4190.670	199.9520
4198.987	199.9850
4201.026	199.9530
4203.086	199.9770
4205.244	199.9470
4209.312	199.9740
4215.451	199.9960
4221.631	199.9650
4223.691	199.9910
4225.735	200.0290
4233.975	200.0690
4238.074	200.0150
4240.155	200.0920
4242.194	200.0630
4244.218	200.0980
4246.262	200.0460
4248.302	200.0120
4252.401	200.0450
4256.480	200.0200
4264.745	200.0460
4275.045	200.0140
4279.165	199.9810
4281.183	200.0040
4287.363	199.9750
4289.485	199.9530
4295.644	199.9810
4297.709	199.9390
4303.848	200.0040
4305.887	199.9580
4307.927	199.9360
4314.168	199.9660
4318.314	199.9410
4320.374	199.9740
4326.595	200.0010
4328.696	199.9710
4332.795	200.0230
4334.876	199.9890
4336.956	200.0340
4339.016	199.9720
4347.297	199.9950
4351.381	200.0350
4353.461	199.9970
4355.542	200.0210
4359.698	199.9900
4361.742	200.0740
4365.862	200.0200
4367.886	200.0590
4372.011	200.0350
4374.128	200.0150
4376.172	200.0530
4380.313	199.9890
4390.633	199.9570
4394.753	199.9860
4398.857	200.0090
4400.933	199.9690
4405.058	200.0020
4407.097	199.9810
4415.337	200.0140
4417.376	199.9790
4419.436	200.0150
4421.496	199.9750
4440.010	200.0200
4442.049	200.0410
4444.088	200.0660
4446.153	200.0090
4450.232	200.0580
4452.292	200.0030
4456.412	200.0350
4464.595	199.9970
4466.655	200.0200
4470.754	200.0760
4472.814	200.0220
4474.895	199.9880
4479.015	200.0200
4485.138	199.9720
4487.203	199.9220
4489.258	199.9650
4491.297	200.0160
4495.458	199.9710
4499.635	199.9480
4501.700	200.0060
4503.718	199.9810
4505.778	200.0140
4507.838	199.9910
4511.938	199.9490
4518.081	199.9760
4522.145	200.0030
4524.220	199.9310
4526.264	199.9620
4536.543	200.0000
4550.989	200.0300
4553.028	200.0040
4555.119	200.0330
4559.275	200.0710
4561.340	200.0940
4563.421	200.0440
4565.501	200.0120
4567.520	200.0360
4571.681	200.0620
4573.741	200.1030
4575.785	200.0710
4577.840	200.0240
4586.106	199.9680
4588.166	200.0020
4592.244	199.9570
4600.463	200.0050
4602.585	199.9620
4606.684	199.9830
4608.744	200.0060
4610.825	200.0340
4612.895	199.9670
4615.017	199.9920
4619.157	199.9700
4623.277	200.0080
4629.400	200.0350
4631.460	200.0010
4633.505	199.9770
4639.643	200.0420
4641.683	200.0150
4643.743	199.9720
4647.904	200.0400
4649.964	200.0160
4660.268	199.9920
4662.308	200.0260
4664.368	199.9880
4672.690	200.0370
4674.770	200.0110
4676.872	199.9820
4683.015	200.0200
4685.075	199.9940
4687.115	200.0240
4691.198	200.0020
4699.412	199.9760
4705.592	199.9970
4711.865	200.0360
4713.904	200.0100
4715.990	200.0570
4718.050	200.0030
4724.209	199.9590
4726.289	199.9900
4728.375	200.0170
4730.440	199.9890
4734.637	199.9640
4736.671	199.9980
4738.747	199.9390
4740.781	200.0100
4744.906	199.9860
4749.083	200.0620
4751.122	200.0170
4755.226	199.9850
4759.408	200.0310
4761.453	199.9880
4765.572	199.9630
4767.612	199.9930
4771.732	200.0370
4773.812	199.9920
4784.153	199.9490
4788.278	200.0300
4790.353	200.0620
4792.419	199.9990
4802.723	199.9650
4808.924	200.0190
4813.028	199.9900
4815.104	200.0420
4817.148	199.9650
4819.187	199.9960
4823.287	199.9560
4825.347	199.9920
4831.470	200.0200
4833.509	200.0410
4835.548	200.0100
4837.614	199.9720
