Elapsed time [s]	Value [0,100]
0.000	5.241800
0.471	5.183970
2.531	5.184970
4.572	5.217820
6.612	5.205150
8.695	5.166380
10.737	5.197290
12.835	5.224610
14.895	5.160240
16.976	5.227400
19.018	5.200340
21.057	5.177340
23.099	5.141580
25.159	5.298520
27.219	5.201340
29.258	5.241230
31.300	5.193300
33.360	5.164190
35.399	5.238790
37.498	5.182780
39.560	5.168910
41.649	5.186020
43.729	5.255910
45.789	5.167690
47.849	5.209860
49.961	5.212650
52.000	5.179130
54.021	5.188280
56.061	5.213220
58.120	5.120720
60.160	5.194220
62.181	5.219140
64.241	5.238000
66.283	5.244850
68.343	5.130990
70.462	5.194430
72.545	5.195700
74.623	5.212110
76.665	5.229360
78.725	5.160080
80.764	5.215360
82.845	5.217500
84.866	5.279890
86.947	5.219900
88.989	5.185200
91.087	5.121340
93.132	5.208440
95.207	5.236690
97.267	5.183820
99.330	5.218800
101.369	5.215390
103.470	5.233470
105.530	5.215750
107.598	5.210770
109.665	5.207570
111.746	5.185410
113.808	5.213030
115.850	5.255180
117.908	5.197780
119.949	5.214220
121.989	5.197930
124.010	5.135140
126.127	5.243030
128.187	5.173220
130.249	5.248170
132.350	5.228120
134.390	5.202890
138.509	5.218080
140.531	5.212630
142.609	5.174170
144.671	5.225610
146.752	5.212180
148.791	5.186660
150.833	5.158470
152.872	5.256090
156.995	5.246870
159.075	5.125560
161.156	5.246200
163.234	5.176940
165.253	5.214800
167.315	5.235710
169.334	5.229760
171.394	5.265330
173.474	5.249090
175.516	5.245460
177.635	5.213090
179.677	5.246140
181.737	5.235630
183.818	5.187830
185.870	5.223750
187.896	5.215660
189.977	5.243420
192.040	5.152540
194.079	5.274020
196.139	5.141550
198.178	5.224080
200.220	5.211700
202.339	5.228770
204.399	5.191420
206.482	5.240880
208.545	5.224240
210.602	5.219630
212.641	5.221800
214.704	5.178480
216.761	5.230200
218.842	5.231640
220.884	5.182080
222.967	5.216950
225.027	5.212440
227.149	5.213780
229.268	5.180310
231.330	5.200200
233.372	5.211420
235.432	5.170910
237.471	5.182830
239.490	5.223110
241.571	5.116420
243.672	5.226960
245.714	5.163340
247.735	5.197070
249.774	5.127740
251.821	5.158880
253.897	5.178880
255.977	5.159640
260.056	5.262470
262.077	5.189650
264.140	5.177790
266.218	5.207860
268.260	5.213350
270.299	5.179280
272.341	5.187750
274.362	5.191390
276.422	5.176940
278.464	5.197360
280.537	5.165250
282.620	5.223390
284.659	5.159300
286.753	5.222020
288.854	5.225180
290.973	5.189080
293.054	5.191500
295.134	5.169710
297.174	5.142690
299.195	5.202390
301.234	5.193560
303.274	5.202440
305.315	5.216360
307.355	5.228960
309.417	5.243270
311.477	5.135340
313.496	5.222060
315.538	5.206440
317.577	5.194570
319.658	5.203330
321.738	5.285390
323.760	5.196090
325.820	5.233490
327.841	5.200410
329.919	5.206150
331.981	5.220770
334.021	5.236980
336.063	5.169350
338.143	5.249210
340.182	5.176360
342.204	5.200480
344.297	5.262530
346.416	5.171880
348.515	5.211440
350.675	5.199680
352.738	5.228460
354.798	5.223420
356.858	5.244320
358.959	5.199480
361.001	5.181770
363.099	5.217510
365.139	5.229010
367.198	5.223590
369.279	5.166840
371.339	5.270640
373.404	5.215480
375.485	5.220190
377.545	5.219580
379.604	5.237020
381.726	5.238140
383.766	5.232620
385.787	5.186180
387.826	5.265360
389.907	5.273660
391.967	5.221930
394.006	5.252330
396.087	5.261850
398.131	5.181960
400.150	5.255230
402.207	5.172080
404.275	5.215930
406.438	5.267380
408.511	5.222640
410.645	5.204500
412.687	5.233460
414.706	5.208140
416.807	5.243530
418.867	5.162490
420.888	5.177390
422.948	5.216370
424.967	5.202600
427.068	5.250270
429.149	5.243810
431.250	5.261120
433.310	5.162650
435.349	5.193140
437.411	5.288550
439.471	5.155840
441.531	5.153990
443.591	5.199290
445.633	5.213410
447.693	5.206000
449.794	5.204750
451.844	5.181840
453.932	5.204160
455.974	5.174360
458.093	5.202720
460.135	5.239240
462.236	5.187700
464.335	5.266500
466.395	5.257560
468.465	5.149710
470.597	5.203080
472.675	5.197720
474.737	5.192340
476.797	5.216370
478.857	5.158870
480.938	5.216890
482.998	5.211490
485.058	5.221810
487.100	5.220210
489.139	5.193780
491.199	5.180540
493.241	5.190530
495.319	5.127630
497.361	5.207300
499.423	5.233600
501.463	5.235630
503.484	5.208330
505.523	5.125810
507.545	5.193030
509.607	5.237280
511.667	5.177600
513.706	5.149580
515.748	5.216510
517.772	5.227920
519.806	5.241720
521.848	5.188600
523.934	5.162200
525.989	5.211280
528.108	5.242910
530.129	5.203010
532.197	5.247350
534.259	5.222610
536.317	5.134350
538.359	5.203820
540.419	5.153350
542.460	5.194060
544.520	5.155740
546.580	5.191160
548.602	5.212300
550.659	5.166970
552.742	5.192570
554.820	5.305230
556.862	5.165460
558.981	5.197090
561.002	5.100860
563.083	5.200250
565.138	5.249540
567.182	5.205440
569.263	5.256630
571.323	5.252030
573.406	5.224440
575.445	5.236720
577.526	5.248840
579.568	5.193430
581.666	5.221190
583.742	5.252940
585.768	5.279260
587.849	5.232720
589.929	5.206740
592.079	5.201470
594.139	5.210250
596.279	5.161240
598.339	5.227410
600.401	5.207800
602.461	5.235920
604.501	5.170150
606.522	5.196530
608.582	5.187970
610.624	5.260670
612.704	5.226940
614.764	5.251620
616.824	5.254340
618.845	5.210740
620.905	5.202590
622.924	5.213710
625.005	5.206710
627.026	5.168890
629.107	5.182180
631.166	5.223370
633.226	5.168930
635.286	5.203670
637.328	5.170170
639.388	5.221270
641.448	5.175280
643.487	5.245950
645.568	5.197470
647.610	5.185750
649.649	5.215180
651.709	5.209340
653.751	5.202940
657.830	5.181340
659.869	5.206440
661.934	5.198050
663.974	5.164440
666.054	5.146390
668.135	5.203880
670.174	5.224860
672.216	5.206520
674.276	5.218440
676.297	5.201060
678.375	5.189760
680.417	5.163240
682.477	5.189650
684.557	5.216590
686.617	5.148380
688.677	5.227160
690.737	5.111610
692.800	5.186810
694.839	5.244990
696.878	5.188790
698.938	5.227510
701.022	5.198670
703.102	5.155170
705.144	5.188190
707.186	5.172870
709.297	5.226800
711.339	5.222970
713.379	5.195980
715.418	5.160600
717.480	5.220100
719.499	5.209970
721.559	5.199840
723.601	5.219500
725.640	5.210160
727.682	5.197680
729.701	5.175820
731.782	5.193640
733.844	5.158480
735.943	5.123210
737.984	5.170480
740.024	5.201300
742.066	5.179490
744.146	5.086880
746.224	5.185940
748.266	5.158620
750.365	5.188870
752.407	5.178610
754.467	5.186470
756.506	5.228990
758.548	5.170980
760.652	5.139930
762.691	5.152130
764.730	5.177140
766.813	5.190090
768.873	5.167060
770.954	5.164660
773.019	5.195900
775.099	5.146940
777.162	5.101540
779.181	5.171750
781.243	5.141780
783.321	5.208010
785.363	5.206730
787.441	5.240070
789.524	5.159200
791.563	5.154910
793.603	5.176410
795.663	5.174770
797.725	5.117400
799.803	5.208150
801.866	5.183880
803.908	5.192540
805.947	5.162290
807.986	5.168940
810.046	5.103660
812.124	5.209500
814.205	5.253040
816.267	5.161240
818.286	5.211730
820.367	5.221460
822.475	5.197040
824.551	5.152490
826.590	5.202460
828.730	5.256900
830.772	5.187190
832.819	5.177410
834.941	5.164940
837.000	5.194610
839.042	5.141700
841.141	5.199010
843.222	5.175150
845.263	5.147510
847.323	5.216200
849.383	5.164980
851.405	5.149060
853.467	5.176080
855.509	5.206310
857.569	5.212180
859.652	5.208280
861.712	5.167560
863.772	5.149390
865.871	5.181710
867.892	5.237290
869.970	5.218650
872.012	5.178860
874.051	5.245480
876.111	5.188020
878.171	5.174980
880.213	5.168740
882.293	5.214480
884.333	5.157000
886.395	5.161130
888.435	5.300400
890.582	5.170280
892.670	5.183820
894.730	5.157350
896.752	5.198890
898.793	5.183360
900.853	5.172250
902.952	5.182620
905.014	5.187260
907.036	5.207620
909.096	5.144220
911.135	5.174310
913.198	5.190570
915.237	5.102870
917.276	5.145820
919.318	5.194910
921.360	5.178320
923.459	5.152540
925.498	5.168230
927.540	5.196930
929.597	5.214600
931.657	5.178300
933.758	5.210610
935.839	5.108420
937.919	5.165250
939.943	5.184870
942.001	5.149290
944.094	5.180670
946.213	5.189990
948.312	5.084020
950.354	5.124610
952.463	5.167960
954.525	5.156020
956.606	5.104230
958.665	5.162510
960.741	5.195700
962.796	5.104050
964.861	5.186750
966.892	5.174530
968.968	5.182570
971.028	5.136840
973.090	5.147600
975.168	5.176260
977.210	5.118870
979.270	5.264150
981.309	5.184550
983.331	5.157760
985.385	5.135610
987.481	5.150160
989.562	5.126720
991.622	5.267680
993.643	5.208460
995.703	5.177080
997.763	5.035170
999.784	5.206140
1001.883	5.156080
1003.945	5.110700
1006.005	5.084740
1008.107	5.164280
1010.169	5.142910
1012.229	5.155830
1014.307	5.154170
1016.367	5.146280
1018.447	5.253280
1020.487	5.121840
1022.549	5.177170
1024.591	5.200210
1026.610	5.181280
1028.711	5.143560
1030.794	5.205550
1032.813	5.194650
1034.914	5.197860
1036.953	5.144890
1039.013	5.220990
1041.035	5.149070
1043.095	5.164120
1045.175	5.166170
1047.235	5.157090
1049.277	5.171200
1051.396	5.191020
1053.456	5.227500
1055.555	5.157980
1057.656	5.193160
1059.718	5.143000
1061.796	5.151320
1063.838	5.192960
1065.926	5.111690
1067.948	5.181610
1070.054	5.129050
1072.114	5.189900
1074.156	5.139750
1076.195	5.176800
1078.237	5.183990
1080.256	5.098940
1082.298	5.164830
1084.360	5.155810
1086.400	5.147490
1088.519	5.162280
1090.561	5.141100
1092.662	5.142220
1094.722	5.094370
1096.784	5.179340
1098.883	5.169480
1100.961	5.076760
1103.044	5.116280
1105.104	5.179350
1107.143	5.035690
1109.226	5.153250
1111.307	5.169980
1113.346	5.133670
1115.447	5.135610
1117.487	5.142320
1119.567	5.172020
1121.648	5.205870
1123.728	5.119710
1125.770	5.146140
1127.830	5.132700
1129.934	5.158080
1132.056	5.144340
1134.095	5.134800
1136.155	5.152870
1138.176	5.114340
1140.257	5.102090
1142.337	5.087950
1144.418	5.094270
1146.498	5.111900
1148.558	5.151610
1150.579	5.123110
1152.619	5.151260
1154.661	5.164580
1156.741	5.144420
1158.822	5.237720
1160.861	5.197420
1162.903	5.187070
1164.942	5.136690
1167.002	5.189000
1169.024	5.119180
1171.143	5.166840
1173.185	5.161170
1175.203	5.132550
1177.245	5.156620
1179.287	5.130830
1181.365	5.180820
1183.446	5.182190
1185.508	5.109640
1187.548	5.179420
1189.587	5.106290
1191.686	5.145460
1193.727	5.165710
1195.790	5.175830
1197.847	5.204410
1199.928	5.162880
1201.988	5.209650
1204.048	5.188210
1206.128	5.177490
1208.170	5.183240
1210.230	5.195780
1212.290	5.160520
1214.371	5.055910
1216.431	5.197280
1218.475	5.142460
1220.512	5.207950
1222.592	5.140920
1224.632	5.145130
1226.671	5.133310
1228.772	5.104500
1230.814	5.133930
1232.892	5.143240
1234.934	5.156170
1236.973	5.147720
1238.995	5.090830
1241.093	5.191320
1243.135	5.227050
1245.236	5.166390
1247.255	5.142770
1249.297	5.138690
1251.370	5.120030
1253.430	5.171290
1255.492	5.178920
1257.570	5.088330
1259.612	5.104070
1261.651	5.154880
1263.693	5.099010
1265.733	5.096020
1267.813	5.125850
1269.894	5.148990
1271.954	5.127920
1273.993	5.150990
1276.053	5.167520
1278.136	5.124560
1280.175	5.153670
1282.235	5.162430
1284.316	5.171010
1286.355	5.123320
1288.397	5.076650
1290.457	5.103640
1292.478	5.132580
1294.520	5.138300
1296.557	5.056400
1298.599	5.035530
1300.718	5.118900
1302.780	5.118370
1304.879	5.136060
1306.942	5.082160
1309.040	5.143500
1311.159	5.074760
1313.276	5.125850
1315.377	5.117800
1317.455	5.178800
1319.538	5.136820
1321.619	5.193580
1323.679	5.183120
1325.697	5.087290
1327.780	5.194720
1329.902	5.103480
1331.962	5.141510
1333.983	5.103060
1336.023	5.147260
1338.162	5.128640
1340.204	5.062260
1342.285	5.158270
1344.365	5.137160
1346.446	5.165310
1348.506	5.181390
1350.545	5.152370
1352.605	5.105660
1354.647	5.165430
1356.707	5.144910
1358.788	5.179290
1360.850	5.161570
1362.869	5.124380
1364.908	5.187500
1366.950	5.115050
1368.989	5.137740
1371.101	5.144640
1373.181	5.157190
1375.283	5.170920
1377.304	5.182640
1379.402	5.164870
1381.473	5.138510
1383.543	5.177300
1385.623	5.130830
1387.704	5.091560
1389.746	5.165390
1391.806	5.201510
1393.866	5.165390
1395.887	5.175480
1397.929	5.172840
1400.027	5.127580
1402.108	5.104050
1404.168	5.158040
1406.189	5.089080
1408.229	5.177680
1410.268	5.075380
1412.330	5.166460
1414.370	5.150200
1416.432	5.064560
1418.492	5.102160
1420.511	5.191240
1422.651	5.153730
1424.711	5.111630
1426.871	5.214430
1428.910	5.049530
1430.960	5.162710
1433.002	5.116180
1435.041	5.168270
1437.083	5.199760
1439.123	5.142960
1441.203	5.146420
1443.284	5.160320
1445.326	5.116610
1447.385	5.065840
1449.445	5.104290
1451.505	5.166080
1453.586	5.142550
1455.607	5.154710
1457.646	5.096540
1459.727	5.162160
1461.748	5.130280
1463.829	5.148220
1465.909	5.029040
1467.949	5.149980
1470.029	5.134890
1472.089	5.144230
1474.149	5.104470
1476.189	5.115800
1478.212	5.146370
1480.257	5.104010
1482.312	5.119580
1484.372	5.146250
1486.411	5.110420
1488.486	5.145370
1490.572	5.109770
1492.689	5.155400
1494.749	5.153380
1498.868	5.038890
1500.949	5.155660
1502.988	5.169120
1505.089	5.107280
1507.129	5.135020
1509.189	5.148750
1511.233	5.130290
1513.293	5.125450
1515.312	5.105370
1517.351	5.119280
1519.391	5.137600
1521.456	5.166230
1523.536	5.131280
1525.555	5.133650
1527.615	5.169410
1529.675	5.163410
1531.735	5.125780
1533.779	5.134120
1535.860	5.213690
1537.920	5.109610
1539.959	5.108010
1541.998	5.189320
1544.079	5.114050
1546.159	5.151700
1548.261	5.140640
1550.331	5.185770
1552.453	5.127310
1554.512	5.162570
1556.588	5.149360
1558.627	5.135280
1560.708	5.150650
1562.752	5.194030
1564.812	5.131040
1566.872	5.069880
1568.983	5.087900
1570.997	5.142880
1573.072	5.206810
1575.153	5.163760
1577.218	5.136570
1579.293	5.117140
1581.374	5.173340
1583.418	5.134750
1585.478	5.113050
1587.559	5.147470
1589.640	5.080290
1591.699	5.139400
1593.739	5.080810
1595.778	5.111700
1597.823	5.075180
1599.903	5.141210
1601.979	5.179380
1604.038	5.097220
1606.109	5.099950
1608.148	5.152000
1610.249	5.102930
1612.330	5.098530
1614.410	5.125070
1616.450	5.112360
1618.515	5.070330
1620.559	5.066190
1622.640	5.043620
1624.679	5.088730
1626.739	5.055960
1628.778	5.133700
1630.879	5.172900
1632.898	5.062180
1634.979	5.069420
1637.059	5.155270
1639.119	5.054080
1641.159	5.093480
1643.203	5.099280
1645.242	5.110490
1647.302	5.116850
1649.383	5.178570
1651.422	5.134060
1653.461	5.033160
1655.563	5.149810
1657.607	5.204060
1659.708	5.114180
1661.768	5.154830
1663.808	5.106190
1665.883	5.140230
1668.010	5.149210
1670.070	5.127650
1672.140	5.144870
1674.174	5.212250
1676.234	5.138490
1678.294	5.175610
1680.333	5.170660
1682.373	5.125260
1684.412	5.144260
1686.457	5.137600
1688.496	5.194710
1690.515	5.162300
1692.575	5.195290
1694.593	5.212500
1696.674	5.143390
1698.754	5.126500
1700.814	5.153700
1702.854	5.138620
1704.878	5.174640
1706.917	5.147160
1708.982	5.157880
1711.001	5.136880
1713.061	5.160650
1715.121	5.168330
1717.180	5.165930
1719.240	5.161630
1721.300	5.123310
1723.345	5.116590
1725.482	5.099560
1727.521	5.166200
1729.561	5.095960
1731.605	5.136040
1733.727	5.142590
1735.746	5.120140
1739.845	5.128970
1741.884	5.127020
1743.934	5.132060
1745.999	5.165050
1748.059	5.119860
1750.129	5.114850
1754.218	5.151640
1756.257	5.136840
1758.359	5.129380
1760.403	5.119740
1762.463	5.136760
1764.523	5.168560
1766.604	5.139310
1768.705	5.090590
1770.744	5.121450
1772.804	5.107400
1774.843	5.121790
1776.883	5.147540
1778.906	5.164930
1780.987	5.103180
1783.047	5.100090
1785.127	5.144120
1787.167	5.071550
1789.273	5.103140
1791.343	5.057160
1793.465	5.080620
1795.489	5.123680
1797.549	5.087630
1799.588	5.133430
1801.689	5.123450
1803.729	5.134970
1805.850	5.147110
1807.910	5.139670
1809.991	5.133430
1812.051	5.092640
1814.111	5.174300
1816.150	5.129180
1818.210	5.166080
1820.270	5.142170
1822.314	5.127060
1824.354	5.115970
1826.373	5.169410
1828.391	5.139560
1830.472	5.087070
1832.511	5.154730
1834.612	5.147880
1836.652	5.169790
1838.753	5.123580
1840.813	5.185810
1842.857	5.124090
1846.956	5.128550
1849.016	5.117350
1851.097	5.144680
1853.136	5.130940
1855.217	5.108950
1857.261	5.121700
1859.301	5.096390
1861.376	5.196210
1863.457	5.042070
1865.517	5.121400
1867.576	5.120810
1869.642	5.138130
1873.782	5.087310
1875.842	5.113740
1877.943	5.117450
1879.982	5.147140
1882.022	5.135480
1884.061	5.101730
1886.106	5.141690
1888.145	5.175550
1890.225	5.103350
1892.244	5.176480
1894.345	5.168470
1896.426	5.113970
1898.445	5.076940
1900.505	5.158770
1902.564	5.155200
1904.604	5.163600
1906.684	5.145930
1908.729	5.110230
1910.851	5.103810
1912.967	5.076640
1915.012	5.211410
1917.051	5.117260
1919.070	5.158910
1921.109	5.147530
1923.190	5.109880
1925.291	5.142170
1927.371	5.152760
1929.431	5.169170
1931.512	5.118380
1933.572	5.155140
1935.590	5.145160
1937.671	5.127360
1939.793	5.140740
1941.853	5.041770
1943.897	5.100550
1945.957	5.148440
1947.976	5.135100
1949.995	5.114910
1952.075	5.134210
1954.114	5.059200
1956.174	5.070810
1958.234	5.114030
1960.335	5.170800
1962.375	5.119190
1964.393	5.096370
1966.474	5.119890
1968.518	5.147550
1970.594	5.158550
1972.654	5.129830
1974.698	5.170700
1976.758	5.151540
1978.839	5.100470
1980.899	5.168440
1982.938	5.111430
1984.998	5.121520
1987.058	5.104870
1989.097	5.168050
1991.137	5.146550
1993.217	5.219060
1995.282	5.065780
1997.322	5.097610
1999.381	5.078610
2001.421	5.086620
2003.460	5.029480
2005.499	5.176280
2007.544	5.081970
2009.604	5.072960
2011.623	5.113510
2013.703	5.121250
2015.784	5.155970
2017.844	5.103500
2019.945	5.085200
2021.984	5.051400
2024.034	5.151590
2026.094	5.126130
2028.205	5.047320
2030.244	5.123680
2032.340	5.089420
2034.421	5.123250
2036.460	5.079920
2038.520	5.094810
2040.560	5.080890
2042.640	5.111150
2044.721	5.125790
2046.781	5.104700
2048.805	5.133760
2050.885	5.069030
2052.945	5.093520
2055.005	5.105780
2057.024	5.137170
2059.063	5.055510
2061.123	5.108630
2063.183	5.097190
2065.248	5.110370
2067.287	5.068680
2069.347	5.140720
2071.387	5.126510
2073.405	5.042410
2075.470	5.085590
2077.510	5.140090
2079.549	5.167840
2081.609	5.150120
2083.628	5.148120
2085.708	5.154810
2087.804	5.118960
2089.916	5.093730
2091.960	5.136040
2094.072	5.107810
2096.132	5.195480
2098.176	5.046330
2100.215	5.143700
2102.280	5.103050
2104.315	5.099580
2106.416	5.072890
2108.476	5.158060
2110.577	5.094660
2112.637	5.163970
2114.661	5.163270
2116.741	5.177560
2120.882	5.105870
2122.962	5.125890
2125.022	5.139140
2127.082	5.129390
2129.142	5.095370
2131.161	5.131010
2133.262	5.187890
2135.301	5.109100
2137.341	5.195430
2139.462	5.121900
2141.486	5.088340
2143.526	5.113900
2145.565	5.133990
2147.604	5.158800
2149.644	5.181300
2151.729	5.145270
2153.846	5.043920
2155.906	5.118570
2158.007	5.081000
2160.087	5.123650
2162.153	5.160300
2164.192	5.096180
2166.231	5.120120
2168.271	5.077200
2170.310	5.098520
2172.370	5.085950
2174.430	5.191250
2176.521	5.076060
2178.591	5.076750
2180.671	5.079610
2182.772	5.123860
2184.832	5.014880
2186.913	5.073230
2188.993	5.117340
2191.059	5.080030
2193.077	5.098410
2195.096	5.060720
2197.156	5.106210
2199.216	5.122840
2201.235	5.113210
2203.315	5.183410
2205.380	5.139200
2207.440	5.049480
2209.480	5.086230
2211.545	5.086780
2213.610	5.114790
2215.670	5.141950
2217.709	5.126140
2219.728	5.147270
2221.788	5.021500
2223.863	5.129220
2225.872	5.133460
2227.988	5.097570
2230.012	5.135810
2232.108	5.107030
2234.152	5.066270
2236.212	5.091440
2238.272	5.116000
2240.312	5.137140
2242.372	5.157480
2244.411	5.145480
2246.476	5.025310
2248.536	5.072510
2250.575	5.095830
2252.635	5.135080
2254.757	5.108000
2256.796	5.067530
2258.897	5.138690
2260.957	5.085630
2263.017	5.144980
2265.118	5.118320
2267.178	5.153710
2269.238	5.018350
2271.345	5.051130
2273.384	5.119850
2275.506	5.096040
2277.545	5.144080
2279.584	5.139260
2281.608	5.143180
2283.648	5.106370
2285.708	5.140740
2287.747	5.182790
2289.786	5.098140
2291.826	5.166390
2293.870	5.144570
2295.909	5.143440
2297.990	5.160690
2300.029	5.100050
2302.089	5.066770
2304.128	5.072730
2306.168	5.133440
2308.284	5.114090
2310.344	5.045210
2312.425	5.103120
2314.505	5.095050
2316.545	5.126200
2318.589	5.169440
2320.670	5.172650
2322.730	5.129780
2324.769	5.046380
2326.844	5.111500
2328.930	5.210760
2330.995	5.125500
2333.035	5.141890
2335.074	5.103940
2337.093	5.088040
2339.153	5.107580
2341.233	5.070530
2343.293	5.072130
2345.338	5.128690
2347.397	5.123630
2349.437	5.104390
2351.476	5.110780
2353.536	5.061760
2355.575	5.089360
2357.640	5.112620
2359.700	5.132600
2361.740	5.081990
2363.779	5.102170
2365.839	5.092930
2367.899	5.122900
2369.980	5.081480
2372.039	5.127100
2374.120	5.116200
2376.201	5.020540
2378.260	5.094850
2380.305	5.116870
2382.339	5.113870
2384.363	5.088010
2386.402	5.124970
2388.478	5.128910
2390.517	5.173530
2392.556	5.115240
2394.683	5.102110
2396.723	5.099150
2398.808	5.192060
2400.868	5.129720
2402.949	5.147060
2404.988	5.131860
2407.048	5.094910
2409.108	5.133470
2411.147	5.106470
2413.192	5.179740
2415.231	5.144250
2417.373	5.113210
2419.392	5.086430
2421.473	5.084800
2423.553	5.115470
2425.634	5.076840
2427.694	5.186560
2429.795	5.129520
2431.855	5.062440
2433.904	5.112410
2435.939	5.109060
2437.978	5.149770
2440.038	5.151970
2442.077	5.130430
2444.096	5.112060
2446.177	5.143770
2448.216	5.142130
2450.358	5.059380
2452.459	5.108000
2454.540	5.132430
2456.579	5.152450
2458.619	5.127920
2460.658	5.128770
2462.769	5.054110
2464.829	5.093780
2466.869	5.106940
2468.949	5.125290
2471.009	5.069060
2473.048	5.115000
2475.150	5.082840
2477.210	5.079950
2479.249	5.107130
2481.309	5.138720
2483.353	5.168240
2485.413	5.078490
2487.453	5.109120
2489.518	5.009580
2491.578	5.080890
2493.632	5.125360
2495.672	5.134160
2497.757	5.075920
2499.833	5.090920
2501.877	5.078580
2503.937	5.102180
2505.997	5.024230
2508.114	5.135720
2510.174	5.090230
2512.259	5.056330
2514.299	5.082830
2516.359	5.077080
2518.398	5.080690
2520.458	5.110600
2522.497	5.104380
2524.521	5.114770
2526.602	5.088210
2528.682	5.110740
2530.742	5.121210
2532.781	5.100230
2534.841	5.149880
2536.901	5.081540
2538.961	5.141880
2541.021	5.149840
2543.081	5.118790
2545.120	5.084260
2549.204	5.073630
2551.264	5.099020
2553.304	5.139310
2555.348	5.173150
2557.387	5.091060
2559.447	5.128600
2561.528	5.135050
2563.588	5.136460
2565.627	5.150770
2567.708	5.115280
2569.747	5.060650
2571.771	5.160500
2573.836	5.133240
2575.917	5.193160
2578.012	5.168900
2580.036	5.119810
2582.096	5.105460
2584.136	5.110730
2586.180	5.117730
2588.240	5.182400
2590.279	5.125470
2592.339	5.190800
2594.379	5.158250
2596.439	5.150660
2598.483	5.126260
2600.522	5.137290
2602.562	5.160310
2604.663	5.120650
2606.702	5.143380
2608.742	5.115250
2610.802	5.157330
2612.861	5.096190
2614.927	5.134320
2617.007	5.151550
2619.041	5.116250
2621.106	5.132700
2623.146	5.088940
2627.379	5.067440
2629.403	5.059230
2631.483	5.079540
2633.564	5.115590
2635.675	5.060990
2637.720	5.107630
2639.795	5.064110
2641.855	5.100370
2643.879	5.054790
2645.939	5.072700
2647.999	5.166070
2650.018	5.131460
2652.098	5.093780
2654.199	5.108930
2656.259	5.090570
2658.304	5.080980
2660.364	5.106920
2662.444	5.120370
2664.504	5.101720
2666.523	5.082220
2668.588	5.112220
2670.643	5.136580
2672.744	5.066980
2674.768	5.049620
2676.864	5.114550
2681.004	5.096750
2683.064	5.151860
2685.103	5.047520
2687.194	5.122010
2689.259	5.124560
2691.299	5.050360
2693.415	5.161870
2695.460	5.106490
2697.530	5.124420
2699.595	5.104280
2701.650	5.128000
2703.689	5.125630
2705.770	5.174590
2707.814	5.166700
2709.869	5.107860
2711.970	5.156220
2714.030	5.097390
2716.131	5.184020
2718.191	5.134270
2720.231	5.128130
2722.275	5.089280
2724.314	5.142800
2726.395	5.145210
2728.455	5.069060
2730.515	5.108010
2732.554	5.121390
2734.599	5.140530
2736.695	5.127140
2738.739	5.131770
2740.778	5.077480
2742.859	5.113860
2744.939	5.159360
2746.979	5.131890
2749.018	5.065700
2751.124	5.141860
2753.184	5.127260
2755.224	5.105640
2757.284	5.144760
2759.364	5.156850
2761.424	5.059130
2763.469	5.120340
2765.508	5.126740
2767.568	5.111930
2769.648	5.085570
2771.688	5.125180
2773.748	5.098980
2775.808	5.138520
2777.868	5.069320
2779.907	5.116410
2781.972	5.142980
2784.011	5.066420
2786.071	5.123160
2788.152	5.055130
2790.191	5.139670
2792.251	5.014520
2794.311	5.101750
2796.355	5.103960
2798.374	5.108000
2800.450	5.135070
2802.525	5.095380
2804.569	5.089360
2806.650	5.060910
2808.767	5.071040
2810.821	5.078990
2812.928	5.063540
2817.058	5.127960
2819.102	5.135780
2821.121	5.079910
2823.160	5.076430
2825.200	5.095730
2827.239	5.107460
2829.284	5.108200
2831.323	5.065150
2833.362	5.127020
2835.422	5.139270
2837.467	5.186820
2839.506	5.046490
2841.587	5.103430
2843.646	5.143860
2845.748	5.121090
2847.828	5.124170
2849.867	5.119930
2851.969	5.171650
2854.029	5.090970
2856.109	5.130690
2858.190	5.155830
2860.229	5.075100
2862.268	5.148050
2864.292	5.162530
2866.368	5.193130
2868.412	5.153070
2870.493	5.177070
2872.594	5.142430
2874.721	5.102760
2876.801	5.133310
2878.882	5.159930
2880.921	5.144540
2882.960	5.130900
2885.020	5.146250
2887.044	5.108630
2889.104	5.095880
2891.164	5.115410
2893.203	5.145420
2895.284	5.072160
2897.303	5.085840
2899.368	5.069210
2901.386	5.091570
2903.426	5.059860
2905.486	5.090490
2907.546	5.149130
2909.590	5.065260
2911.671	5.061370
2913.772	5.102190
2915.811	5.062840
2917.851	5.149610
2919.931	5.122190
2921.950	5.075150
2923.989	5.077850
2926.049	5.086030
2928.073	5.106670
2930.148	5.101810
2932.193	5.111540
2934.289	5.160680
2936.390	5.073080
2938.450	5.106730
2940.510	5.090720
2942.596	5.121570
2944.671	5.098690
2946.715	5.112860
2948.775	5.058940
2950.835	5.079230
2952.875	5.076840
2954.914	5.108260
2956.953	5.138530
2959.018	5.128690
2961.058	5.134300
2963.076	5.146350
2965.157	5.039150
2967.238	5.145420
2969.318	5.081470
2971.419	5.118500
2973.459	5.079810
2975.560	5.173590
2977.604	5.091310
2979.643	5.128540
2981.683	5.113020
2983.805	5.083530
2985.823	5.171780
2987.909	5.119140
2989.953	5.086150
2992.049	5.176240
2994.115	5.140880
2996.185	5.165120
2998.245	5.110900
3000.325	5.110080
3002.406	5.117430
3004.445	5.134640
3006.505	5.091760
3008.565	5.114980
3010.609	5.085280
3012.675	5.081870
3014.750	5.129710
3016.830	5.125900
3018.890	5.081870
3020.930	5.155180
3022.969	5.037890
3025.029	5.085080
3027.074	5.119660
3029.133	5.071290
3031.152	5.081490
3033.192	5.030610
3035.272	5.050570
3037.394	5.069010
3039.474	4.991500
3041.514	5.098350
3043.574	4.910950
3045.634	5.099650
3047.714	5.073490
3049.795	5.106590
3051.855	5.015250
3053.894	5.106860
3055.933	5.062090
3058.003	5.135240
3060.043	5.069440
3062.144	5.088390
3064.183	5.097490
3066.207	5.095500
3068.267	5.049340
3070.286	5.147500
3072.387	5.073110
3074.426	5.067790
3076.445	5.098920
3078.490	5.096490
3080.529	5.129000
3082.568	5.120240
3084.587	5.114610
3086.647	5.086150
3088.691	5.121620
3090.756	5.143170
3092.801	5.097800
3094.820	5.137140
3096.844	5.088840
3098.898	5.066120
3100.979	5.102850
3103.059	5.019430
3105.125	5.138030
3107.164	5.107210
3109.255	5.109200
3111.346	5.184800
3113.405	5.094640
3115.491	5.167400
3117.515	5.102810
3119.596	5.126020
3121.635	5.041790
3123.762	5.059450
3125.842	5.111990
3127.913	5.084910
3130.003	5.089710
3132.043	5.112310
3134.087	5.110080
3136.147	5.066170
3138.223	5.098480
3140.267	5.061680
3142.327	5.109150
3144.387	5.055670
3146.447	5.071660
3148.486	5.120240
3150.567	5.100030
3152.627	5.117470
3154.651	5.019810
3156.726	5.061240
3158.827	5.142100
3160.872	5.077700
3162.931	5.061780
3164.991	5.075440
3167.010	5.106270
3169.075	5.035420
3171.192	5.162130
3173.283	5.079590
3175.415	5.047300
3177.475	5.116240
3179.514	5.066180
3181.574	5.101090
3183.593	5.103930
3185.637	5.110080
3187.697	5.049600
3189.736	5.129040
3191.817	5.143090
3193.856	5.093190
3195.896	5.151540
3197.940	5.154700
3199.959	5.173600
3202.008	5.102200
3204.068	5.187350
3206.128	5.158980
3208.188	5.158200
3210.248	5.097620
3212.267	5.153090
3214.311	5.188980
3216.407	5.138050
3218.452	5.119140
3220.512	5.161840
3222.608	5.006650
3224.673	5.078790
3226.692	5.098530
3228.772	5.071840
3230.791	5.086710
3232.928	5.138640
3234.993	5.084510
3237.053	5.100210
3239.072	5.078400
3241.132	5.075900
3243.212	5.095570
3245.252	5.133330
3247.291	5.043230
3249.392	5.073430
3251.452	5.085580
3253.517	5.098460
3255.557	5.079840
3257.637	5.141960
3259.697	5.078340
3261.757	5.127290
3263.817	5.122120
3265.836	5.096230
3267.896	5.030590
3269.940	5.115080
3272.021	5.048820
3274.060	5.079780
3276.079	5.068620
3278.097	5.112200
3280.162	5.161470
3282.222	5.066090
3284.287	5.083580
3286.327	5.027500
3288.387	5.056530
3290.426	5.081980
3292.496	5.080600
3294.536	5.073130
3296.652	5.059430
3298.733	5.135670
3300.813	5.075990
3302.873	5.037240
3304.913	5.147010
3306.952	5.114810
3309.094	5.144340
3311.154	5.063990
3313.235	5.053540
3315.295	5.093970
3317.391	5.102900
3319.435	5.077910
3321.516	5.108730
3323.576	5.072000
3325.615	5.098940
3327.680	5.047430
3329.745	5.095020
3331.821	5.086970
3333.901	5.107890
3335.966	5.154770
3338.005	5.181090
3340.065	5.222040
3342.125	5.095150
3344.185	5.062100
3346.245	5.135870
3348.326	5.159900
3350.386	5.101860
3352.404	5.152770
3354.459	5.137190
3356.519	5.128590
3358.600	5.095700
3360.680	5.106860
3362.761	5.065230
3364.841	5.119790
3366.881	5.148940
3368.941	5.124710
3371.001	5.105940
3373.060	5.079940
3375.084	5.138920
3377.165	5.160700
3379.204	5.115320
3381.244	5.108690
3383.345	5.158320
3385.384	5.108670
3387.444	5.107100
3389.483	5.086380
3391.543	5.095410
3393.624	5.115540
3395.704	5.148180
3397.764	5.042520
3399.804	5.064590
3401.864	5.085880
3403.908	5.107480
3405.947	5.122910
3407.987	5.095150
3410.062	5.124570
3412.101	5.103690
3414.244	5.040060
3416.340	5.082640
3418.410	5.090960
3420.429	5.052990
3422.489	5.074990
3424.549	5.079890
3426.593	5.108800
3428.663	5.112590
3430.764	5.116330
3432.824	5.099370
3434.925	5.075810
3436.985	5.090970
3439.025	4.996620
3441.069	5.126140
3443.124	5.059670
3445.169	5.063600
3447.249	5.095360
3449.288	5.141450
3451.307	5.071270
3453.331	5.125090
3455.370	5.101480
3457.451	5.087170
3459.521	5.151600
3461.571	5.081190
3463.610	5.137480
3465.691	5.069870
3467.771	5.121130
3469.831	5.056730
3471.891	5.131030
3473.936	5.075060
3475.995	5.106960
3478.055	5.128020
3480.157	5.101730
3482.196	5.120130
3484.297	5.169450
3486.342	5.137120
3488.360	5.116760
3490.400	5.118450
3492.460	5.083290
3494.540	5.098930
3496.579	5.065700
3498.603	5.132830
3500.643	5.137680
3502.703	5.067090
3504.762	5.115830
3506.822	5.113850
3508.882	5.081060
3510.901	5.143120
3512.940	5.122340
3515.021	5.119210
3517.081	5.134400
3519.141	5.104060
3521.206	5.069380
3523.245	5.111950
3525.264	5.102950
3527.324	5.078590
3529.384	5.123670
3531.464	5.083690
3533.571	5.191510
3535.672	5.102910
3537.794	5.115150
3539.828	5.023470
3541.872	5.107810
3543.932	5.103830
3545.972	5.108580
3548.011	5.102830
3550.091	5.145230
3552.151	5.133790
3554.196	5.104030
3556.256	5.112500
3558.336	5.092150
3560.396	5.026640
3562.415	5.155340
3564.516	5.095860
3566.555	5.169540
3568.677	5.208870
3570.717	5.101240
3572.776	5.108950
3574.842	5.064220
3576.901	5.130140
3578.920	5.106590
3580.960	5.092900
3583.045	5.138440
3585.074	5.105120
3587.103	5.033180
3589.163	5.064600
3591.233	5.115750
3593.299	5.049910
3595.400	5.077310
3597.557	5.054920
3599.623	5.080250
3601.641	5.077700
3603.660	5.116210
3605.741	5.068930
3607.801	5.096040
3609.845	5.050850
3611.905	5.110020
3613.965	5.096020
3616.004	5.111180
3618.054	5.117030
3620.103	5.085280
3622.184	5.039430
3624.208	5.098620
3626.268	5.084110
3628.307	5.064090
3630.347	5.160010
3632.448	5.008950
3634.487	5.086140
3636.568	5.027340
3638.627	5.071110
3640.687	5.050500
3642.727	5.021830
3644.771	5.026250
3646.816	5.061820
3648.927	5.123770
3650.946	5.001070
3653.026	5.022890
3655.122	5.067000
3657.254	5.023640
3659.314	5.079710
3661.374	4.998920
3663.460	4.970480
3665.499	5.125380
3667.539	5.091050
3669.619	5.044440
3671.659	5.135510
3673.718	5.085940
3675.778	5.114400
3677.823	5.009530
3679.903	5.126870
3681.963	5.122330
3684.044	5.103710
3686.145	5.119090
3688.205	5.128730
3690.249	5.084330
3692.325	5.114710
3694.405	5.156000
3696.470	5.088930
3698.546	5.157250
3700.632	5.170570
3702.691	5.102400
3704.731	5.091190
3706.811	5.097790
3708.830	5.179750
3710.890	5.163460
3712.971	5.108640
3715.031	5.153340
3717.152	5.208300
3719.212	5.144960
3721.231	5.135930
3723.311	5.124410
3725.387	5.152020
3727.447	5.098560
3729.507	5.059990
3731.572	5.195890
3733.611	5.091790
3735.650	5.090940
3737.710	5.080930
3739.775	5.104020
3741.835	5.087710
3743.895	5.114540
3745.971	5.083260
3748.056	5.137010
3750.116	5.118440
3752.166	5.083350
3754.216	5.033670
3756.317	5.045930
3758.356	5.112710
3760.385	5.055180
3762.419	5.018740
3764.438	4.993680
3766.498	5.010090
3768.609	5.132780
3770.649	5.019430
3772.750	5.035470
3774.810	5.065780
3776.870	5.098470
3778.992	5.028740
3781.051	5.006300
3783.101	5.060840
3785.110	5.027370
3787.169	5.096510
3789.229	5.056320
3791.274	5.050750
3793.313	5.106140
3795.373	5.095550
3797.438	5.150250
3799.457	5.088550
3801.589	5.078490
3803.628	5.105590
3805.709	5.078800
3807.789	5.088160
3809.829	5.053500
3811.853	5.127500
3813.954	5.097780
3816.014	5.134580
3818.053	5.132300
3820.092	5.135370
3822.152	5.127960
3824.212	5.168160
3826.329	5.127960
3828.389	5.096050
3830.428	5.094000
3832.473	5.108600
3834.615	5.172000
3836.675	5.104560
3838.735	5.161030
3840.795	5.164310
3842.860	5.126140
3844.899	5.132900
3847.036	5.065850
3849.101	5.058860
3851.161	5.112340
3853.201	5.039160
3855.261	5.106520
3857.321	5.102730
3859.381	5.147640
3861.441	5.074300
3863.500	5.077880
3865.524	5.129250
3867.543	5.106280
3869.624	5.030900
3871.684	5.096770
3873.702	5.076350
3875.783	5.037830
3877.843	5.009290
3879.887	5.053480
3881.963	5.036840
3884.043	5.129350
3886.088	5.093440
3888.168	5.061760
3890.208	5.089200
3892.273	5.006890
3894.333	5.057190
3896.392	4.983890
3898.437	5.082250
3900.517	5.034100
3902.577	5.015930
3904.617	5.067080
3906.728	5.070300
3908.737	5.064170
3910.776	5.060440
3912.815	5.089370
3914.886	5.061130
3916.966	5.037680
3919.005	5.083490
3921.086	5.018320
3923.146	5.074050
3925.190	5.115740
3927.230	5.094780
3929.310	5.116640
3931.350	5.108070
3933.410	5.098780
3935.469	5.034840
3937.550	5.096650
3939.631	5.037020
3941.690	5.089570
3943.730	5.148110
3945.790	5.088920
3947.850	5.166400
3949.910	5.134380
3952.000	5.139120
3954.112	5.096380
3956.177	5.117820
3958.258	5.075940
3960.338	5.095720
3962.377	5.121560
3964.437	5.140630
3966.477	5.154500
3968.495	5.100450
3970.576	5.165680
3972.656	5.052270
3974.716	5.170560
3976.740	5.107250
3978.877	5.142630
3980.917	5.123840
3983.003	5.192430
3985.062	5.082130
3987.122	5.085830
3989.182	5.082480
3991.222	5.090940
3993.302	5.143070
3995.321	5.104290
3997.401	5.073840
3999.461	5.097540
4001.521	5.070740
4003.581	5.037310
4005.641	5.103630
4007.686	5.057470
4009.725	5.024170
4011.764	5.073780
4013.804	5.105050
4015.864	5.052040
4017.888	5.023750
4019.947	5.092410
4022.007	5.066520
4024.026	5.103260
4026.071	5.105120
4028.131	5.075020
4030.191	5.092340
4032.271	5.171930
4034.372	5.078430
4036.432	5.080880
4038.471	5.118810
4040.537	5.113310
4042.576	5.078860
4044.636	5.035180
4046.794	5.099510
4048.838	5.110350
4050.877	5.127830
4052.958	5.117150
4054.997	5.099960
4057.057	5.085830
4059.097	5.126640
4061.141	5.148830
4063.201	5.118170
4065.261	5.092430
4067.280	5.088260
4069.340	5.124040
4071.441	5.204690
4073.501	5.164620
4075.525	5.150000
4077.610	5.137840
4079.691	5.094680
4081.751	5.123350
4083.811	5.106380
4085.850	5.141950
4087.894	5.040520
4089.913	5.095340
4091.994	5.134190
4094.054	5.092230
4096.093	5.091330
4098.132	5.097650
4100.172	5.062080
4102.252	5.107540
4104.333	5.102160
4106.377	5.099970
4108.437	5.068220
4110.477	5.088510
4112.557	5.144080
4114.596	5.042060
4116.656	5.054850
4118.680	5.053950
4120.761	5.027320
4122.841	5.099050
4124.922	5.040660
4126.961	5.055820
4129.109	5.028980
4131.189	5.073670
4133.229	5.112050
4135.268	5.091440
4137.328	5.051150
4139.372	5.017980
4141.412	5.052420
4143.456	5.136600
4145.537	5.081650
4147.597	5.062200
4149.657	5.109020
4151.716	5.074780
4153.756	5.035350
4155.800	5.093800
4157.922	5.052180
4159.967	5.060770
4162.006	5.093520
4164.045	5.075840
4166.126	5.149890
4168.247	5.084910
4170.287	5.118940
4172.326	5.163410
4174.386	5.106560
4176.487	5.158530
4178.568	5.103620
4180.607	5.083650
4182.667	5.162870
4184.748	5.165460
4186.833	5.151330
4188.893	5.100750
4190.932	5.134260
4193.013	5.165060
4195.052	5.117300
4197.154	5.112840
4199.239	5.095330
4201.315	5.163830
4203.380	5.101040
4205.460	5.203410
4207.500	5.185480
4209.559	5.114920
4211.583	5.151500
4213.659	5.138120
4215.719	5.089830
4217.743	5.097140
4219.782	5.125810
4221.821	5.154350
4223.861	5.107010
4225.884	4.996930
4227.944	5.099230
4230.025	5.082100
4232.044	5.068720
4234.083	5.054770
4236.174	5.042640
4238.193	5.085350
4240.294	4.998110
4242.354	5.085060
4244.398	4.998430
4246.458	5.076200
4248.539	5.035730
4250.578	5.053240
4252.638	5.072230
4254.718	5.077980
4256.778	5.072810
4258.859	5.078150
4260.898	5.127060
4262.922	5.024320
4264.982	5.068400
4267.021	5.108700
4269.102	5.069680
4271.121	5.040030
4275.241	5.082270
4277.285	5.052150
4279.324	5.094760
4281.384	5.048400
4283.424	5.060900
4285.463	5.089100
4287.507	5.101580
4289.583	5.139400
4291.684	5.106210
4293.728	5.089900
4295.768	5.076290
4297.828	5.172460
4299.867	5.096430
4301.927	5.105050
4303.966	5.051040
4306.047	5.186070
4308.148	5.140620
4310.244	5.191160
4312.304	5.110930
4314.323	5.121110
4316.383	5.133570
4318.510	5.130520
4320.533	5.018030
4322.593	5.115380
4324.674	5.121960
4326.754	5.095630
4328.814	5.174330
4330.874	5.110510
4332.914	5.106430
4334.994	5.124160
4337.054	5.091630
4339.135	5.146640
4341.200	5.132360
4343.260	5.097630
4345.320	5.096180
4347.416	5.113720
4349.460	5.112640
4351.499	5.038110
4353.580	5.112250
4355.660	5.081640
4357.720	5.089300
4359.832	5.130400
4361.881	5.054030
4363.941	5.049940
4366.022	5.084030
4368.082	5.074310
4370.147	5.036850
4372.248	5.092810
4374.287	5.071980
4376.368	5.049580
4378.464	5.071400
4380.524	5.139780
4382.610	5.119530
4384.644	5.128420
4386.688	5.118260
4388.769	5.098540
4390.829	5.085720
4392.868	5.140380
4394.887	5.102750
4396.906	5.068000
4398.976	5.099390
4401.077	5.115090
4403.137	5.068530
4405.176	5.108040
4407.236	5.095790
4409.317	5.121250
4411.356	5.106150
4413.400	5.068990
4415.440	5.095690
4417.520	5.150470
4419.580	5.036300
4421.661	5.160980
4423.741	5.146220
4425.812	5.153190
4427.861	5.162130
4429.901	5.100680
4432.012	5.099650
4434.144	5.129670
4436.204	5.134370
4438.305	5.091930
4440.365	5.054930
4442.425	5.067710
4444.485	5.065220
4446.509	5.107020
4448.569	5.117120
4450.608	5.102720
4452.627	5.070330
4454.666	5.107260
4456.731	5.078920
4458.791	5.093400
4460.831	5.057220
4462.870	5.103350
4464.914	5.097500
4466.969	5.042580
4469.029	5.077980
4471.074	5.020770
4473.154	5.098560
4475.229	5.095170
4477.274	5.035630
4479.293	5.053180
4481.373	5.013630
4483.433	5.133980
4485.534	5.142480
4487.594	5.095070
4489.618	5.080450
4491.745	5.077310
4493.784	5.116280
4495.803	5.109200
4497.827	5.124300
4499.866	5.113480
4501.931	5.071210
4504.048	5.106780
4506.134	5.049380
4508.188	5.152320
4510.207	5.057320
4512.267	5.194410
4514.348	5.104280
4516.372	5.091930
4518.390	5.193120
4520.450	5.091810
4522.510	5.118230
4524.570	5.141920
4526.589	5.094300
4528.675	5.179310
4530.734	5.120220
4532.753	5.093030
4534.813	5.141170
4536.832	5.081830
4538.912	5.139540
4540.993	5.112400
4543.073	5.080210
4545.154	5.108500
4547.193	5.099960
4549.238	5.078940
4551.360	5.096200
4553.420	5.060640
4555.557	5.045800
4557.678	5.109020
4559.718	5.024450
4561.778	5.115670
4563.817	5.098180
4565.877	5.135280
4567.983	5.134620
4570.059	5.112650
4572.098	5.078250
4574.179	5.029880
4576.218	5.124770
4578.262	5.055010
4580.281	5.091870
4582.346	5.066080
4584.386	5.046630
4586.425	5.101800
4588.444	5.037850
4590.483	5.105960
4592.543	5.174880
4594.603	5.118270
4596.627	5.134920
4598.687	5.082230
4600.726	5.120790
4602.765	5.139030
4604.805	5.108440
4606.865	5.129240
4608.904	5.064150
4610.984	5.082560
4613.065	5.125920
4615.130	5.094300
4617.190	5.072370
4619.296	5.124900
4621.341	5.064840
4623.401	5.097150
4625.440	5.061050
4627.541	5.081690
4629.560	5.070030
4631.599	5.084800
4633.639	5.122350
4635.740	5.046980
4637.800	5.099360
4639.844	5.034680
4641.884	5.117270
4643.923	5.067300
4645.962	5.102280
4648.032	5.032810
4650.072	5.086650
4652.111	5.073130
4654.192	5.029190
4656.267	5.082920
4658.368	5.116120
4660.407	5.110200
4662.447	5.067370
4664.507	5.117870
4666.592	5.087050
4668.652	5.059250
4670.728	5.116270
4672.793	5.054640
4674.889	5.086610
4676.975	5.074250
4679.014	5.092730
4681.110	5.072710
4683.154	5.087730
4685.194	5.162430
4687.212	5.049410
4689.293	5.093870
4691.394	5.105300
4693.475	5.082060
4695.514	5.105120
4697.574	5.098480
4699.618	5.127870
4701.678	5.139340
4703.718	5.118040
4705.798	5.088810
4707.838	5.049710
4709.944	5.111140
4712.029	5.043920
4714.089	5.023950
4716.108	5.081560
4718.209	5.141860
4720.249	5.070030
4722.288	5.077470
4724.332	5.124670
4726.434	5.044660
4728.494	5.082520
4730.595	5.121800
4732.649	5.132280
4734.694	5.155270
4736.836	5.106110
4738.922	5.126090
4740.941	5.053390
4742.965	5.086170
4745.004	5.143270
4747.121	5.134230
4749.206	5.058680
4751.266	5.113620
4753.326	5.074210
4755.407	5.110230
4757.487	5.087070
4759.547	5.060080
4761.607	5.119570
4763.631	5.137490
4765.670	5.114070
4767.730	5.101090
4769.811	5.106010
4771.891	5.076270
4773.951	5.167150
4776.052	5.117770
4778.117	5.073130
4780.157	5.058800
4782.258	5.087470
4784.318	5.141980
4786.357	5.110910
4788.417	5.045400
4790.534	5.054570
4792.578	5.111530
4794.659	5.109540
4796.698	5.114880
4798.815	5.135130
4800.875	5.103920
4802.919	5.111720
4805.000	5.117430
4807.039	5.146900
4809.078	5.083210
4811.097	5.091630
4813.141	5.141010
4815.227	5.112950
4817.246	5.162700
4819.306	5.118360
4821.386	5.172830
4823.426	5.111410
4825.470	5.092920
4827.607	5.145820
4829.626	5.114120
4831.707	5.130160
4833.787	5.068660
4835.827	5.093240
4837.886	5.158000
4839.952	5.143150
