Elapsed time [s]	Value [0,100]
0.000	36.81100
0.849	36.86210
2.888	36.84500
4.948	36.72980
6.967	36.87880
9.048	36.79060
11.090	36.72010
13.129	36.82770
15.173	36.77070
17.295	36.60100
19.425	36.82520
21.436	36.67160
23.516	36.80570
25.581	36.85370
27.644	36.69500
29.683	36.66430
31.725	36.68100
33.805	36.55750
35.865	36.86160
37.946	36.74870
40.006	36.72460
42.135	36.70930
44.167	36.69920
46.248	36.74020
48.349	36.64930
50.388	36.68300
52.466	36.85150
54.510	36.71700
56.550	36.69720
58.571	36.65370
60.610	36.70430
62.668	36.80530
64.748	36.82910
66.829	36.60670
68.868	36.66660
70.928	36.86720
72.970	36.61130
75.079	36.72250
77.118	36.59430
79.160	36.70830
81.243	36.68000
83.319	36.42610
85.420	36.71690
87.480	36.72410
89.540	36.66200
91.620	36.76660
93.680	36.63330
95.740	36.65330
97.862	36.62640
99.919	36.64000
102.002	36.60680
104.044	36.57680
106.143	36.75630
108.205	36.66850
110.283	36.72400
112.325	36.70630
114.444	36.62120
116.486	36.62550
118.567	36.53950
120.627	36.58820
122.707	36.51740
124.726	36.75890
126.788	36.47950
128.810	36.81860
130.849	36.56790
132.930	36.69750
135.028	36.42060
137.109	36.51430
139.169	36.65180
141.211	36.61130
143.250	36.61760
145.310	36.52050
147.359	36.60100
149.430	36.48830
151.472	36.63560
153.534	36.71740
155.594	36.37810
157.675	36.59510
159.735	36.79220
161.756	36.43660
163.816	36.70050
165.876	36.55180
167.964	36.41990
169.998	36.55730
172.097	36.46540
174.139	36.66360
176.219	36.60130
178.259	36.46420
180.339	36.72090
182.407	36.48920
184.441	36.56120
186.521	36.73740
188.581	36.61010
190.608	36.53900
192.701	36.46080
194.723	36.43790
196.744	36.60490
198.783	36.41310
200.882	36.48460
202.921	36.64010
204.981	36.45470
207.082	36.65000
209.163	36.39070
211.205	36.54650
213.285	36.48510
215.325	36.44990
217.364	36.29980
219.406	36.53150
223.541	36.47750
225.601	36.31050
227.661	36.37440
229.721	36.69870
231.822	36.34210
233.882	36.48840
235.901	36.50380
237.943	36.43810
240.041	36.49620
242.083	36.42040
244.184	36.35050
246.265	36.37760
248.325	36.35250
250.364	36.50350
252.445	36.46460
254.486	36.38800
256.588	36.49070
258.666	36.40060
260.808	36.47390
262.829	36.57060
264.910	36.19410
266.931	36.33500
268.970	36.37170
275.070	36.47540
277.133	36.42230
279.193	36.49290
281.232	36.35920
285.334	36.40180
287.373	36.42920
289.454	36.50170
291.493	36.36990
293.535	36.35400
295.575	36.20310
297.614	36.32100
299.715	36.25840
301.775	36.36980
305.856	36.41520
307.875	36.32170
309.937	36.45150
311.997	36.29380
314.150	36.39150
316.192	36.25940
318.290	36.31700
320.353	36.28300
322.452	36.55960
324.514	36.27950
326.577	36.24850
328.595	36.38200
330.653	36.41890
332.715	36.38790
334.793	36.28810
336.835	36.31240
338.895	36.40440
340.955	36.35980
342.997	36.13230
345.016	36.27640
347.081	36.41880
349.120	36.35760
351.141	36.25870
353.201	36.31350
355.261	36.38310
357.342	36.23570
359.422	36.20720
361.534	36.35460
363.563	36.12060
365.602	36.33860
367.665	36.16480
369.745	36.25520
371.784	36.29680
373.883	36.14740
375.925	36.28990
377.985	36.35960
380.024	36.32160
382.087	36.31050
384.147	36.44950
386.207	36.15750
388.246	36.20390
390.324	36.37450
392.389	36.25500
394.518	36.34440
396.558	36.32680
398.600	36.22470
400.639	36.16550
402.740	36.27430
404.779	36.36670
406.801	36.08980
408.830	36.23450
410.890	36.44590
412.970	36.16300
415.030	36.31340
417.072	36.16530
419.111	36.27120
421.133	36.33340
423.193	36.14590
425.253	36.31270
427.313	36.27830
429.352	36.19930
431.394	36.17330
433.474	36.22890
435.552	36.21740
437.633	36.18920
439.713	36.24160
441.835	36.06610
443.895	36.08720
445.934	36.22650
447.994	36.02590
450.054	36.17890
452.099	36.15470
454.156	36.15100
456.237	36.03120
458.297	36.19520
460.339	36.13890
462.398	36.34560
464.440	36.14070
466.500	36.15880
468.563	36.20830
470.623	36.03470
472.662	36.25910
474.722	36.09860
476.764	36.17050
478.803	36.09610
480.863	36.05800
482.905	36.22940
484.944	36.07470
487.025	36.18710
489.085	36.24500
491.124	36.18400
493.184	36.06280
497.327	36.17420
499.400	36.27670
501.442	36.01060
503.525	36.16040
505.624	35.88420
507.645	36.25430
509.684	36.15690
511.726	35.86900
513.766	35.99460
515.846	36.21910
519.987	36.01970
522.047	36.21610
524.088	36.14860
526.148	36.11110
528.190	36.10720
530.250	36.03230
532.313	36.16370
534.373	36.11810
536.433	36.27650
538.482	35.98340
540.601	36.27020
542.682	36.11740
544.783	36.03510
546.864	36.21340
548.926	36.02250
551.004	36.12860
553.043	36.15040
555.083	36.08440
557.125	36.13840
559.226	36.29210
561.265	36.11930
563.307	36.14060
565.400	36.02870
567.440	36.02390
569.520	36.21750
571.621	36.14440
573.661	36.08990
575.700	36.22930
577.742	36.01420
579.781	36.18430
581.857	36.13580
583.937	36.16790
586.018	36.20390
588.060	36.19260
590.140	36.11310
592.159	36.21400
594.278	36.10530
598.398	35.97340
600.419	36.29910
602.500	36.24250
604.542	36.03600
606.604	36.18940
608.685	36.17280
610.724	36.19380
612.784	36.08990
614.865	36.23220
616.927	36.13110
618.967	36.20990
621.029	36.34240
623.107	36.02270
625.208	36.03260
627.289	36.20590
629.390	36.10630
631.450	36.03800
633.597	36.18830
635.639	35.85650
637.699	36.12520
639.780	36.33140
641.819	36.03870
643.879	36.07980
645.959	36.15870
648.061	36.06540
650.079	36.05830
652.101	36.23620
654.122	36.12470
656.220	36.26220
660.382	36.09590
662.462	36.19080
664.543	36.09030
666.582	36.23170
668.603	36.04360
670.702	36.22660
672.764	36.21790
674.804	36.09640
676.866	36.16280
678.947	36.11220
681.007	36.30450
683.028	36.05580
685.067	35.99470
687.199	36.22160
689.262	36.34880
691.322	36.10890
693.382	36.15410
695.462	36.25720
697.504	36.17270
699.564	36.06930
701.683	36.04370
703.725	36.39350
705.785	36.10730
707.824	36.10070
709.846	36.01670
711.885	36.35090
713.966	36.31710
716.026	36.04020
718.065	36.15580
720.107	36.09050
722.167	36.18430
724.268	36.05610
726.356	36.14770
728.429	36.24640
730.489	36.17880
732.580	36.15650
734.629	36.23000
736.689	36.17250
738.731	36.27830
740.781	36.26560
742.874	35.99980
744.968	36.10440
747.028	36.16340
749.049	36.01340
751.109	36.35040
753.189	36.23620
755.211	35.93260
757.229	36.12520
759.269	36.19020
761.311	36.02310
763.371	36.23050
765.451	36.23670
767.511	36.02020
769.553	36.30670
771.572	36.11750
773.611	36.07630
775.653	35.96360
777.731	36.17490
779.752	36.39950
781.812	36.12700
783.854	36.08560
785.914	36.09670
787.953	36.15180
790.013	36.09390
792.035	36.13870
794.074	36.32630
796.126	36.13990
798.212	36.18000
800.372	36.26380
802.432	35.92880
804.474	36.20200
806.555	36.26340
808.635	36.00420
810.654	36.09150
812.737	36.20480
814.815	36.07830
816.896	36.13480
821.018	36.24380
823.057	36.13830
825.138	36.16430
827.218	36.21800
829.237	36.22920
831.318	35.97080
833.398	36.20180
835.479	36.13520
837.521	36.14180
841.602	36.02550
843.623	36.26470
845.683	36.05920
849.803	36.25540
851.842	36.21060
853.884	36.12850
855.944	36.25440
857.984	36.08410
860.023	36.14730
862.065	36.12710
864.202	36.30280
866.241	35.90460
868.304	36.21190
870.364	36.29090
872.406	36.08570
874.445	36.05430
876.513	36.20120
880.594	36.13880
882.674	36.26810
884.768	36.13350
886.797	36.18960
888.836	35.97900
890.876	36.23020
892.977	36.21780
895.019	36.10190
897.058	36.09410
899.100	36.28730
901.178	36.10920
903.240	36.17270
905.282	36.19780
907.399	36.05130
909.441	36.22080
911.542	36.24930
913.563	36.16730
915.659	36.16350
917.760	36.05000
919.820	36.33350
921.932	36.11300
924.053	36.20920
926.116	36.36880
928.178	36.00360
930.238	36.24870
932.280	36.12090
934.299	36.16960
936.359	36.15540
938.398	36.33240
940.499	36.15910
942.539	36.18440
944.560	36.15230
946.599	36.04930
948.641	36.19040
950.681	36.19600
952.741	36.17670
954.821	36.17070
956.863	36.05830
958.902	36.09410
960.921	36.44280
962.984	36.06060
965.023	36.10380
967.132	36.11260
969.171	36.09800
971.252	36.21640
973.332	36.16950
975.397	36.11590
977.439	36.23070
979.499	36.17030
981.621	36.21680
983.663	36.09210
985.723	36.08170
987.803	36.19020
991.923	36.01240
993.965	36.16920
996.046	36.03070
998.067	36.04380
1000.145	36.14150
1002.187	36.22980
1004.247	36.32430
1006.309	36.14510
1008.387	36.04470
1010.429	36.11070
1012.450	36.14340
1014.508	36.16400
1016.588	36.19050
1018.669	36.02580
1020.711	36.23700
1022.730	36.24180
1024.810	36.14610
1026.875	36.06330
1028.953	36.21110
1030.992	36.17250
1033.014	36.00200
1035.094	36.33770
1037.136	36.22410
1039.196	36.03730
1041.241	36.28520
1043.360	36.09320
1045.420	35.98470
1047.500	36.25710
1049.542	36.18430
1051.672	36.04870
1053.693	36.12060
1055.820	36.12750
1057.893	36.19180
1059.973	36.14370
1062.033	36.26340
1064.173	36.11480
1066.215	36.20650
1068.275	36.22890
1070.335	36.00890
1072.374	36.13380
1074.416	36.08190
1076.494	36.06810
1078.556	36.11280
1080.596	36.18690
1082.658	36.24310
1084.718	36.03220
1086.758	36.31390
1088.776	36.08500
1090.841	36.10420
1092.868	36.11590
1094.961	36.35060
1096.998	36.03460
1099.060	36.00170
1101.141	36.24610
1103.183	36.15000
1105.243	36.09740
1107.336	36.23280
1109.378	36.07210
1111.472	36.18110
1113.552	36.13250
1117.675	36.28070
1119.714	36.12600
1121.753	36.07730
1123.862	36.10400
1125.881	36.22140
1127.964	35.97140
1130.003	36.19420
1132.084	36.24780
1134.126	35.92990
1136.186	36.26100
1138.207	36.09250
1142.347	36.26440
1144.449	36.06170
1146.509	36.04390
1148.568	36.18150
1150.628	36.27720
1152.650	36.05100
1154.730	36.21190
1156.790	36.28090
1158.871	36.06620
1160.969	36.21120
1163.050	36.12490
1165.133	36.28170
1167.172	36.01040
1169.194	36.21220
1173.288	36.07040
1175.368	36.27660
1177.408	36.10110
1179.447	36.23250
1181.489	36.20870
1183.549	36.18010
1185.570	36.28640
1187.630	36.13550
1189.690	36.11250
1191.750	36.19260
1193.771	36.23840
1195.831	36.08750
1197.870	36.20380
1199.972	36.15100
1201.993	36.19120
1204.053	36.18300
1206.113	36.13050
1208.155	35.98080
1210.194	36.17890
1212.213	36.10270
1214.293	36.17690
1216.405	36.28700
1218.475	36.02400
1220.545	36.29910
1224.626	36.01080
1226.668	36.15130
1228.780	36.23580
1230.840	36.09590
1232.902	36.20080
1234.980	36.30480
1237.002	36.19110
1239.061	36.03440
1241.121	36.32110
1243.143	36.07910
1245.205	35.99480
1247.283	36.23510
1249.325	36.03250
1251.364	36.04110
1253.424	35.91620
1255.484	36.19740
1257.565	36.35160
1259.625	36.17150
1261.708	35.98540
1263.768	36.21410
1265.866	36.17230
1267.908	36.23360
1270.007	36.28900
1272.087	36.02490
1274.150	36.12670
1276.189	36.18130
1278.231	36.15190
1280.309	36.19960
1282.372	36.18520
1284.411	36.35890
1286.471	36.09270
1288.531	36.07580
1290.593	36.18240
1292.692	36.26260
1294.713	36.20670
1296.755	36.03740
1298.794	36.24630
1300.834	36.18430
1302.855	36.26950
1304.915	36.03400
1306.975	36.12170
1309.017	36.17790
1311.056	36.14080
1313.096	36.20380
1315.179	36.11310
1317.221	36.21800
1319.301	35.92050
1321.343	36.19700
1323.421	36.26310
1325.442	36.10570
1327.495	36.24030
1329.583	36.09610
1331.663	36.12100
1333.723	36.08620
1335.786	36.20810
1337.864	36.29990
1339.906	36.11380
1341.986	36.33700
1344.026	36.15310
1346.163	36.08480
1348.233	36.13230
1350.275	36.31430
1352.363	36.13480
1354.457	36.04810
1356.496	36.27350
1358.538	36.14790
1360.598	36.10480
1362.699	36.27990
1364.779	36.15100
1366.860	36.17670
1368.881	36.19080
1370.941	36.24000
1373.001	36.24920
1375.082	36.29120
1377.124	36.14170
1379.202	36.12230
1381.285	36.26220
1383.345	36.14820
1385.384	36.26080
1387.426	36.09490
1389.465	36.05880
1391.528	36.31030
1393.606	35.95130
1395.645	36.29760
1397.728	36.21580
1399.788	36.16830
1401.848	36.00610
1403.903	36.16820
1406.043	36.10460
1408.102	36.14460
1410.144	36.20750
1412.207	36.15410
1416.368	36.25160
1418.469	36.15970
1422.568	36.21940
1424.628	36.14740
1426.688	36.18220
1428.730	36.19840
1432.850	36.22710
1434.931	36.08470
1436.970	36.23740
1439.014	36.12070
1441.092	36.19750
1443.152	36.01290
1445.171	36.11530
1449.255	36.22220
1453.375	36.16100
1455.494	36.05840
1457.554	36.32600
1459.614	36.18800
1461.717	36.03870
1463.798	36.08690
1465.858	35.97140
1467.918	36.17630
1469.957	36.26820
1472.048	36.10740
1474.149	36.08950
1476.189	36.31630
1478.233	36.05800
1480.272	36.35180
1482.332	36.27430
1484.392	35.98230
1486.452	36.20360
1488.512	36.27420
1490.551	36.11370
1494.692	36.22880
1496.772	36.19660
1498.812	36.12770
1500.851	36.18110
1502.916	36.11040
1504.956	36.27140
1507.015	35.92830
1509.091	36.26230
1511.135	36.24670
1513.211	36.14500
1515.276	36.27120
1517.356	36.23320
1519.437	36.14450
1521.456	36.19210
1523.531	36.18500
1525.632	36.06500
1527.697	36.12670
1529.814	36.06250
1531.966	36.12480
1534.001	36.14870
1536.066	36.10850
1538.105	36.12430
1540.144	36.20090
1542.225	36.24670
1544.326	36.11830
1546.386	36.18100
1548.467	36.10500
1550.490	36.06920
1552.530	36.03140
1554.569	36.30860
1556.608	36.10720
1558.648	36.11700
1560.728	35.94880
1562.788	36.37480
1564.869	36.31600
1566.929	36.05260
1569.009	36.01890
1571.069	36.30370
1573.114	36.16940
1575.174	36.08700
1577.254	36.23190
1579.293	36.15760
1581.333	36.10940
1583.398	36.08780
1585.417	36.19340
1587.477	36.15190
1589.537	36.11850
1591.596	36.14620
1593.662	36.20090
1595.711	36.12800
1597.787	36.18340
1599.826	36.09880
1601.870	36.15510
1603.905	36.13510
1605.949	36.29810
1608.009	35.92450
1610.069	36.27910
1612.149	36.22090
1614.209	36.11770
1616.249	36.12500
1618.309	36.25480
1620.389	36.18800
1622.449	36.10090
1624.488	36.26460
1626.569	36.03370
1628.634	36.25880
1630.673	36.26350
1632.713	36.13140
1634.752	35.95660
1636.776	36.16330
1638.872	36.19110
1640.896	36.14090
1643.018	36.10790
1645.072	36.26160
1647.137	36.15060
1649.223	36.13040
1651.263	36.08490
1653.384	36.06990
1655.424	36.28260
1657.468	36.01050
1659.574	36.07110
1661.609	36.30310
1663.725	36.17120
1665.785	36.13980
1667.830	36.19370
1669.910	36.31010
1671.970	36.06650
1673.989	36.19320
1676.069	36.17610
1678.150	36.07680
1680.189	36.12160
1682.270	36.13830
1684.330	36.39370
1686.410	36.01080
1688.434	36.06070
1690.509	36.16970
1692.575	36.18180
1694.655	36.14160
1696.715	35.95150
1698.754	36.33320
1700.855	36.28680
1702.957	35.92660
1704.996	36.27720
1707.076	36.03700
1709.116	36.32880
1711.155	36.16830
1713.194	36.12620
1715.306	36.00180
1717.350	36.19880
1719.426	36.21220
1721.470	35.95210
1723.566	36.26420
1727.686	36.02680
1729.746	36.04200
1731.811	36.28070
1733.871	36.35940
1735.910	36.24430
1737.991	36.14060
1740.072	36.14900
1742.111	36.01410
1744.130	36.14250
1746.174	36.18250
1748.234	36.13100
1750.253	36.23060
1752.313	36.14280
1754.352	36.17820
1756.453	36.16130
1758.513	36.06040
1760.552	36.18500
1762.592	36.33980
1764.714	36.13090
1766.773	36.22980
1768.797	36.14830
1770.873	36.25750
1772.912	36.32930
1774.972	36.11890
1777.032	36.13500
1779.097	36.33000
1781.116	36.22350
1783.176	36.08460
1785.236	36.02570
1787.296	36.30430
1789.335	36.01800
1791.374	36.20510
1793.481	36.09000
1795.499	36.16260
1797.559	36.32010
1799.609	36.00440
1801.689	36.24380
1803.770	36.22310
1805.814	36.15190
1807.890	36.06060
1809.934	36.37450
1811.953	36.11620
1813.992	36.24570
1816.057	36.14710
1818.117	36.04360
1820.157	36.36980
1822.237	36.11430
1824.297	36.13410
1826.357	36.08910
1828.376	36.31360
1830.436	35.95160
1832.475	36.21760
1834.514	36.08960
1836.662	36.13460
1838.742	36.18530
1840.761	36.13110
1842.821	36.12140
1844.902	36.19920
1846.941	36.22420
1848.986	36.18850
1851.025	36.20710
1853.105	36.05150
1855.160	36.21340
1857.184	36.21940
1859.203	36.10620
1863.328	36.22110
1865.388	36.25370
1867.448	36.25760
1869.487	36.20670
1871.547	36.01390
1873.607	36.37770
1875.646	36.08790
1877.686	36.12660
1879.787	36.21930
1881.867	36.29130
1883.968	36.12620
1886.028	36.25720
1888.099	36.09160
1890.138	36.21900
1892.177	36.16060
1894.196	36.14480
1896.292	36.15900
1898.311	36.12410
1900.432	36.08690
1902.492	36.19080
1904.532	36.29930
1906.617	36.20080
1908.677	36.11220
1910.737	36.15890
1912.797	35.92700
1914.857	36.31010
1916.917	35.99550
1918.956	36.23990
1921.016	36.32570
1923.097	36.22430
1925.136	36.15120
1927.176	36.37390
1929.256	36.06190
1931.321	36.26950
1933.361	36.18240
1935.420	36.06180
1937.460	36.31250
1939.499	36.10950
1941.580	36.15540
1943.660	36.13830
1945.700	36.04710
1947.765	36.23250
1949.845	36.22060
1951.905	36.11420
1953.924	36.08410
1956.004	36.18930
1958.044	36.10950
1960.104	36.11600
1962.164	36.24190
1964.224	36.04190
1966.289	36.08030
1968.369	36.27000
1970.408	36.15810
1972.468	35.99620
1974.487	36.11380
1976.568	36.21310
1978.628	36.09030
1980.667	36.29030
1982.747	36.13450
1984.807	36.15360
1986.883	36.24940
1988.891	35.97420
1990.951	36.10420
1993.011	36.22000
1995.092	36.15070
1997.162	36.03550
1999.222	36.20710
2001.302	36.25610
2003.347	36.14840
2005.427	36.28380
2007.503	36.07460
2009.547	36.15230
2011.628	36.30440
2013.708	36.25340
2015.773	36.22910
2017.813	36.07290
2019.837	36.14710
2021.876	36.29850
2023.936	36.10100
2025.996	36.08870
2028.076	36.32370
2030.116	36.07310
2032.155	36.24640
2034.220	36.07860
2036.275	36.18780
2038.319	36.13540
2040.359	36.21490
2042.398	36.08710
2044.458	36.23060
2046.559	36.14560
2048.640	36.12410
2050.700	36.11950
2052.780	36.21840
2054.861	36.02220
2056.982	36.24850
2059.063	36.08890
2061.164	36.27180
2063.214	36.14160
2065.248	36.14630
2067.303	36.30850
2069.347	36.07700
2071.387	36.22200
2073.493	36.23440
2075.553	36.20670
2077.592	36.11800
2079.657	36.20600
2081.733	36.27730
2083.818	36.27150
2085.878	36.16390
2087.918	36.24580
2089.957	36.09150
2091.976	36.08130
2094.139	36.17210
2096.219	36.26870
2098.258	36.13650
2100.277	35.88130
2102.337	36.32100
2104.376	36.18850
2106.421	36.22680
2108.440	36.13250
2110.479	36.26820
2112.539	36.19190
2114.619	36.26610
2116.741	36.18790
2118.822	36.07200
2120.902	36.13490
2122.942	36.17690
2124.981	36.18190
2127.072	36.06000
2129.173	36.18180
2131.233	36.19840
2133.355	36.05750
2135.415	36.18630
2137.454	36.25100
2139.514	36.00510
2141.615	36.24620
2143.654	36.21370
2145.719	36.09310
2147.779	36.30180
2149.819	36.08400
2151.837	36.20100
2153.897	36.10570
2155.962	36.13480
2158.022	36.17060
2160.041	36.18370
2162.080	36.11810
2164.120	36.09680
2166.200	36.28900
2168.301	36.21300
2170.361	36.08440
2172.401	36.17420
2174.461	36.15240
2176.505	36.19900
2178.544	36.12060
2180.604	36.32620
2182.659	35.94020
2184.719	36.23520
2186.779	36.19620
2188.818	36.07520
2190.899	36.05920
2192.943	36.28960
2195.019	35.99500
2197.099	36.00740
2199.139	36.14470
2203.243	36.11190
2205.344	36.05250
2207.384	36.14590
2209.444	36.15940
2211.524	36.33200
2213.543	36.22270
2215.623	36.12850
2217.663	36.18830
2219.743	36.02500
2221.783	36.09360
2223.884	36.10610
2225.923	36.26200
2227.967	36.08500
2230.027	36.19330
2232.067	36.20190
2234.116	36.23660
2236.166	36.21450
2238.247	36.04910
2240.307	36.26320
2242.392	36.16420
2244.452	36.13670
2246.512	36.39280
2248.572	36.01940
2250.632	35.97770
2252.702	36.36070
2254.742	36.28520
2256.822	36.23180
2258.861	36.07500
2260.880	36.08430
2262.976	36.32640
2265.015	36.05980
2267.132	36.17090
2269.197	36.34460
2271.257	35.95690
2273.332	36.25360
2275.356	36.21030
2277.437	36.13980
2279.538	36.00230
2281.577	36.11590
2283.637	36.17770
2285.697	35.99640
2287.762	36.29650
2289.838	36.26320
2291.923	36.04000
2293.963	36.28210
2296.002	36.22130
2298.062	36.09580
2300.122	36.08760
2302.228	36.32080
2304.268	36.07740
2306.327	36.17310
2308.429	36.21050
2310.468	36.08960
2312.487	36.02990
2314.547	36.07840
2316.586	36.20890
2318.630	36.08480
2320.670	36.27290
2322.730	36.18410
2324.810	36.06250
2326.850	36.12160
2328.889	36.27290
2330.949	36.16790
2333.009	36.18060
2335.053	36.07250
2337.113	36.09840
2339.173	36.07940
2341.212	36.24430
2343.272	36.10480
2345.296	36.14260
2347.377	36.20520
2349.416	36.07060
2351.476	36.25120
2353.536	36.04590
2355.596	36.20290
2357.692	36.16860
2359.773	36.26350
2361.817	36.21960
2363.918	36.19000
2365.937	36.10070
2368.038	36.15790
2370.119	36.04510
2372.158	36.06480
2374.218	36.27950
2376.278	36.21250
2378.379	36.19320
2380.459	36.17410
2382.519	36.23020
2384.559	36.22350
2386.603	36.27190
2388.622	36.07970
2390.702	36.22440
2392.742	36.17050
2394.761	36.17750
2396.841	36.05070
2398.880	36.43400
2400.940	35.96200
2403.021	36.25210
2405.065	36.38420
2407.105	36.27700
2409.165	36.11200
2411.183	36.05790
2413.269	36.20370
2415.350	36.19250
2417.410	35.98340
2419.449	36.23040
2421.545	36.26880
2423.605	36.06270
2425.685	36.11170
2427.745	36.08240
2429.867	36.10180
2431.927	36.27750
2433.997	36.05050
2436.098	36.32880
2438.189	36.20920
2440.208	36.31690
2442.247	36.00580
2444.287	36.14970
2446.372	36.26010
2448.448	36.21340
2450.492	36.17870
2452.531	36.24250
2454.612	36.22440
2456.672	36.17180
2458.711	36.09370
2460.735	36.13030
2462.749	36.05920
2464.814	36.17540
2466.838	36.07670
2468.893	36.25040
2470.911	36.04380
2472.997	36.32330
2475.041	36.24640
2477.101	36.17840
2479.161	36.05260
2481.237	36.19400
2483.322	36.37500
2485.362	36.18930
2487.463	36.04160
2489.518	36.22070
2491.557	36.31540
2493.627	36.07710
2495.687	35.99140
2497.747	36.31810
2499.828	36.12670
2501.867	36.27220
2503.932	36.22140
2505.987	36.24870
2508.073	36.13850
2510.112	36.15030
2512.151	36.16150
2514.211	36.18920
2516.292	36.04490
2518.331	36.19420
2520.355	36.18250
2522.435	36.03680
2524.454	36.29570
2526.493	36.16740
2528.553	36.09410
2530.613	36.08330
2532.704	36.48890
2534.764	36.22940
2536.803	36.07980
2538.905	36.07090
2540.965	36.24190
2543.045	36.12950
2545.090	36.22840
2547.150	36.24700
2549.230	36.09510
2551.269	36.31760
2553.309	36.30740
2555.405	35.96070
2557.465	36.46080
2559.525	36.02690
2561.585	36.18780
2563.629	36.10480
2565.684	36.27920
2567.723	36.23490
2569.768	36.10670
2571.869	36.15550
2573.949	36.24960
2575.989	36.02710
2578.069	36.19440
2580.129	36.17090
2582.230	35.99400
2584.311	36.32100
2586.391	35.99140
2588.431	36.20470
2590.475	36.27760
2592.535	36.08870
2594.574	36.02780
2596.639	36.26310
2598.674	36.19320
2600.692	36.11450
2602.912	36.33970
2604.972	36.24070
2607.073	36.13240
2609.112	36.26030
2611.214	36.16270
2613.258	36.23880
2615.385	36.04800
2617.501	36.07620
2619.546	36.09210
2621.585	36.17020
2623.625	36.28490
2625.643	36.31560
2627.703	36.12840
2629.748	36.19450
2631.808	36.40360
2633.888	35.99060
2635.907	36.13150
2637.972	36.21680
2639.991	36.09070
2642.071	36.11000
2644.152	36.09380
2646.191	36.15590
2648.251	36.08580
2650.332	36.21690
2652.350	36.25050
2654.395	36.17260
2656.434	36.12830
2658.474	36.15290
2660.559	36.18900
2664.689	36.12680
2666.713	36.23470
2668.794	36.23090
2670.854	36.08280
2672.893	36.14620
2674.953	36.16940
2676.998	36.19170
2679.037	36.15300
2681.102	36.07750
2683.136	35.94080
2685.176	36.13470
2687.235	36.17340
2689.316	36.11300
2691.355	36.20910
2693.410	36.06080
2695.491	36.25820
2697.571	36.11140
2699.652	36.31160
2701.691	36.21560
2703.792	36.17310
2705.852	35.97260
2707.912	36.18010
2709.962	36.27130
2711.991	35.94090
2714.071	36.13380
2716.131	36.27260
2718.274	36.16340
2720.354	36.12120
2722.373	36.23080
2724.433	36.27240
2726.513	36.09690
2728.537	36.24340
2730.597	36.08910
2732.657	36.16710
2734.738	36.11150
2736.798	36.13040
2738.821	36.21140
2740.902	36.05450
2742.941	35.99270
2745.042	36.32250
2747.082	36.12880
2749.142	36.16040
2751.186	36.30050
2753.246	36.30920
2755.306	36.12480
2757.325	36.17900
2759.364	36.17040
2761.424	36.26990
2763.505	36.24970
2765.585	36.20200
2767.625	36.19790
2769.669	36.22560
2771.729	36.15790
2773.809	36.26210
2775.849	36.14720
2777.909	36.14120
2779.989	36.27060
2782.008	36.29750
2784.052	36.18270
2786.112	36.16970
2788.172	36.10250
2790.196	36.09360
2792.256	36.05480
2794.347	36.29480
2796.386	36.24370
2798.467	36.20750
2800.547	36.25090
2802.628	36.10700
2804.667	36.14000
2806.686	36.34920
2808.710	36.20270
2810.770	36.08810
2812.809	36.36980
2814.849	36.20520
2816.888	36.12990
2818.979	36.30740
2821.018	36.17320
2823.078	36.08650
2825.138	36.15370
2827.218	36.19020
2829.284	36.14360
2831.323	36.23260
2833.424	36.05980
2835.484	36.21130
2837.523	36.23610
2839.604	35.99250
2841.643	36.23060
2843.703	36.13210
2845.768	36.25950
2847.849	36.18050
2849.955	35.98430
2852.036	36.42870
2854.095	36.18240
2856.140	36.26850
2858.200	36.16790
2860.260	36.17420
2862.320	36.22640
2864.359	35.92160
2866.419	36.28650
2868.479	36.34620
2870.498	36.07180
2872.578	36.16240
2874.623	36.10940
2876.662	36.22820
2878.784	36.20800
2880.844	36.04470
2882.904	36.27240
2887.024	36.14850
2889.084	36.05780
2891.143	36.12100
2893.203	36.16320
2895.263	36.01770
2897.303	36.17790
2899.347	36.23660
2901.407	36.20360
2903.446	36.11300
2905.486	36.28390
2907.525	36.19590
2909.590	36.17500
2911.630	36.30530
2913.731	36.24100
2915.770	36.10830
2917.892	36.34020
2919.931	36.18980
2921.970	36.00090
2924.051	36.22580
2926.090	36.23000
2928.130	36.28010
2930.210	36.08780
2932.255	36.16620
2934.356	36.28930
2936.375	36.11920
2938.476	36.32740
2940.515	36.13810
2942.554	36.09580
2944.635	36.23150
2946.679	35.99820
2948.719	36.34980
2950.799	36.14700
2952.859	36.17650
2954.940	36.04230
2956.979	36.07540
2959.039	36.14470
2961.058	36.25520
2963.159	36.08090
2965.198	36.20330
2967.238	35.98850
2969.318	36.19340
2971.337	36.16860
2975.441	36.05540
2977.522	36.15400
2979.582	36.18560
2981.642	36.13500
2983.681	35.93670
2985.761	36.30280
2987.842	36.17930
2989.887	36.07700
2991.946	36.16140
2994.006	36.27340
2996.025	36.18930
2998.064	36.19440
3000.145	36.18490
3002.189	36.06500
3004.249	36.19090
3006.289	36.09640
3008.307	36.25550
3010.367	36.11990
3012.386	36.03300
3014.467	36.09670
3016.527	36.28500
3018.602	36.31450
3020.641	36.26530
3022.722	36.23940
3024.761	36.09430
3026.821	36.20230
3028.912	36.07630
3030.987	36.20220
3033.068	36.25040
3035.112	36.19360
3037.152	36.16950
3039.248	36.16520
3041.292	36.24650
3043.332	36.21510
3045.391	36.03430
3047.431	36.23680
3049.470	36.11740
3051.551	36.20890
3053.631	36.14890
3055.676	36.18170
3057.736	36.21690
3059.796	36.25180
3061.876	36.19570
3063.895	36.27380
3065.975	36.28500
3068.056	36.08620
3070.095	36.12310
3072.135	36.39610
3074.179	36.06590
3076.218	36.37690
3078.309	36.15230
3080.369	36.12990
3082.409	36.24090
3084.556	36.22150
3086.611	36.15160
3088.671	36.20440
3090.751	36.16940
3092.852	36.11480
3094.928	36.12650
3099.032	36.32310
3101.072	36.12370
3103.152	36.26400
3105.191	36.18780
3107.231	36.14360
3109.332	36.16230
3111.412	36.31250
3113.493	36.23920
3115.574	36.06440
3117.613	36.31190
3119.693	36.28860
3121.738	36.02160
3123.818	36.20740
3125.858	36.22840
3127.902	36.09050
3129.936	36.14470
3131.996	36.15280
3134.020	36.30670
3136.039	36.16390
3138.135	36.18950
3140.216	36.16030
3142.260	36.14620
3144.299	36.10260
3146.380	36.19310
3148.460	36.16470
3150.556	36.21550
3152.621	36.07490
3154.697	36.19020
3156.803	36.08760
3158.904	36.14290
3160.980	36.15940
3163.024	36.36920
3165.084	36.14100
3167.144	36.17210
3169.204	36.24950
3171.243	36.08840
3173.283	36.18670
3175.327	36.21320
3177.382	36.11840
3179.447	36.23010
3181.507	36.33590
3183.567	35.98560
3185.627	36.12390
3187.666	36.30210
3189.726	36.28010
3191.771	36.08870
3193.789	36.24130
3195.854	36.15350
3197.889	36.10770
3199.943	36.46490
3202.024	36.02660
3204.104	36.17720
3206.185	36.18490
3208.245	36.09260
3210.341	36.12520
3212.380	36.28180
3214.399	36.17620
3216.438	36.15070
3218.483	36.41160
3220.522	36.11920
3222.592	36.15510
3224.673	36.12830
3226.692	36.28920
3228.772	36.09190
3230.832	36.14320
3232.892	36.34220
3234.947	36.17740
3237.048	36.09480
3239.129	36.33490
3241.188	35.95190
3243.269	36.17030
3245.308	36.39230
3247.348	36.26660
3249.408	36.04530
3251.509	36.15950
3253.569	36.16480
3255.593	36.25060
3257.689	36.23350
3259.748	36.33300
3261.793	36.14270
3263.832	36.13540
3265.954	36.12580
3267.993	36.13420
3270.053	36.31050
3272.154	36.28220
3274.235	36.20410
3276.274	36.20900
3278.355	36.21840
3282.500	36.15680
3284.545	36.20400
3286.584	36.16720
3288.644	36.31480
3290.704	36.08850
3292.785	36.19330
3294.865	36.23080
3296.905	36.27330
3298.965	36.30440
3301.045	36.18740
3303.110	36.23150
3305.186	36.22000
3307.209	36.30110
3309.290	36.25950
3311.371	36.07920
3313.430	36.10510
3315.449	36.20380
3317.576	36.16890
3319.687	36.28230
3321.753	36.39930
3323.792	36.08180
3325.893	36.13810
3327.932	36.23950
3330.034	36.13610
3332.073	36.20990
3334.117	36.08890
3336.182	36.22320
3338.201	36.33170
3340.251	36.04520
3342.336	36.32000
3344.376	36.07420
3346.446	36.37230
3348.506	36.20900
3350.566	36.10250
3352.605	36.24520
3354.686	36.19060
3356.766	36.18470
3358.867	36.18860
3360.907	36.32920
3362.946	36.16690
3365.027	36.26440
3367.066	36.12090
3369.111	36.14840
3371.150	36.14050
3373.169	36.26680
3375.229	36.20610
3377.268	36.07860
3379.348	36.20070
3381.393	36.27350
3383.432	36.37780
3385.472	36.00190
3387.511	36.25340
3389.571	36.20690
3391.636	36.17910
3393.655	36.11880
3395.735	36.13730
3397.805	36.19150
3399.829	36.22650
3401.889	36.14350
3403.970	36.28740
3406.061	36.23750
3408.110	36.28090
3410.150	36.21790
3412.173	36.24040
3414.213	36.22990
3416.252	36.11110
3418.292	36.18330
3420.403	36.25950
3422.458	36.15490
3424.502	36.16670
3426.619	36.23100
3428.663	36.16660
3430.703	36.21160
3432.721	36.07750
3434.802	36.18310
3436.903	36.14170
3438.942	36.25900
3441.023	36.24930
3443.145	36.00110
3445.205	36.24830
3447.244	36.21880
3449.366	36.34130
3451.415	36.16970
3453.480	36.17820
3455.556	36.22150
3457.580	36.08450
3459.634	36.15680
3461.720	36.17300
3463.796	36.23250
3465.819	36.27780
3467.900	36.07770
3470.017	36.23410
3472.061	36.28350
3474.100	36.25040
3476.140	36.12530
3478.179	35.99940
3480.239	36.46810
3482.319	36.16390
3486.445	36.17090
3488.494	36.14890
3490.544	36.00160
3492.604	36.24180
3494.684	36.23650
3496.785	36.35240
3498.825	36.17140
3502.924	36.20510
3504.984	36.27870
3507.049	36.14190
3509.109	36.08030
3511.205	36.42000
3513.229	36.11410
3515.268	36.16470
3517.308	36.20340
3519.367	36.23510
3521.427	36.15370
3523.451	36.27280
3525.532	36.31170
3527.592	36.29220
3529.693	36.08930
3531.773	36.12920
3533.813	36.16820
3535.873	36.12160
3537.912	36.10660
3539.957	36.41960
3541.996	36.39740
3544.035	36.15650
3546.095	36.27990
3548.155	36.09140
3550.200	36.26280
3552.254	36.12020
3554.294	36.28480
3556.338	36.09930
3558.414	36.34320
3560.458	36.16040
3562.497	36.14750
3564.557	36.20560
3566.602	36.15020
3568.662	36.22210
3570.742	36.17550
3572.843	36.21980
3574.903	36.06550
3576.943	36.15110
3579.008	36.36980
3581.047	36.07580
3583.107	36.21200
3585.146	36.37410
3587.206	36.25610
3589.246	36.05840
3591.306	36.17150
3593.350	36.19700
3595.389	36.20530
3597.470	36.18580
3599.550	36.25840
3601.590	36.26690
3603.609	36.14500
3605.668	36.24470
3607.728	36.24060
3609.794	36.27380
3611.869	36.24750
3613.929	36.09440
3615.973	36.21310
3618.038	36.32220
3620.129	36.07750
3622.153	36.35780
3624.234	36.15830
3626.335	36.27000
3628.374	36.14550
3630.434	36.20130
3632.473	36.39230
3634.554	35.90750
3636.681	36.17450
3638.720	36.29780
3640.780	36.35270
3642.819	36.05360
3644.879	36.22620
3646.960	36.32000
3648.999	36.28690
3651.023	36.06180
3653.104	36.19170
3655.143	36.35330
3657.187	35.98240
3659.263	36.29260
3661.364	36.21450
3663.388	36.24710
3665.458	36.26220
3667.539	36.15030
3669.599	36.23620
3671.643	36.11540
3673.703	36.21860
3675.784	36.17350
3677.864	36.20530
3679.903	36.00690
3681.963	36.36070
3684.023	36.15550
3686.119	36.20740
3688.200	36.10280
3690.291	36.22180
3692.330	36.13430
3694.411	36.19070
3696.532	36.06340
3698.633	36.16020
3700.693	36.17350
3702.733	36.33970
3704.793	36.23620
3706.817	36.15690
3708.856	36.28310
3710.905	36.14040
3712.950	36.04340
3714.969	36.34890
3717.075	36.21080
3719.114	36.20560
3721.215	36.27510
3723.296	36.21990
3725.335	36.10370
3727.375	36.33420
3729.455	36.15330
3731.556	36.09380
3733.637	36.33420
3735.676	36.21750
3737.716	36.18470
3739.781	36.34220
3741.882	36.12780
3743.962	36.09700
3746.063	36.14980
3748.082	36.25530
3750.183	36.30390
3752.223	36.24310
3754.277	36.22670
3756.363	36.27000
3758.382	36.28460
3760.452	36.10450
3762.553	36.15780
3764.587	36.19280
3766.678	36.22960
3768.712	36.22170
3770.814	35.93080
3772.874	36.34150
3774.913	36.19850
3776.993	36.17320
3779.033	36.15560
3781.077	36.05460
3783.173	36.22220
3785.233	36.29580
3787.278	36.16210
3789.338	36.26460
3791.377	36.18550
3793.396	36.23420
3795.440	36.28590
3797.516	36.23600
3799.560	36.25830
3801.599	36.16140
3803.700	36.24630
3805.760	36.36040
3807.779	35.99500
3809.885	36.02720
3811.966	36.22590
3814.005	36.07870
3816.045	35.95160
3818.105	36.31350
3820.206	36.27950
3822.266	36.02530
3824.310	36.25450
3826.370	36.14540
3828.430	36.32960
3830.449	36.07720
3832.488	36.17660
3834.512	36.11270
3836.593	36.28670
3838.632	36.29680
3840.712	36.14010
3842.772	36.24870
3844.812	36.18120
3846.836	36.26010
3848.911	36.23730
3850.991	36.25490
3853.072	36.14520
3855.075	36.11180
3857.115	36.32800
3859.175	36.17770
3861.193	36.33200
3863.217	36.25700
3865.298	36.03630
3867.378	36.16520
3869.418	36.24210
3871.519	36.18180
3873.558	36.11450
3875.659	36.22610
3877.729	36.19440
3879.825	36.19940
3881.891	36.21390
3883.909	36.17240
3885.969	36.33120
3888.029	36.15350
3890.068	36.14210
3892.108	36.13090
3894.147	36.24100
3896.192	36.22830
3898.252	36.29510
3900.353	36.10550
3902.433	36.11300
3904.452	36.06320
3906.496	36.37730
3908.536	36.25980
3910.575	36.09670
3912.635	36.20450
3914.710	36.27500
3916.755	36.22900
3918.835	36.08560
3920.942	36.25300
3922.955	36.22750
3925.072	36.14290
3927.142	36.26700
3929.238	36.25930
3931.277	36.16310
3933.317	36.39010
3935.361	36.15810
3937.457	36.17450
3939.517	36.31490
3941.577	36.11650
3943.632	36.18650
3945.640	36.04790
3947.721	36.34800
3949.801	36.21240
3951.861	36.44730
3953.942	36.07660
3955.961	36.31670
3958.026	36.32810
3960.086	36.24010
3962.104	36.35600
3964.185	36.08530
3966.271	36.28970
3968.382	36.22400
3970.447	36.32810
3972.528	36.24870
3974.608	36.05740
3976.648	36.26460
3978.708	36.19250
3980.747	36.23100
3982.786	36.16930
3984.826	36.32820
3986.849	36.29730
3988.909	36.19710
3991.031	36.25560
3993.091	36.21030
3995.172	36.00590
3997.314	36.14610
3999.353	36.33990
4001.393	36.27230
4003.473	36.20400
4005.554	36.14690
4007.614	36.01760
4009.694	36.36840
4011.780	36.07950
4013.840	36.15480
4015.895	36.20130
4017.975	36.21220
4020.035	36.17170
4022.080	36.07270
4024.129	36.22120
4026.179	36.21650
4028.218	36.11790
4030.278	36.18270
4032.338	36.20580
4034.439	36.14930
4036.458	36.26370
4038.502	36.15950
4040.521	36.20390
4042.581	36.24250
4044.641	36.15200
4046.701	36.22800
4048.792	36.20940
4050.908	36.38220
4052.942	35.94980
4055.044	36.19370
4057.124	36.25820
4059.205	36.00360
4061.265	36.33070
4063.325	36.21120
4065.364	36.23000
4067.403	36.09980
4069.427	36.43260
4071.487	36.07400
4073.526	36.12920
4075.586	36.30020
4077.646	36.20200
4081.766	36.00950
4083.805	36.40340
4085.865	36.29020
4087.931	36.26530
4089.970	36.18610
4092.030	36.24360
4094.049	36.10970
4096.088	36.07890
4098.189	36.14520
4100.249	36.17270
4102.371	36.16630
4104.410	36.22060
4106.511	36.31370
4108.571	36.12970
4110.595	36.14620
4112.634	36.27260
4114.689	36.29350
4116.754	36.16980
4118.814	36.31720
4120.853	36.24960
4122.893	36.06970
4124.953	36.31420
4126.997	36.34720
4129.057	35.93520
4131.096	36.35690
4133.136	36.19230
4135.196	36.17190
4137.256	36.36620
4139.295	36.11570
4141.360	36.13780
4143.399	36.12240
4145.459	36.29410
4147.478	36.21190
4149.517	36.16470
4151.562	36.30240
4153.581	36.12730
4155.620	36.18780
4157.639	36.10930
4159.719	36.29460
4161.779	36.14760
4163.860	36.16190
4165.997	36.30000
4168.016	36.18500
4170.101	36.02590
4172.136	36.22140
4174.175	36.28200
4176.271	36.25690
4178.336	36.30560
4180.355	36.44750
4182.394	36.14680
4184.454	36.11730
4186.498	36.43730
4188.574	36.19190
4190.598	36.16940
4192.616	36.09490
4194.738	36.14450
4196.778	36.32810
4198.838	36.22950
4200.897	36.21890
4202.978	36.23240
4205.059	36.03540
4207.098	36.10210
4209.137	36.26680
4211.238	36.29860
4213.319	36.18600
4215.420	36.16050
4217.480	36.33800
4219.499	36.11350
4221.641	36.25910
4223.680	36.08620
4225.761	36.37630
4227.805	36.23050
4229.824	36.21400
4231.910	36.08620
4233.970	36.27590
4236.071	36.04670
4238.131	36.30460
4240.196	36.27950
4242.215	36.17810
4244.275	36.24220
4246.314	36.31160
4248.374	36.11180
4250.429	36.04230
4252.489	36.13850
4254.548	36.31540
4256.650	36.16460
4258.689	36.29370
4260.733	36.00240
4262.773	36.29520
4264.828	36.25620
4266.908	36.31750
4268.953	36.16440
4271.013	36.24620
4273.093	36.15150
4275.132	36.21260
4277.172	36.34370
4281.353	35.98340
4283.434	36.28210
4285.453	36.33360
4287.497	36.20290
4289.578	36.06610
4291.638	36.21950
4293.718	36.33150
4295.737	36.12580
4297.895	36.42370
4299.980	36.22020
4302.020	36.19370
4304.059	36.22810
4306.098	36.04090
4308.163	36.21690
4310.203	36.20540
4312.242	36.24430
4314.302	36.12560
4316.362	36.25790
4318.401	36.18670
4320.461	36.14190
4322.542	36.28580
4324.576	36.08610
4326.621	36.16410
4328.665	36.31840
4330.704	36.13370
4332.785	36.08650
4334.845	36.53820
4336.905	36.15760
4338.923	36.20900
4341.009	36.25750
4343.049	36.19550
4345.108	36.08240
4347.189	36.19240
4349.233	36.22320
4351.293	36.06580
4353.312	36.22900
4355.434	36.16710
4357.473	36.18920
4359.543	36.31220
4361.603	36.08590
4363.684	36.27500
4365.723	36.26840
4367.778	36.19410
4369.838	36.10300
4371.939	36.13150
4373.978	36.22950
4376.038	36.36400
4378.098	36.17060
4380.179	36.24900
4382.223	36.19680
4384.299	36.21070
4386.384	36.27690
4388.480	36.23820
4390.504	36.08310
4392.564	36.18740
4394.604	36.32810
4396.643	36.29740
4398.703	36.28150
4400.789	36.21220
4404.867	36.24910
4407.010	36.22210
4409.049	36.25220
4411.124	36.22770
4413.194	36.14140
4415.290	36.21420
4417.381	36.24000
4419.462	36.26830
4421.486	36.25110
4423.556	36.27460
4425.616	36.15150
4427.696	36.25880
4429.777	36.22680
4431.842	36.31620
4433.897	36.21370
4435.941	36.05170
4438.022	36.21460
4440.061	36.06830
4442.121	36.28960
4444.202	36.31520
4446.241	36.32650
4448.306	36.07080
4450.382	36.22850
4452.447	36.29910
4454.507	36.25630
4456.525	36.20740
4458.647	36.21310
4460.707	36.34330
4462.767	36.20190
4464.806	36.29150
4466.928	36.17380
4468.957	36.20820
4471.007	36.19000
4473.051	36.20150
4475.126	36.20920
4477.192	36.29080
4479.252	36.17950
4481.291	36.21750
4483.351	36.22690
4485.390	36.36290
4487.429	36.24510
4489.515	36.02350
4491.591	36.26700
4493.614	36.14070
4495.654	36.19110
4497.693	36.34320
4499.753	36.21770
4501.813	36.11580
4503.857	36.18070
4505.897	36.04260
4507.957	36.28120
4509.975	36.32450
4512.015	36.13750
4514.059	36.32900
4516.099	36.01730
4518.138	36.31680
4520.219	36.15890
4522.299	36.22020
4524.400	36.20880
4526.440	36.38360
4528.463	36.17020
4530.539	36.32350
4532.635	36.26180
4534.720	36.04720
4536.796	36.24280
4538.882	36.02820
4540.921	36.07650
4542.981	36.41580
4545.020	36.16610
4547.039	36.13300
4549.099	36.37650
4551.159	36.33720
4553.203	36.12310
4555.243	36.10050
4557.261	36.29910
4559.321	36.25920
4561.381	36.02840
4563.441	36.22090
4565.501	36.42460
4567.561	36.22490
4569.585	36.21670
4571.624	36.18210
4573.684	36.00880
4575.744	36.20190
4577.783	36.15630
4579.849	36.14940
4581.919	36.25020
4583.963	36.00760
4586.059	36.33990
4588.104	36.37520
4590.169	36.06980
4592.229	36.09210
4594.340	36.18300
4596.390	36.05190
4598.455	36.18370
4600.494	36.26240
4602.534	36.24760
4604.635	36.01490
4606.674	35.97020
4608.755	36.30740
4610.856	36.47930
4612.916	36.13450
4614.955	36.11050
4617.015	36.29270
4619.095	36.20840
4621.176	36.35130
4623.215	36.07860
4625.255	36.36340
4627.279	36.02590
4629.318	36.31560
4631.378	36.10460
4633.438	36.24800
4635.477	36.23890
4637.578	36.13830
4639.618	36.39610
4641.683	36.26570
4643.743	36.28170
4645.869	36.07260
4647.909	36.32990
4649.989	36.36570
4652.054	36.03240
4654.094	36.16780
4656.133	36.28980
4658.152	36.22110
4660.243	36.29770
4662.282	36.18340
4664.342	36.24910
4666.402	36.14650
4668.482	36.11360
4670.522	36.25970
4672.623	36.05450
4674.688	36.36970
4676.727	36.06260
4678.803	36.11170
4680.847	36.13320
4682.907	36.35470
4684.946	36.00780
4687.006	36.24890
4689.025	36.29260
4691.106	36.18520
4695.246	36.26050
4697.291	36.19570
4699.330	36.22470
4701.441	36.23370
4703.481	36.12720
4705.561	36.04060
4707.621	36.24470
4709.661	36.35840
4711.720	36.10120
4713.780	36.15340
4715.923	36.22570
4717.983	36.20090
4720.027	36.24270
4722.087	36.25310
4724.147	36.28660
4726.192	36.37610
4728.251	36.14520
4730.270	36.28760
4732.351	36.20290
4734.390	36.15240
4736.450	36.13360
4738.531	36.23590
4740.596	36.24440
4742.661	36.10150
4744.690	36.32790
4746.812	36.14970
4748.892	36.07280
4750.931	36.17870
4752.976	36.16210
4755.015	36.26640
4757.055	36.27540
4759.073	36.13510
4761.200	36.18350
4763.250	36.22660
4765.377	36.25770
4767.416	36.11620
4769.476	36.28540
4771.520	36.24800
4773.601	36.21940
4775.661	36.30020
4777.778	36.15990
4779.822	36.19390
4781.882	36.11500
4783.962	36.14190
4786.043	36.26760
4788.067	36.17710
4790.127	36.07770
4792.166	36.15400
4794.190	36.16380
4796.229	36.25600
4798.274	35.96970
4800.329	36.25170
4802.389	36.26030
4804.412	36.25610
4806.452	36.32110
4808.512	36.06770
4810.572	36.19090
4812.590	36.23710
4814.650	36.13860
4816.690	36.08620
4818.786	36.40370
4820.866	36.26210
4822.931	36.15490
4824.991	36.02370
4827.031	36.19110
4829.101	36.15550
4831.150	36.28270
4833.252	36.11490
4835.291	36.44050
4837.418	36.12760
4839.478	36.25500
