Elapsed time [s]	Value [0,1]
0.000	1.32177E-3
3.380	1.32555E-3
5.399	1.32464E-3
7.420	1.33163E-3
9.442	1.33360E-3
11.460	1.34068E-3
13.482	1.34043E-3
15.500	1.33679E-3
17.522	1.32715E-3
19.551	1.31386E-3
21.562	1.29580E-3
23.583	1.28079E-3
25.602	1.27517E-3
27.626	1.27265E-3
29.644	1.28492E-3
31.666	1.29545E-3
33.684	1.30076E-3
35.706	1.30334E-3
37.727	1.30320E-3
39.748	1.29740E-3
41.767	1.29768E-3
43.786	1.30498E-3
45.807	1.31549E-3
47.826	1.32146E-3
49.850	1.32703E-3
51.869	1.32989E-3
53.890	1.33074E-3
55.909	1.32607E-3
57.930	1.32235E-3
59.951	1.31428E-3
61.970	1.30854E-3
63.991	1.30813E-3
66.010	1.31447E-3
68.031	1.31703E-3
70.053	1.31745E-3
72.074	1.31596E-3
74.093	1.32309E-3
76.114	1.32629E-3
78.133	1.31923E-3
80.164	1.31083E-3
82.175	1.30635E-3
84.194	1.30730E-3
86.215	1.31404E-3
88.237	1.31616E-3
92.277	1.31845E-3
94.298	1.31674E-3
96.325	1.32174E-3
98.338	1.32982E-3
100.357	1.33525E-3
102.378	1.33321E-3
104.400	1.32797E-3
106.421	1.32344E-3
108.442	1.32683E-3
110.461	1.32717E-3
112.482	1.32639E-3
114.501	1.32700E-3
116.522	1.32612E-3
118.544	1.32424E-3
120.562	1.31978E-3
122.584	1.32191E-3
124.602	1.32050E-3
126.624	1.32235E-3
128.645	1.32903E-3
130.664	1.33333E-3
132.685	1.33030E-3
134.704	1.32806E-3
136.725	1.32672E-3
138.746	1.32720E-3
140.768	1.32672E-3
142.786	1.33143E-3
144.808	1.33668E-3
146.829	1.33767E-3
148.848	1.33572E-3
150.869	1.33766E-3
152.888	1.33480E-3
154.909	1.33697E-3
156.930	1.33611E-3
158.952	1.32644E-3
160.971	1.31996E-3
162.992	1.31037E-3
165.011	1.30349E-3
167.032	1.30455E-3
169.053	1.31250E-3
171.072	1.31549E-3
173.093	1.31654E-3
175.112	1.31770E-3
177.133	1.31608E-3
179.157	1.31840E-3
181.176	1.32131E-3
183.195	1.32996E-3
185.216	1.33244E-3
187.237	1.33186E-3
189.256	1.33216E-3
191.277	1.33294E-3
193.296	1.33637E-3
195.317	1.33267E-3
197.339	1.33249E-3
199.360	1.33173E-3
201.379	1.33244E-3
203.400	1.32521E-3
205.419	1.31919E-3
207.440	1.31630E-3
209.461	1.31663E-3
211.483	1.33531E-3
213.501	1.33441E-3
215.523	1.33592E-3
217.544	1.33805E-3
219.563	1.33985E-3
221.584	1.33570E-3
223.603	1.33796E-3
225.624	1.33732E-3
227.646	1.33933E-3
229.664	1.33603E-3
231.686	1.34044E-3
233.704	1.33762E-3
235.728	1.33656E-3
237.747	1.34048E-3
241.787	1.34300E-3
243.806	1.34492E-3
245.827	1.34532E-3
247.848	1.34437E-3
249.870	1.35144E-3
251.888	1.34664E-3
253.910	1.34101E-3
255.931	1.34477E-3
257.950	1.34744E-3
259.971	1.35050E-3
261.990	1.34428E-3
264.011	1.34638E-3
266.032	1.34352E-3
268.054	1.34413E-3
270.072	1.34249E-3
272.094	1.34035E-3
274.113	1.33907E-3
276.134	1.33253E-3
280.174	1.32605E-3
282.195	1.32963E-3
284.217	1.33487E-3
286.238	1.35473E-3
288.257	1.36395E-3
290.278	1.36823E-3
294.318	1.36678E-3
296.339	1.36885E-3
298.358	1.37350E-3
300.379	1.37468E-3
302.398	1.36970E-3
304.419	1.36584E-3
306.441	1.36681E-3
308.467	1.36293E-3
310.481	1.36013E-3
312.502	1.36468E-3
314.521	1.36507E-3
316.542	1.36862E-3
318.563	1.37321E-3
320.582	1.37012E-3
322.603	1.37564E-3
324.625	1.37795E-3
326.646	1.37935E-3
328.665	1.38181E-3
330.686	1.38336E-3
332.705	1.38675E-3
334.726	1.39766E-3
336.747	1.42087E-3
338.766	1.52039E-3
340.788	2.15081E-3
342.806	4.90093E-3
344.828	1.11142E-2
346.849	1.73796E-2
348.870	2.32073E-2
350.889	3.67879E-2
352.910	3.16222E-2
354.929	2.54203E-2
356.950	4.26545E-2
358.972	4.52887E-2
360.990	2.22803E-2
363.012	4.45051E-2
365.033	4.62327E-2
367.052	2.27251E-2
369.073	6.80967E-2
371.092	2.17907E-2
373.113	3.69759E-2
375.134	8.39068E-2
377.156	2.23122E-2
379.174	5.79662E-2
381.196	2.45430E-2
383.217	2.85555E-2
385.236	8.42915E-2
387.257	2.17446E-2
389.276	4.55934E-2
391.297	5.76758E-2
393.318	2.28477E-2
395.350	6.80650E-2
397.366	2.25377E-2
399.380	3.31999E-2
401.399	9.31472E-2
403.420	2.23533E-2
405.441	7.54832E-2
407.460	3.14587E-2
409.481	2.65470E-2
411.500	2.32997E-2
413.521	2.23547E-2
415.543	2.07254E-2
417.564	1.96928E-2
421.604	1.98913E-2
423.623	1.99878E-2
425.644	2.00108E-2
427.665	2.00042E-2
429.684	1.99854E-2
431.705	1.99620E-2
433.727	1.99442E-2
435.748	1.99340E-2
437.767	1.99549E-2
439.788	2.00121E-2
441.807	2.00215E-2
443.828	2.00146E-2
445.849	2.00018E-2
447.868	1.99844E-2
449.887	2.00010E-2
451.908	2.00105E-2
453.930	1.99964E-2
455.951	1.99805E-2
457.972	2.00165E-2
459.991	2.00565E-2
462.012	2.00213E-2
464.031	2.00273E-2
466.052	2.00436E-2
468.074	2.00396E-2
470.092	2.00310E-2
472.114	2.00161E-2
474.135	1.99972E-2
476.156	1.99832E-2
478.175	1.99717E-2
480.196	1.99697E-2
482.215	1.99642E-2
484.236	1.99886E-2
486.258	1.99938E-2
488.276	1.99875E-2
492.342	2.00226E-2
494.338	2.00365E-2
496.359	2.00335E-2
498.378	2.00156E-2
500.399	1.99973E-2
502.418	1.99785E-2
504.442	2.00697E-2
506.461	2.01055E-2
508.482	2.00656E-2
510.501	2.00291E-2
512.522	2.00048E-2
514.543	1.99804E-2
516.562	2.00180E-2
518.583	2.00732E-2
520.602	1.99883E-2
522.623	2.00360E-2
524.645	2.00568E-2
526.666	1.99863E-2
528.685	2.00787E-2
530.706	2.00070E-2
532.727	2.00324E-2
534.746	2.00786E-2
536.767	1.99701E-2
538.786	2.00356E-2
540.807	2.00921E-2
542.829	1.99860E-2
544.850	2.00333E-2
546.869	2.00837E-2
548.890	1.99884E-2
550.909	2.00101E-2
552.930	2.00475E-2
554.949	2.00566E-2
556.970	2.00542E-2
558.991	2.00444E-2
561.010	2.00300E-2
563.032	2.00227E-2
565.053	2.00076E-2
567.074	1.99938E-2
569.093	1.99891E-2
571.114	2.01359E-2
573.133	2.00673E-2
575.154	1.99323E-2
577.176	2.01074E-2
579.194	2.00962E-2
581.216	1.99318E-2
583.237	2.01030E-2
585.258	2.00957E-2
587.277	1.99285E-2
589.298	2.00949E-2
591.317	2.01071E-2
593.338	1.99861E-2
595.360	1.99498E-2
597.378	2.01322E-2
599.400	2.00404E-2
601.421	1.99234E-2
603.440	2.01063E-2
605.461	2.00818E-2
607.480	2.00046E-2
609.501	1.99607E-2
611.522	2.00865E-2
613.544	2.00273E-2
615.562	1.99950E-2
617.584	2.00968E-2
619.603	2.00019E-2
621.624	2.00319E-2
623.645	2.00703E-2
625.664	1.99670E-2
627.685	2.00831E-2
629.704	2.00310E-2
631.725	1.99887E-2
633.747	2.01002E-2
635.768	1.99799E-2
637.787	2.00247E-2
639.808	2.00982E-2
641.829	1.99617E-2
643.848	2.00301E-2
645.869	2.01067E-2
647.888	1.99904E-2
649.909	2.00310E-2
651.931	2.00850E-2
653.952	1.99892E-2
655.971	2.00231E-2
657.992	2.00728E-2
660.011	2.00463E-2
662.032	1.99809E-2
664.053	2.00335E-2
666.072	2.00623E-2
668.093	2.00741E-2
670.112	2.00217E-2
672.133	1.99848E-2
674.155	2.00240E-2
676.176	2.00469E-2
678.213	2.00521E-2
680.216	2.00497E-2
682.237	2.00468E-2
684.256	2.00346E-2
686.278	2.00182E-2
688.296	2.00073E-2
690.318	1.99919E-2
692.339	1.99980E-2
694.360	2.00054E-2
698.400	2.00007E-2
702.440	2.00443E-2
704.462	2.00358E-2
706.480	2.00255E-2
708.502	2.00434E-2
716.582	2.00360E-2
718.603	2.00245E-2
720.624	2.00182E-2
722.646	2.00298E-2
728.704	2.00137E-2
730.726	2.00035E-2
732.747	1.99996E-2
734.768	2.00271E-2
736.787	2.00398E-2
738.806	2.00489E-2
740.827	2.00379E-2
744.870	2.00318E-2
746.889	2.00260E-2
748.910	2.00187E-2
750.931	2.00053E-2
752.950	1.99893E-2
754.971	1.99817E-2
756.990	2.00601E-2
759.011	2.00646E-2
761.033	2.00327E-2
763.054	2.00135E-2
765.073	2.00344E-2
767.094	2.00411E-2
769.113	2.00265E-2
771.134	2.00505E-2
773.155	2.00275E-2
775.174	2.00442E-2
777.195	2.00479E-2
779.217	2.00208E-2
781.238	2.00522E-2
783.257	2.00400E-2
785.278	2.00180E-2
787.297	2.00583E-2
789.318	2.00330E-2
791.339	2.00263E-2
793.358	2.00539E-2
795.379	2.00150E-2
797.398	2.00407E-2
799.422	2.00531E-2
801.441	2.00150E-2
803.462	2.00447E-2
807.502	2.00232E-2
809.521	2.00524E-2
811.542	2.00287E-2
813.564	2.00237E-2
815.582	2.00534E-2
817.604	2.00454E-2
819.625	2.00283E-2
821.646	2.00418E-2
823.665	2.00485E-2
829.731	2.00455E-2
831.748	2.00391E-2
833.766	2.00328E-2
835.788	2.00286E-2
837.806	2.00249E-2
839.828	2.00197E-2
841.849	2.00105E-2
843.870	1.99993E-2
847.908	2.00265E-2
849.937	2.00435E-2
853.977	2.00236E-2
855.998	2.00290E-2
858.017	2.00350E-2
864.078	2.00286E-2
866.100	2.00253E-2
868.118	2.00182E-2
870.140	2.00071E-2
872.158	1.99966E-2
874.195	2.00348E-2
876.201	2.00706E-2
878.220	2.00584E-2
880.241	2.00477E-2
882.260	2.00374E-2
884.281	2.00315E-2
886.303	2.00226E-2
888.324	2.00079E-2
890.343	2.00167E-2
892.364	2.00479E-2
894.385	2.00169E-2
896.404	2.00472E-2
898.428	2.00385E-2
900.449	2.00240E-2
902.468	2.00570E-2
904.487	2.00174E-2
906.508	2.00364E-2
908.529	2.00541E-2
910.551	2.00227E-2
912.569	2.00417E-2
914.591	2.00477E-2
916.612	2.00209E-2
918.633	2.00476E-2
920.652	2.00404E-2
922.673	2.00270E-2
924.692	2.00402E-2
926.713	2.00533E-2
928.735	2.00265E-2
930.753	2.00356E-2
932.775	2.00607E-2
934.796	2.00215E-2
936.817	2.00453E-2
938.836	2.00529E-2
940.855	2.00185E-2
942.889	2.00489E-2
944.897	2.00411E-2
946.919	2.00240E-2
948.937	2.00519E-2
950.959	2.00294E-2
952.977	2.00332E-2
954.999	2.00465E-2
957.020	2.00501E-2
959.039	2.00191E-2
961.060	2.00301E-2
963.079	2.00441E-2
965.100	2.00500E-2
967.122	2.00393E-2
971.162	2.00327E-2
973.183	2.00289E-2
979.244	2.00220E-2
981.266	2.00164E-2
985.306	2.00121E-2
991.367	2.00179E-2
995.407	2.00158E-2
1003.487	2.00049E-2
1005.516	2.00500E-2
1009.551	2.00399E-2
1011.572	2.00229E-2
1013.594	2.00456E-2
1015.612	2.00317E-2
1017.634	2.00401E-2
1019.655	2.00519E-2
1021.674	2.00277E-2
1023.695	2.00436E-2
1025.716	2.00482E-2
1027.738	2.00163E-2
1029.756	2.00359E-2
1031.778	2.00495E-2
1033.797	2.00241E-2
1035.818	2.00405E-2
1037.839	2.00446E-2
1039.858	2.00403E-2
1043.898	2.00302E-2
1045.919	2.00244E-2
1047.943	2.00195E-2
1049.962	2.00106E-2
1051.981	2.00033E-2
1054.002	1.99926E-2
1056.023	2.00098E-2
1058.042	2.00429E-2
1060.063	2.00505E-2
1062.082	2.00249E-2
1064.103	2.00345E-2
1066.125	2.00527E-2
1068.146	2.00417E-2
1070.165	2.00257E-2
1072.186	2.00423E-2
1074.205	2.00515E-2
1076.239	2.00349E-2
1078.247	2.00466E-2
1082.287	2.00248E-2
1084.306	2.00369E-2
1086.327	2.00522E-2
1088.349	2.00350E-2
1090.370	2.00242E-2
1092.389	2.00417E-2
1094.410	2.00444E-2
1096.429	2.00499E-2
1098.450	2.00229E-2
1100.472	2.00181E-2
1106.533	2.00073E-2
1108.554	2.00048E-2
1110.573	1.99991E-2
1112.594	2.00759E-2
1114.613	2.00928E-2
1116.634	2.00740E-2
1118.656	2.00587E-2
1120.674	2.00534E-2
1122.696	2.00287E-2
1126.736	2.00375E-2
1128.757	2.00438E-2
1130.776	2.00466E-2
1134.818	2.00529E-2
1136.840	2.00371E-2
1138.858	2.00340E-2
1140.880	2.00388E-2
1142.898	2.00361E-2
1148.960	2.00327E-2
1153.000	2.00200E-2
1155.021	2.00229E-2
1159.064	2.00192E-2
1161.083	2.00135E-2
1163.104	2.00003E-2
1165.125	2.00515E-2
1167.144	2.00843E-2
1169.165	2.00496E-2
1171.184	2.00249E-2
1173.205	2.00112E-2
1175.227	2.00056E-2
1177.248	2.00331E-2
1179.267	2.00757E-2
1181.288	2.00299E-2
1183.307	1.99956E-2
1185.328	2.00716E-2
1187.349	2.00449E-2
1189.368	2.00061E-2
1191.389	2.00488E-2
1193.408	2.00682E-2
1195.429	2.00106E-2
1197.451	2.00222E-2
1199.472	2.00809E-2
1201.491	2.00146E-2
1203.512	2.00123E-2
1205.531	2.00703E-2
1207.552	1.99983E-2
1209.573	2.00494E-2
1211.592	2.00697E-2
1213.614	1.99866E-2
1215.635	2.00469E-2
1219.675	1.99950E-2
1221.696	2.00932E-2
1223.715	2.00248E-2
1225.736	2.00152E-2
1227.758	2.00840E-2
1229.776	1.99997E-2
1231.798	2.00312E-2
1233.819	2.00833E-2
1235.840	1.99867E-2
1237.859	2.00554E-2
1239.878	2.00395E-2
1241.899	2.00006E-2
1243.920	2.00885E-2
1245.942	2.00038E-2
1247.960	2.00461E-2
1249.982	2.00681E-2
1252.000	1.99930E-2
1254.022	2.00801E-2
1256.043	2.00073E-2
1258.062	2.00468E-2
1260.083	2.00595E-2
1262.102	1.99950E-2
1264.123	2.00861E-2
1266.144	2.00256E-2
1268.166	2.00206E-2
1270.185	2.00710E-2
1272.206	1.99864E-2
1274.227	2.00684E-2
1276.246	2.00427E-2
1278.267	2.00003E-2
1280.286	2.00911E-2
1282.307	2.00064E-2
1284.329	2.00276E-2
1286.350	2.00802E-2
1288.369	1.99874E-2
1290.390	2.00563E-2
1292.409	2.00464E-2
1294.430	2.00053E-2
1296.451	2.00872E-2
1298.470	1.99970E-2
1300.491	2.00375E-2
1302.510	2.00669E-2
1304.531	1.99972E-2
1306.553	2.00688E-2
1308.574	2.00252E-2
1310.593	2.00091E-2
1312.614	2.00828E-2
1314.633	2.00091E-2
1316.654	2.00138E-2
1318.675	2.00750E-2
1320.694	2.00263E-2
1322.716	2.00117E-2
1324.737	2.00669E-2
1326.758	2.00401E-2
1328.777	2.00052E-2
1330.798	2.00612E-2
1332.817	2.00506E-2
1334.838	2.00085E-2
1336.860	2.00583E-2
1340.900	2.00015E-2
1342.921	2.00368E-2
1344.942	2.00627E-2
1346.961	2.00522E-2
1348.982	1.99963E-2
1351.001	2.00285E-2
1353.022	2.00544E-2
1355.044	2.00644E-2
1357.062	2.00528E-2
1359.081	2.00236E-2
1361.102	2.00438E-2
1363.124	2.00546E-2
1365.145	2.00417E-2
1367.164	2.00079E-2
1369.185	2.00349E-2
1371.204	2.00556E-2
1373.225	2.00649E-2
1375.246	2.00479E-2
1377.268	1.99955E-2
1379.287	2.00189E-2
1381.323	2.00352E-2
1383.329	2.00408E-2
1385.348	2.00384E-2
1387.369	2.00330E-2
1389.388	2.00288E-2
1391.409	2.00258E-2
1393.431	2.09950E-2
1395.452	2.95603E-2
1397.471	2.80598E-2
1399.492	3.01929E-2
1401.511	2.98930E-2
1403.532	3.00456E-2
1405.553	3.00849E-2
1407.572	3.00906E-2
1409.593	3.01130E-2
1411.620	3.01014E-2
1413.633	3.00847E-2
1417.676	3.00683E-2
1419.695	3.00543E-2
1421.716	3.00204E-2
1423.737	3.00337E-2
1425.756	3.00407E-2
1427.777	3.00567E-2
1429.796	3.00717E-2
1431.817	3.00860E-2
1433.839	3.00955E-2
1435.860	3.01010E-2
1437.879	3.00471E-2
1439.900	3.00851E-2
1441.919	3.00597E-2
1443.940	3.00213E-2
1445.962	3.00792E-2
1447.980	3.00722E-2
1450.002	3.00570E-2
1452.023	3.00267E-2
1454.044	3.00597E-2
1456.063	3.00697E-2
1458.084	3.00420E-2
1460.106	3.00786E-2
1462.124	3.00582E-2
1464.143	3.00753E-2
1466.167	3.00663E-2
1468.186	3.00784E-2
1470.204	3.00545E-2
1472.228	3.00610E-2
1474.247	3.00520E-2
1478.284	3.00874E-2
1480.308	3.00536E-2
1482.327	3.00625E-2
1484.351	3.00467E-2
1486.370	3.00507E-2
1488.388	3.00560E-2
1490.407	3.00388E-2
1492.431	3.00565E-2
1494.455	3.00468E-2
1498.492	3.00227E-2
1500.511	3.00170E-2
1502.530	3.00468E-2
1504.554	3.00506E-2
1510.615	3.00422E-2
1512.634	3.00607E-2
1514.653	3.00512E-2
1516.677	3.00614E-2
1518.695	3.00704E-2
1520.714	3.00435E-2
1522.738	3.00678E-2
1524.757	3.00449E-2
1526.775	3.00701E-2
1528.799	3.00553E-2
1530.818	3.00480E-2
1532.837	3.00638E-2
1534.861	3.00297E-2
1536.879	3.00594E-2
1538.898	3.00560E-2
1542.941	3.00421E-2
1544.959	3.00578E-2
1546.983	3.00368E-2
1549.002	3.00546E-2
1551.021	3.00651E-2
1553.045	3.00430E-2
1555.063	3.00636E-2
1557.082	3.00731E-2
1559.101	3.00637E-2
1563.149	3.00583E-2
1565.167	3.00626E-2
1567.186	3.00520E-2
1569.205	3.00381E-2
1571.224	3.00606E-2
1579.309	3.00558E-2
1581.328	3.00421E-2
1583.352	3.00499E-2
1585.370	3.00383E-2
1587.389	3.00686E-2
1589.408	3.00558E-2
1591.432	3.00416E-2
1593.450	3.00557E-2
1595.469	3.00602E-2
1597.493	3.00568E-2
1599.512	3.00426E-2
1601.546	3.00465E-2
1603.554	3.00527E-2
1607.592	3.00454E-2
1611.634	3.02902E-2
1613.653	3.00356E-2
1615.677	3.00685E-2
1617.696	3.00483E-2
1621.738	3.00706E-2
1623.757	3.00619E-2
1625.776	3.00768E-2
1627.795	3.00477E-2
1631.853	3.00645E-2
1633.861	3.00585E-2
1635.880	3.00535E-2
1637.899	3.00493E-2
1639.923	3.00636E-2
1641.941	3.00672E-2
1643.960	3.00498E-2
1645.979	3.00439E-2
1648.003	3.00591E-2
1650.021	3.00789E-2
1652.045	3.00479E-2
1654.064	3.00556E-2
1656.083	3.00712E-2
1658.101	3.00481E-2
1660.125	3.00532E-2
1664.163	3.00756E-2
1666.187	3.00588E-2
1668.205	3.00434E-2
1670.224	3.00631E-2
1674.267	3.00567E-2
1676.286	3.00522E-2
1678.309	3.00608E-2
1680.328	3.00412E-2
1682.347	3.00720E-2
1684.371	3.00475E-2
1686.390	3.00583E-2
1688.408	3.00516E-2
1690.432	3.53818E-2
1692.451	3.92880E-2
1694.470	3.96947E-2
1696.494	3.99693E-2
1698.512	4.00931E-2
1700.531	4.01263E-2
1702.555	4.01096E-2
1704.574	4.01368E-2
1706.592	4.01432E-2
1708.611	4.01092E-2
1710.635	4.00907E-2
1712.654	4.00726E-2
1714.673	4.00424E-2
1716.696	4.01036E-2
1718.715	4.00992E-2
1722.758	4.01292E-2
1724.776	4.00962E-2
1726.795	4.00479E-2
1728.819	4.00370E-2
1730.838	4.00523E-2
1732.862	4.00920E-2
1734.880	4.00847E-2
1736.899	4.01230E-2
1738.918	4.00760E-2
1742.961	4.00193E-2
1744.979	4.00578E-2
1747.003	4.00951E-2
1749.022	4.01033E-2
1751.041	4.00598E-2
1753.065	4.00391E-2
1755.083	4.00562E-2
1757.102	4.00607E-2
1759.136	4.01142E-2
1761.145	4.00804E-2
1763.163	4.00191E-2
1765.187	4.00844E-2
1767.206	4.00491E-2
1769.225	4.00801E-2
1771.249	4.00665E-2
1773.267	4.00969E-2
1775.286	4.00733E-2
1777.305	4.00954E-2
1779.329	4.00669E-2
1783.371	4.00787E-2
1785.390	4.00917E-2
1787.409	4.00522E-2
1791.457	4.00711E-2
1795.489	4.00869E-2
1797.513	4.00732E-2
1799.532	4.00841E-2
1801.555	4.00685E-2
1803.574	4.00558E-2
1805.593	4.00927E-2
1807.612	4.00478E-2
1809.636	4.01129E-2
1811.654	4.00822E-2
1813.673	4.00464E-2
1815.697	4.00922E-2
1819.740	4.00730E-2
1821.758	4.00178E-2
1823.777	4.01044E-2
1825.796	4.00677E-2
1827.820	4.00520E-2
1829.838	4.00229E-2
1831.857	4.00762E-2
1835.900	4.00862E-2
1839.942	4.00910E-2
1841.961	4.00744E-2
1843.980	4.00852E-2
1846.004	4.00236E-2
1848.022	4.00837E-2
1852.065	4.00212E-2
1854.084	4.00967E-2
1856.103	4.00359E-2
1858.126	4.00962E-2
1860.145	4.00721E-2
1862.164	4.00786E-2
1864.183	4.01111E-2
1866.201	4.00745E-2
1868.225	4.00836E-2
1870.249	4.00888E-2
1872.268	4.00794E-2
1874.287	4.00182E-2
1876.305	4.01089E-2
1878.329	4.01028E-2
1880.348	4.00553E-2
1882.367	4.00922E-2
1884.391	4.01066E-2
1886.409	4.01143E-2
1888.428	4.00805E-2
1890.452	4.00328E-2
1892.486	4.00673E-2
1894.495	4.01123E-2
1896.513	4.00583E-2
1898.548	4.00303E-2
1900.551	4.01025E-2
1904.594	4.00730E-2
1906.612	4.00386E-2
1908.636	4.01140E-2
1910.655	4.00726E-2
1912.674	4.00955E-2
1916.716	4.00473E-2
1918.735	4.00937E-2
1920.759	4.00344E-2
1922.778	4.01066E-2
1924.796	4.00749E-2
1926.820	4.00469E-2
1928.844	4.00353E-2
1930.858	4.00999E-2
1932.882	4.01080E-2
1934.900	4.00521E-2
1936.919	4.00412E-2
1940.962	4.00270E-2
1942.980	4.00903E-2
1944.999	4.00859E-2
1949.042	4.00361E-2
1951.061	4.00494E-2
1953.100	4.00405E-2
1955.103	4.00157E-2
1957.122	4.00575E-2
1959.146	4.00729E-2
1961.165	4.00778E-2
1965.207	4.00839E-2
1967.226	4.00665E-2
1969.250	4.00601E-2
1971.268	4.00976E-2
1973.287	4.00752E-2
1975.306	4.00870E-2
1977.330	4.01001E-2
1979.349	4.01153E-2
1981.367	4.01286E-2
1983.391	4.00925E-2
1985.410	4.00630E-2
1987.429	4.00938E-2
1989.453	4.00685E-2
1991.471	4.00484E-2
1993.490	4.00794E-2
1995.509	4.00858E-2
1997.533	4.00619E-2
1999.551	4.00936E-2
2001.586	4.00828E-2
2003.594	4.00331E-2
2005.613	4.00489E-2
2009.655	4.00564E-2
2011.674	4.00421E-2
2013.693	4.00772E-2
2019.759	4.00904E-2
2021.778	4.01013E-2
2025.821	4.01260E-2
2027.840	4.00850E-2
2029.858	4.00543E-2
2031.882	4.00988E-2
2035.925	4.00930E-2
2037.943	4.00535E-2
2039.962	4.00923E-2
2041.981	4.00532E-2
2044.000	4.00684E-2
2046.024	4.00868E-2
2048.042	4.00748E-2
2050.061	4.00865E-2
2052.085	4.00679E-2
2056.128	4.00900E-2
2060.165	4.00495E-2
2062.184	4.00601E-2
2064.208	4.01183E-2
2066.226	4.01094E-2
2068.245	4.00699E-2
2070.269	4.00220E-2
2072.288	4.00398E-2
2074.307	4.00854E-2
2076.330	4.01141E-2
2078.349	4.01039E-2
2080.368	4.00582E-2
2082.387	4.00317E-2
2086.440	4.00414E-2
2088.453	4.00881E-2
2090.472	4.00583E-2
2092.491	4.00796E-2
2094.509	4.00649E-2
2096.533	4.00529E-2
2098.552	4.00422E-2
2100.571	4.00115E-2
2102.595	4.00715E-2
2106.632	4.00420E-2
2108.656	4.00809E-2
2110.680	4.00883E-2
2112.693	4.00841E-2
2114.717	4.00999E-2
2116.736	4.01222E-2
2118.755	4.01306E-2
2120.779	4.00255E-2
2122.797	4.01030E-2
2124.816	4.00641E-2
2126.840	4.00402E-2
2128.859	4.00835E-2
2130.878	4.01265E-2
2132.901	4.00863E-2
2134.920	4.00234E-2
2136.939	4.00482E-2
2138.963	4.00832E-2
2140.982	4.01166E-2
2143.000	4.00955E-2
2145.024	4.00858E-2
2147.043	4.00588E-2
2149.062	4.00436E-2
2151.086	4.00652E-2
2153.104	4.01063E-2
2155.123	4.01014E-2
2157.152	4.00304E-2
2159.171	4.00616E-2
2161.184	4.01195E-2
2163.203	4.00939E-2
2165.227	4.00319E-2
2167.251	4.00410E-2
2169.270	4.00897E-2
2171.288	4.00298E-2
2173.307	4.00191E-2
2175.326	4.00292E-2
2177.350	4.00363E-2
2179.368	4.00503E-2
2181.387	4.00826E-2
2183.411	4.00504E-2
2185.430	4.00669E-2
2187.449	4.00485E-2
2191.491	4.00404E-2
2193.510	4.00502E-2
2195.534	4.01454E-2
2197.568	4.01395E-2
2199.576	4.00993E-2
2201.595	4.00757E-2
2205.633	4.00886E-2
2207.657	4.00777E-2
2209.680	4.00589E-2
2211.694	4.00749E-2
2213.718	4.00824E-2
2215.737	4.00735E-2
2217.755	4.00917E-2
2223.817	4.00732E-2
2229.883	4.00508E-2
2231.897	4.00689E-2
2233.921	4.00524E-2
2235.939	4.00604E-2
2237.963	4.00857E-2
2239.982	4.00705E-2
2242.001	4.00889E-2
2244.020	4.00773E-2
2246.043	4.00932E-2
2248.062	4.00800E-2
2250.081	4.00646E-2
2252.105	4.00604E-2
2254.129	4.00678E-2
2260.190	4.00626E-2
2262.204	4.00709E-2
2266.246	4.00916E-2
2270.289	4.00758E-2
2276.350	4.00894E-2
2278.369	4.00656E-2
2282.412	4.00789E-2
2284.430	4.00659E-2
2286.449	4.00905E-2
2288.473	4.00707E-2
2290.492	4.00776E-2
2292.510	4.00953E-2
2296.553	4.00882E-2
2298.572	4.00998E-2
2300.591	4.01116E-2
2302.614	4.00310E-2
2304.643	4.00363E-2
2308.696	4.00490E-2
2310.695	4.00376E-2
2312.718	4.00595E-2
2314.737	4.00867E-2
2318.775	4.00739E-2
2320.799	4.00596E-2
2326.860	4.00756E-2
2328.879	4.00614E-2
2330.897	4.00679E-2
2332.921	4.00618E-2
2334.940	4.00383E-2
2338.983	4.01045E-2
2341.001	4.00846E-2
2343.020	4.00765E-2
2345.044	4.00861E-2
2349.081	4.01171E-2
2351.105	4.00927E-2
2353.124	4.00864E-2
2355.143	4.00697E-2
2357.167	4.00805E-2
2361.209	4.00673E-2
2363.228	4.00810E-2
2365.247	4.00583E-2
2367.266	4.00850E-2
2369.289	4.00667E-2
2371.308	4.00969E-2
2373.327	4.00521E-2
2375.351	4.00705E-2
2377.370	4.00830E-2
2379.388	4.00743E-2
2381.407	4.00663E-2
2383.431	4.00900E-2
2385.450	4.00770E-2
2387.474	4.00878E-2
2391.511	4.00673E-2
2393.530	4.01024E-2
2395.554	4.00811E-2
2397.572	4.00889E-2
2399.591	4.00958E-2
2401.615	4.00830E-2
2403.634	4.00913E-2
2405.652	4.00746E-2
2407.676	4.00884E-2
2409.695	4.00702E-2
2411.714	4.00630E-2
2413.738	4.00485E-2
2419.799	4.00427E-2
2421.818	4.00494E-2
2423.837	4.00574E-2
2425.860	4.00634E-2
2429.898	4.00568E-2
2431.922	4.00683E-2
2433.941	4.00939E-2
2435.964	4.00566E-2
2437.983	4.00773E-2
2440.002	4.00844E-2
2442.031	4.00991E-2
2444.045	4.01152E-2
2446.063	4.01109E-2
2450.101	4.00441E-2
2452.125	4.00562E-2
2456.167	4.00379E-2
2458.186	4.00520E-2
2460.205	4.00779E-2
2462.229	4.00541E-2
2464.247	4.00671E-2
2466.271	4.00719E-2
2468.285	4.00913E-2
2470.309	4.00489E-2
2472.333	4.00844E-2
2474.351	4.00597E-2
2476.370	4.00650E-2
2478.389	4.00886E-2
2480.413	4.00643E-2
2484.450	4.00772E-2
2486.469	4.00838E-2
2492.530	4.00609E-2
2494.554	4.00936E-2
2496.573	4.01026E-2
2498.592	4.00968E-2
2500.616	4.00900E-2
2502.639	4.01024E-2
2504.653	4.01117E-2
2506.677	4.00660E-2
2508.696	4.00824E-2
2510.714	4.00444E-2
2512.738	4.00802E-2
2514.757	4.01055E-2
2516.776	4.00916E-2
2520.824	4.00833E-2
2522.837	4.00373E-2
2524.861	4.01085E-2
2526.880	4.00838E-2
2528.898	4.00569E-2
2530.922	4.00388E-2
2532.941	4.00322E-2
2534.980	4.00631E-2
2536.979	4.00395E-2
2539.002	4.00964E-2
2541.021	4.01209E-2
2543.045	4.01066E-2
2545.064	4.00752E-2
2547.088	4.00365E-2
2549.101	4.00497E-2
2551.125	4.00845E-2
2553.144	4.01061E-2
2555.163	4.00798E-2
2557.187	4.00578E-2
2559.205	4.00633E-2
2561.224	4.00790E-2
2563.248	4.01212E-2
2565.267	4.00866E-2
2567.285	4.00334E-2
2569.309	4.00519E-2
2571.328	4.00945E-2
2573.347	4.01134E-2
2575.371	4.00883E-2
2577.389	4.00421E-2
2581.447	4.00664E-2
2583.466	4.00914E-2
2585.475	4.01272E-2
2587.493	4.00549E-2
2589.512	4.00472E-2
2591.531	4.00896E-2
2593.555	4.00443E-2
2595.573	4.00815E-2
2597.592	4.00433E-2
2599.611	4.00842E-2
2601.635	4.00586E-2
2605.677	4.01204E-2
2607.696	4.00596E-2
2609.715	4.00548E-2
2611.739	4.00902E-2
2613.758	4.00703E-2
2615.776	4.01056E-2
2617.795	4.00600E-2
2619.819	4.00718E-2
2621.838	4.00602E-2
2623.872	4.01009E-2
2625.880	4.00651E-2
2627.899	4.01206E-2
2629.918	4.00647E-2
2631.942	4.00550E-2
2633.960	4.00681E-2
2635.984	4.00558E-2
2638.003	4.00828E-2
2640.022	4.00691E-2
2642.040	4.01026E-2
2644.064	4.00840E-2
2646.083	4.00688E-2
2648.102	4.01125E-2
2650.126	4.00645E-2
2652.144	4.00473E-2
2654.163	4.00865E-2
2656.208	4.00759E-2
2658.206	4.00703E-2
2660.225	4.00640E-2
2662.248	4.00874E-2
2664.267	4.00524E-2
2666.286	4.00884E-2
2668.305	4.00621E-2
2670.329	4.01315E-2
2672.347	4.00576E-2
2674.371	4.01218E-2
2676.390	4.00275E-2
2678.409	4.00584E-2
2680.433	4.00717E-2
2682.451	4.01009E-2
2684.470	4.01211E-2
2686.489	4.00644E-2
2688.528	4.00772E-2
2690.531	4.01267E-2
2692.555	4.00389E-2
2694.574	4.01017E-2
2696.593	4.00642E-2
2698.611	4.00403E-2
2700.635	4.00877E-2
2702.654	4.00440E-2
2704.673	4.00692E-2
2706.697	4.01020E-2
2708.715	4.00797E-2
2710.739	4.00745E-2
2712.758	4.00898E-2
2714.777	4.00945E-2
2718.819	4.01151E-2
2722.857	4.00864E-2
2724.881	4.00726E-2
2730.942	4.00906E-2
2732.961	4.00807E-2
2745.084	4.00982E-2
2747.102	4.00833E-2
2749.126	4.01016E-2
2751.145	4.00950E-2
2753.164	4.01031E-2
2755.182	4.00334E-2
2757.206	4.00178E-2
2759.225	4.00328E-2
2761.249	4.00550E-2
2769.329	4.00464E-2
2773.367	4.00364E-2
2775.390	4.01187E-2
2777.409	4.00778E-2
2779.428	4.00661E-2
2781.452	4.00741E-2
2791.551	4.00813E-2
2795.593	4.00740E-2
2797.612	4.00609E-2
2799.636	4.01037E-2
2801.655	4.00835E-2
2803.673	4.00714E-2
2805.697	4.00489E-2
2807.731	4.00741E-2
2809.735	4.00844E-2
2811.759	4.00534E-2
2813.777	4.00865E-2
2815.801	4.01114E-2
2817.820	4.01029E-2
2819.839	4.00415E-2
2821.857	4.00718E-2
2823.881	4.01163E-2
2825.900	4.01003E-2
2827.919	4.00365E-2
2829.943	4.00540E-2
2831.961	4.00981E-2
2833.980	4.01091E-2
2835.999	4.00567E-2
2840.042	4.00387E-2
2842.065	4.00690E-2
2844.084	4.00797E-2
2846.103	4.00924E-2
2848.122	4.01138E-2
2850.146	4.00537E-2
2852.164	4.00453E-2
2854.188	4.00501E-2
2856.207	4.00715E-2
2858.226	4.01173E-2
2860.250	4.01053E-2
2862.268	4.00425E-2
2864.287	4.00498E-2
2866.306	4.00922E-2
2868.330	4.01016E-2
2870.348	4.00430E-2
2872.367	4.00592E-2
2876.410	4.00931E-2
2878.428	4.01144E-2
2880.452	4.00515E-2
2882.471	4.00295E-2
2884.490	4.00480E-2
2886.509	4.00630E-2
2888.532	4.01084E-2
2892.575	4.00441E-2
2894.594	4.00485E-2
2896.613	4.00588E-2
2898.636	4.00988E-2
2900.655	4.01138E-2
2902.674	4.00422E-2
2904.693	4.00651E-2
2906.717	4.00976E-2
2908.740	4.00892E-2
2910.759	4.00527E-2
2912.778	4.00458E-2
2916.821	4.00960E-2
2918.839	4.01066E-2
2920.858	4.00818E-2
2922.877	4.00513E-2
2926.919	4.00829E-2
2928.943	4.00959E-2
2930.962	4.01117E-2
2932.981	4.00731E-2
2934.999	4.00853E-2
2937.023	4.00703E-2
2939.042	4.00866E-2
2941.061	4.00404E-2
2943.085	4.00200E-2
2945.103	4.00332E-2
2947.122	4.00592E-2
2949.146	4.00806E-2
2951.165	4.01092E-2
2953.184	4.00927E-2
2955.207	4.00547E-2
2957.226	4.00455E-2
2959.245	4.00996E-2
2961.269	4.01115E-2
2963.288	4.01071E-2
2965.306	4.00638E-2
2967.330	4.00270E-2
2971.368	4.00628E-2
2973.392	4.01218E-2
2975.410	4.01007E-2
2977.429	4.00803E-2
2979.453	4.00655E-2
2981.472	4.00313E-2
2983.490	4.00524E-2
2985.509	4.01109E-2
2987.533	4.00894E-2
2989.552	4.00340E-2
2991.571	4.01098E-2
2993.594	4.00818E-2
2995.613	4.00420E-2
2997.632	4.00684E-2
2999.656	4.00892E-2
3001.674	4.00536E-2
3003.693	4.00927E-2
3005.717	4.00312E-2
3007.736	4.00603E-2
3009.755	4.00723E-2
3011.778	4.00572E-2
3013.797	4.00665E-2
3015.816	4.00560E-2
3019.859	4.00692E-2
3021.877	4.00582E-2
3023.901	4.00488E-2
3025.920	4.00790E-2
3027.939	4.00877E-2
3031.981	4.00833E-2
3034.005	4.01052E-2
3038.048	4.00775E-2
3040.061	4.00873E-2
3042.085	4.00920E-2
3044.104	4.00768E-2
3046.123	4.00620E-2
3048.167	4.00709E-2
3050.165	4.00509E-2
3052.184	4.00552E-2
3054.203	4.00489E-2
3056.227	4.00422E-2
3058.246	4.00611E-2
3060.269	4.00922E-2
3062.288	4.00632E-2
3064.307	4.00974E-2
3066.326	4.00739E-2
3068.349	4.00663E-2
3070.368	4.00611E-2
3072.387	4.00916E-2
3074.411	4.00531E-2
3076.430	4.00797E-2
3078.453	4.00751E-2
3084.510	4.00867E-2
3086.534	4.00936E-2
3088.552	4.00884E-2
3090.571	4.00936E-2
3094.614	4.00797E-2
3096.632	4.00751E-2
3098.656	4.00702E-2
3102.694	4.00627E-2
3104.718	4.00493E-2
3106.736	4.00451E-2
3108.755	4.00772E-2
3110.779	4.00484E-2
3112.798	4.00845E-2
3114.817	4.00483E-2
3116.840	4.00682E-2
3118.859	4.00740E-2
3120.878	4.00962E-2
3122.897	4.00623E-2
3124.920	4.00523E-2
3126.939	4.00836E-2
3128.963	4.00882E-2
3130.982	4.00765E-2
3135.024	4.00855E-2
3137.043	4.00781E-2
3139.062	4.00674E-2
3143.105	4.00846E-2
3145.123	4.00894E-2
3147.147	4.00745E-2
3149.166	4.00459E-2
3151.185	4.00663E-2
3153.203	4.00800E-2
3157.246	4.00942E-2
3159.265	4.00652E-2
3161.289	4.00878E-2
3163.307	4.00718E-2
3165.326	4.00632E-2
3167.350	4.00775E-2
3171.388	4.00981E-2
3173.411	4.00691E-2
3175.430	4.00572E-2
3177.449	4.00721E-2
3179.473	4.00546E-2
3181.492	4.00735E-2
3183.510	4.00959E-2
3185.534	4.00830E-2
3187.553	4.00726E-2
3189.572	4.00527E-2
3191.595	4.00743E-2
3193.614	4.00662E-2
3195.633	4.00718E-2
3199.676	4.00577E-2
3201.694	4.00624E-2
3209.774	4.00699E-2
3211.798	4.00649E-2
3213.817	4.00730E-2
3215.841	4.00771E-2
3217.860	4.00480E-2
3221.897	4.00526E-2
3223.921	4.00357E-2
3225.945	4.01126E-2
3227.959	4.01041E-2
3229.982	4.01145E-2
3232.001	4.00698E-2
3234.020	4.00928E-2
3236.044	4.00738E-2
3238.063	4.00484E-2
3240.081	4.01014E-2
3242.105	4.00511E-2
3244.124	4.00427E-2
3246.148	4.00915E-2
3248.166	4.00870E-2
3250.185	4.00615E-2
3256.247	4.00743E-2
3258.265	4.01008E-2
3260.289	4.00607E-2
3268.369	4.00831E-2
3270.393	4.00704E-2
3272.412	4.00380E-2
3274.431	4.00831E-2
3276.449	4.00930E-2
3278.473	4.00662E-2
3280.492	4.00592E-2
3282.511	4.00687E-2
3284.535	4.00803E-2
3286.553	4.00718E-2
3288.588	4.00639E-2
3290.591	4.00542E-2
3292.615	4.00792E-2
3294.634	4.00974E-2
3296.657	4.00744E-2
3298.676	4.00596E-2
3300.695	4.00785E-2
3302.714	4.00836E-2
3304.738	4.00498E-2
3306.756	4.00708E-2
3316.860	4.00798E-2
3318.879	4.00669E-2
3322.922	4.00741E-2
3324.940	4.00665E-2
3326.959	4.00600E-2
3328.983	4.00727E-2
3331.002	4.00640E-2
3333.020	4.00840E-2
3335.044	4.00784E-2
3339.082	4.00825E-2
3341.101	4.00702E-2
3345.143	4.00821E-2
3347.167	4.00713E-2
3349.186	4.00872E-2
3353.228	4.00496E-2
3355.247	4.00792E-2
3359.285	4.00733E-2
3361.319	4.00859E-2
3363.327	4.00710E-2
3365.351	4.00532E-2
3367.370	4.00398E-2
3369.389	4.00250E-2
3371.407	4.00347E-2
3373.431	4.00401E-2
3375.450	4.00717E-2
3379.493	4.00456E-2
3381.511	4.00750E-2
3383.530	4.01356E-2
3385.554	4.00458E-2
3387.573	4.00377E-2
3389.591	4.00739E-2
3391.615	4.00891E-2
3393.634	4.00744E-2
3395.653	4.00520E-2
3397.677	4.00932E-2
3399.695	4.01117E-2
3401.714	4.00453E-2
3403.738	4.00761E-2
3405.757	4.00670E-2
3409.799	4.00766E-2
3411.818	4.00437E-2
3413.837	4.00766E-2
3415.861	4.00481E-2
3417.880	4.00864E-2
3419.898	4.00693E-2
3421.922	4.00612E-2
3423.941	4.00751E-2
3425.965	4.00659E-2
3427.984	4.01030E-2
3430.002	4.00807E-2
3432.021	4.00468E-2
3434.045	4.00614E-2
3436.064	4.00888E-2
3438.082	4.00673E-2
3440.101	4.00759E-2
3444.144	4.00812E-2
3448.186	4.00918E-2
3450.205	4.00756E-2
3452.224	4.00619E-2
3454.248	4.00699E-2
3456.266	4.00627E-2
3458.285	4.00492E-2
3460.309	4.00576E-2
3462.328	4.00755E-2
3464.347	4.00686E-2
3466.370	4.00929E-2
3468.389	4.00628E-2
3470.408	4.00544E-2
3472.432	4.01169E-2
3474.451	4.00575E-2
3478.493	4.00671E-2
3480.512	4.01246E-2
3482.531	4.00470E-2
3484.555	4.01089E-2
3486.573	4.00302E-2
3488.592	4.00637E-2
3490.611	4.00842E-2
3492.635	4.00510E-2
3494.653	4.00643E-2
3496.677	4.00788E-2
3498.696	4.00416E-2
3500.715	4.00774E-2
3502.739	4.00534E-2
3504.757	4.00930E-2
3506.776	4.00602E-2
3510.819	4.00971E-2
3512.837	4.00691E-2
3514.861	4.00794E-2
3520.918	4.00864E-2
3522.941	4.00683E-2
3524.960	4.00808E-2
3526.979	4.01005E-2
3529.034	4.00911E-2
3533.045	4.01017E-2
3535.064	4.01080E-2
3537.083	4.00693E-2
3539.102	4.00797E-2
3541.146	4.00697E-2
3543.144	4.00587E-2
3545.163	4.00769E-2
3547.187	4.00428E-2
3549.206	4.00475E-2
3551.224	4.00578E-2
3553.248	4.00632E-2
3555.267	4.00591E-2
3561.328	4.00485E-2
3563.347	4.00392E-2
3565.371	4.01104E-2
3567.390	4.00682E-2
3571.432	4.00611E-2
3573.451	4.01014E-2
3575.470	4.00699E-2
3577.489	4.00617E-2
3579.512	4.00719E-2
3585.574	4.00900E-2
3587.593	4.00737E-2
3589.627	4.00786E-2
3591.635	4.00721E-2
3593.654	4.00768E-2
3595.673	4.00599E-2
3599.715	4.00672E-2
3603.758	4.00828E-2
3605.777	4.00616E-2
3607.795	4.00890E-2
3611.838	4.00397E-2
3613.857	4.00340E-2
3615.881	4.00531E-2
3617.899	4.00946E-2
3619.918	4.01321E-2
3621.942	4.00337E-2
3623.961	4.00422E-2
3625.979	4.00564E-2
3628.003	4.00641E-2
3630.022	4.01183E-2
3632.041	4.00954E-2
3634.065	4.00528E-2
3636.083	4.00732E-2
3638.102	4.01167E-2
3640.126	4.00679E-2
3642.145	4.00746E-2
3646.187	4.00468E-2
3648.206	4.00870E-2
3650.225	4.00430E-2
3656.286	4.00602E-2
3658.305	4.01118E-2
3660.329	4.00938E-2
3662.348	4.00457E-2
3666.390	4.00661E-2
3668.409	4.01141E-2
3670.428	4.00935E-2
3672.452	4.00359E-2
3674.470	4.00638E-2
3676.505	4.00833E-2
3678.513	4.01070E-2
3680.532	4.01252E-2
3682.550	4.00427E-2
3684.574	4.00560E-2
3686.593	4.00949E-2
3688.612	4.01029E-2
3690.636	4.00359E-2
3692.654	4.00630E-2
3694.673	4.01021E-2
3696.697	4.00770E-2
3698.716	4.00412E-2
3702.758	4.00566E-2
3704.777	4.00968E-2
3706.796	4.01096E-2
3708.820	4.01150E-2
3710.839	4.00993E-2
3712.857	4.00776E-2
3714.881	4.00247E-2
3716.900	4.00320E-2
3720.943	4.00892E-2
3722.961	4.01159E-2
3726.999	4.00719E-2
3729.023	4.00383E-2
3731.041	4.00553E-2
3733.065	4.00992E-2
3739.121	4.00799E-2
3741.145	4.00352E-2
3743.180	4.00662E-2
3745.198	4.00782E-2
3747.207	4.01170E-2
3749.225	4.01061E-2
3751.249	4.00718E-2
3753.268	4.00419E-2
3755.287	4.00583E-2
3757.306	4.00958E-2
3759.329	4.01002E-2
3761.348	4.00954E-2
3763.367	4.00542E-2
3765.391	4.00260E-2
3767.410	4.00430E-2
3769.464	4.00495E-2
3771.452	4.00896E-2
3773.471	4.01160E-2
3775.490	4.00765E-2
3777.514	4.00398E-2
3779.532	4.00637E-2
3781.551	4.00908E-2
3783.575	4.00508E-2
3785.594	4.00605E-2
3787.612	4.00933E-2
3791.655	4.00592E-2
3793.674	4.01006E-2
3795.692	4.00827E-2
3797.716	4.00661E-2
3799.735	4.01018E-2
3801.759	4.01119E-2
3803.778	4.00794E-2
3805.796	4.00577E-2
3807.820	4.00475E-2
3809.839	4.01204E-2
3811.858	4.00948E-2
3813.877	4.00479E-2
3815.916	4.00639E-2
3817.919	4.00711E-2
3819.943	4.01143E-2
3823.981	4.00972E-2
3825.999	4.00773E-2
3828.023	4.00425E-2
3830.042	4.00167E-2
3832.061	4.01140E-2
3834.085	4.00863E-2
3836.103	4.00488E-2
3838.122	4.00331E-2
3840.146	4.00440E-2
3842.165	4.01212E-2
3844.183	4.00967E-2
3846.207	4.00880E-2
3848.226	4.00650E-2
3850.245	4.00518E-2
3854.287	4.00288E-2
3856.306	4.00449E-2
3858.330	4.00740E-2
3860.349	4.01002E-2
3862.367	4.01194E-2
3864.391	4.01049E-2
3866.410	4.00711E-2
3868.429	4.00237E-2
3870.453	4.00632E-2
3872.471	4.00815E-2
3874.490	4.01183E-2
3876.509	4.00834E-2
3878.533	4.00231E-2
3880.552	4.00976E-2
3884.594	4.00824E-2
3886.613	4.00716E-2
3888.632	4.00325E-2
3890.656	4.00748E-2
3892.674	4.01093E-2
3894.693	4.00755E-2
3896.717	4.00378E-2
3898.736	4.00920E-2
3902.778	4.00399E-2
3904.797	4.00941E-2
3908.840	4.00534E-2
3910.858	4.00799E-2
3912.877	4.00862E-2
3914.901	4.00483E-2
3916.920	4.00762E-2
3918.938	4.00906E-2
3920.962	4.00544E-2
3922.981	4.00772E-2
3925.000	4.00835E-2
3927.024	4.00585E-2
3929.042	4.00727E-2
3931.061	4.00892E-2
3933.085	4.00722E-2
3937.123	4.00628E-2
3943.184	4.00762E-2
3945.203	4.00663E-2
3947.227	4.00736E-2
3953.288	4.01003E-2
3955.307	4.00617E-2
3957.331	4.00908E-2
3959.349	4.00474E-2
3961.368	4.00861E-2
3967.429	4.00597E-2
3969.453	4.00794E-2
3973.491	4.00726E-2
3975.509	4.00659E-2
3977.533	4.00510E-2
3979.552	4.00414E-2
3981.571	4.00553E-2
3983.595	4.00504E-2
3985.613	4.00455E-2
3989.656	4.00870E-2
3991.675	4.01046E-2
3993.694	4.00961E-2
4001.779	4.00274E-2
4003.798	4.00457E-2
4005.816	4.00531E-2
4009.905	4.00455E-2
4011.878	4.00666E-2
4015.936	4.00809E-2
4017.944	4.00752E-2
4019.963	4.00814E-2
4021.982	4.00678E-2
4024.000	4.00869E-2
4028.043	4.01012E-2
4032.080	4.00771E-2
4034.104	4.00815E-2
4036.123	4.00684E-2
4038.147	4.00802E-2
4040.166	4.00962E-2
4042.184	4.00855E-2
4048.246	4.00788E-2
4050.265	4.01000E-2
4052.288	4.00660E-2
4054.312	4.00978E-2
4056.326	4.00717E-2
4058.350	4.00936E-2
4060.369	4.01056E-2
4062.387	4.00895E-2
4064.411	4.00167E-2
4066.430	4.00759E-2
4068.449	4.01276E-2
4070.473	4.00872E-2
4072.491	4.00518E-2
4074.510	4.00394E-2
4078.553	4.00329E-2
4080.571	4.00510E-2
4082.595	4.00895E-2
4084.614	4.01336E-2
4086.633	4.00868E-2
4088.657	4.00546E-2
4090.675	4.00887E-2
4094.718	4.00232E-2
4096.737	4.00968E-2
4098.755	4.00880E-2
4100.779	4.00483E-2
4102.798	4.01047E-2
4104.817	4.00536E-2
4106.841	4.00993E-2
4108.859	4.00575E-2
4110.878	4.00450E-2
4112.897	4.00340E-2
4114.921	4.00415E-2
4116.940	4.00542E-2
4118.963	4.00698E-2
4120.982	4.00850E-2
4123.001	4.00721E-2
4125.020	4.00832E-2
4127.044	4.00674E-2
4129.062	4.00754E-2
4131.081	4.00590E-2
4133.105	4.00870E-2
4135.124	4.01033E-2
4137.148	4.00752E-2
4139.166	4.00607E-2
4141.185	4.00701E-2
4143.204	4.00648E-2
4145.228	4.00786E-2
4147.246	4.00583E-2
4149.265	4.00719E-2
4153.308	4.00823E-2
4155.326	4.00868E-2
4157.350	4.00774E-2
4159.369	4.00878E-2
4161.388	4.00746E-2
4163.407	4.00888E-2
4165.430	4.00774E-2
4169.473	4.00614E-2
4171.492	4.00704E-2
4173.511	4.00905E-2
4175.534	4.00777E-2
4177.553	4.00660E-2
4179.572	4.00956E-2
4181.591	4.00570E-2
4183.615	4.00866E-2
4185.633	4.00912E-2
4187.657	4.00685E-2
4189.676	4.00786E-2
4191.695	4.00552E-2
4193.719	4.00845E-2
4195.737	4.00702E-2
4197.756	4.00605E-2
4199.775	4.00445E-2
4201.799	4.00532E-2
4203.817	4.00374E-2
4205.841	4.00415E-2
4207.860	4.00857E-2
4209.879	4.00739E-2
4211.898	4.00662E-2
4213.921	4.00556E-2
4215.940	4.00944E-2
4217.959	4.00407E-2
4219.983	4.00729E-2
4222.001	4.01078E-2
4224.020	4.00545E-2
4226.044	4.01018E-2
4228.063	4.00755E-2
4230.082	4.00615E-2
4232.105	4.00919E-2
4234.124	4.00480E-2
4236.143	4.00715E-2
4238.167	4.00809E-2
4240.186	4.00759E-2
4242.204	4.00675E-2
4244.228	4.00462E-2
4246.247	4.00659E-2
4248.266	4.00835E-2
4254.327	4.00879E-2
4256.351	4.00726E-2
4258.370	4.00474E-2
4260.388	4.00723E-2
4262.407	4.00879E-2
4264.431	4.00588E-2
4266.450	4.00857E-2
4268.469	4.00572E-2
4270.492	4.00886E-2
4272.511	4.00425E-2
4274.530	4.01121E-2
4276.554	4.01004E-2
4278.572	4.00800E-2
4280.591	4.00408E-2
4282.615	4.01137E-2
4284.634	4.00800E-2
4286.653	4.00571E-2
4288.676	4.01094E-2
4290.706	4.00979E-2
4292.714	4.00647E-2
4294.738	4.00845E-2
4296.757	4.00469E-2
4298.775	4.00778E-2
4300.799	4.00717E-2
4302.818	4.00669E-2
4308.879	4.00485E-2
4312.922	4.00423E-2
4314.941	4.00343E-2
4316.975	4.00642E-2
4318.983	4.00760E-2
4321.002	4.00654E-2
4327.063	4.00559E-2
4329.082	4.00637E-2
4333.135	4.00850E-2
4335.144	4.01012E-2
4337.167	4.00870E-2
4339.186	4.00806E-2
4341.205	4.00664E-2
4343.224	4.00732E-2
4347.266	4.00604E-2
4349.285	4.00759E-2
4351.309	4.00853E-2
4353.328	4.00685E-2
4355.351	4.00738E-2
4357.370	4.00850E-2
4359.389	4.01002E-2
4361.408	4.00834E-2
4365.450	4.01004E-2
4367.469	4.00903E-2
4375.554	4.01122E-2
4377.573	4.01048E-2
4379.592	4.00876E-2
4381.611	4.00540E-2
4383.634	4.00950E-2
4385.653	4.00563E-2
4387.677	4.00767E-2
4389.696	4.00818E-2
4393.738	4.00374E-2
4395.757	4.00438E-2
4397.776	4.00391E-2
4399.795	4.00508E-2
4401.818	4.00454E-2
4403.837	4.00596E-2
4405.861	4.00662E-2
4411.922	4.00802E-2
4413.941	4.00739E-2
4415.960	4.00942E-2
4420.003	4.00713E-2
4422.021	4.00819E-2
4424.045	4.00698E-2
4426.064	4.00631E-2
4430.194	4.00779E-2
4432.125	4.00713E-2
4436.163	4.00780E-2
4438.187	4.00697E-2
4440.205	4.00458E-2
4442.224	4.00387E-2
4444.248	4.00193E-2
4446.267	4.02993E-2
4448.286	4.01481E-2
4450.309	4.01043E-2
4452.328	4.01216E-2
4454.347	4.01054E-2
4456.371	4.00394E-2
4458.390	4.00283E-2
4460.408	4.00474E-2
4462.432	4.00563E-2
4464.451	4.00416E-2
4466.470	4.00516E-2
4468.493	4.00430E-2
4472.531	4.00261E-2
4476.574	4.01889E-2
4478.592	4.00592E-2
4482.635	4.00797E-2
4486.672	4.00745E-2
4488.696	4.00815E-2
4490.767	4.00949E-2
4492.739	4.00738E-2
4496.776	4.00820E-2
4498.795	4.00435E-2
4500.819	4.00331E-2
4502.838	4.00481E-2
4506.880	4.00558E-2
4508.899	4.00618E-2
4510.918	4.01619E-2
4512.942	4.00763E-2
4514.961	4.00502E-2
4516.979	4.00359E-2
4519.003	4.02302E-2
4521.022	4.00363E-2
4523.041	4.00191E-2
4525.065	4.01077E-2
4527.083	4.00590E-2
4531.126	4.02271E-2
4533.160	4.00721E-2
4535.163	4.00537E-2
4539.206	4.00432E-2
4541.235	4.01107E-2
4543.249	4.00672E-2
4545.267	4.00714E-2
4549.305	4.00629E-2
4551.329	4.00561E-2
4553.347	4.00899E-2
4555.371	4.00841E-2
4557.416	4.00911E-2
4559.409	4.00994E-2
4561.428	4.00934E-2
4565.470	4.01010E-2
4567.494	4.00806E-2
4571.532	4.00873E-2
4573.555	4.00621E-2
4575.574	4.00727E-2
4577.593	4.00787E-2
4583.654	4.00707E-2
4585.673	4.00820E-2
4587.697	4.00756E-2
4591.739	4.00596E-2
4595.777	4.00707E-2
4599.820	4.00837E-2
4601.838	4.00674E-2
4603.857	4.00722E-2
4605.881	4.00852E-2
4607.900	4.00893E-2
4609.918	4.00734E-2
4615.980	4.00583E-2
4617.999	4.00788E-2
4620.022	4.00841E-2
4622.041	4.00588E-2
4624.065	4.00855E-2
4626.084	4.00787E-2
4628.103	4.00624E-2
4630.132	4.00699E-2
4632.145	4.00899E-2
4634.164	4.00780E-2
4638.207	4.00655E-2
4640.225	4.00735E-2
4644.268	4.00642E-2
4648.305	4.00541E-2
4650.329	4.00469E-2
4654.367	4.00395E-2
4656.391	4.01506E-2
4658.409	4.00217E-2
4660.428	4.01634E-2
4662.452	4.00289E-2
4664.471	4.02472E-2
4666.489	4.00267E-2
4668.513	4.00776E-2
4670.532	4.00439E-2
4672.551	4.00120E-2
4674.575	4.02638E-2
4676.593	4.00343E-2
4678.622	4.00151E-2
4680.636	4.01931E-2
4682.655	4.00392E-2
4686.697	4.01541E-2
4688.716	4.00816E-2
4690.735	4.00548E-2
4692.759	4.00454E-2
4694.778	4.03082E-2
4696.801	4.00416E-2
4698.830	4.00316E-2
4700.839	4.00369E-2
4702.858	4.00640E-2
4704.882	4.00589E-2
4710.943	4.00641E-2
4712.962	4.03023E-2
4714.980	4.00639E-2
4716.999	4.00551E-2
4719.023	4.00353E-2
4721.042	4.00512E-2
4723.060	4.00431E-2
4725.084	4.01535E-2
4727.103	4.00615E-2
4729.122	4.00698E-2
4731.192	4.00529E-2
4733.164	4.00634E-2
4735.183	4.00529E-2
4737.207	4.01462E-2
4739.226	4.00873E-2
4741.245	4.00725E-2
4745.287	4.00926E-2
4747.306	4.01082E-2
4749.330	4.00845E-2
4751.349	4.00898E-2
4753.372	4.00705E-2
4757.410	4.00576E-2
4759.429	4.00641E-2
4761.453	4.00768E-2
4767.509	4.00691E-2
4769.533	4.00780E-2
4773.575	4.00883E-2
4775.594	4.00732E-2
4779.637	4.00848E-2
4783.679	4.00762E-2
4785.693	2.19162E-2
4787.717	1.29004E-2
4789.735	6.48953E-3
4791.759	3.45918E-3
4793.778	2.18184E-3
4795.797	1.66758E-3
4797.821	1.45826E-3
4799.839	1.37478E-3
4801.858	1.33381E-3
4803.877	1.32188E-3
4805.901	1.32239E-3
4807.925	1.32379E-3
4811.962	1.32485E-3
4813.981	1.31583E-3
4816.000	1.31388E-3
4818.024	1.31512E-3
4820.042	1.31784E-3
4824.085	1.31511E-3
4826.104	1.31558E-3
4828.122	1.31497E-3
4830.146	1.30808E-3
4832.165	1.29758E-3
4834.184	1.29182E-3
4836.202	1.29717E-3
4838.226	1.29692E-3
4840.245	1.29964E-3
