Elapsed time [s]	Value [0,1E-05]
0.000	1.11561E-7
3.262	1.10124E-7
9.323	1.10098E-7
17.406	1.10120E-7
19.425	1.10108E-7
21.446	1.10138E-7
23.467	1.10152E-7
25.486	1.14452E-7
27.507	1.20352E-7
31.558	1.20372E-7
35.592	1.20355E-7
45.691	1.21343E-7
47.710	1.21126E-7
49.731	1.21878E-7
51.758	1.21862E-7
53.774	1.21881E-7
55.795	1.20377E-7
57.817	1.21890E-7
61.857	1.21905E-7
65.897	1.21876E-7
82.060	1.20705E-7
84.081	1.21892E-7
88.123	1.21905E-7
92.161	1.21884E-7
96.204	1.21869E-7
98.225	1.21884E-7
110.345	1.21897E-7
116.409	1.21911E-7
118.430	1.21897E-7
122.470	1.21882E-7
124.492	1.23440E-7
126.510	1.23454E-7
130.553	1.25017E-7
132.572	1.23508E-7
134.593	1.23452E-7
140.654	1.24960E-7
142.681	1.25019E-7
144.694	1.26063E-7
146.716	1.26628E-7
148.737	1.27991E-7
150.756	1.28219E-7
152.777	1.29838E-7
154.796	1.31446E-7
156.817	1.33015E-7
158.838	1.34690E-7
160.865	1.36019E-7
162.879	1.38311E-7
164.905	1.40149E-7
166.921	1.43401E-7
168.940	1.45490E-7
170.961	1.48723E-7
172.980	1.51171E-7
175.001	1.54790E-7
177.023	1.57024E-7
179.044	1.60853E-7
181.063	1.63315E-7
183.084	1.67165E-7
185.108	1.69421E-7
187.129	1.72056E-7
189.145	1.75951E-7
191.164	1.78687E-7
193.185	1.82415E-7
195.204	1.85015E-7
197.225	1.87442E-7
199.247	1.89857E-7
201.268	1.92271E-7
203.287	1.94750E-7
205.306	1.97180E-7
207.327	1.99570E-7
209.353	2.00614E-7
211.369	2.02248E-7
213.388	2.04823E-7
215.410	2.04854E-7
217.431	2.07457E-7
219.452	2.08465E-7
221.471	2.10114E-7
223.492	2.11470E-7
225.511	2.12788E-7
227.532	2.13445E-7
229.554	2.15515E-7
233.609	2.18156E-7
235.625	2.18222E-7
237.644	2.18291E-7
239.665	2.18066E-7
247.748	2.16633E-7
249.767	2.15342E-7
251.791	2.13374E-7
253.807	2.12636E-7
257.847	2.10013E-7
259.868	2.07453E-7
261.889	2.07374E-7
263.911	2.05054E-7
265.935	2.04731E-7
267.956	2.02139E-7
269.975	1.99643E-7
271.996	1.99591E-7
274.012	1.97228E-7
276.031	1.97086E-7
278.052	1.94640E-7
280.076	1.94617E-7
282.092	1.92156E-7
284.114	1.90280E-7
286.135	1.89779E-7
288.156	1.89017E-7
290.175	1.87393E-7
294.215	1.85095E-7
296.236	1.84607E-7
298.258	1.82647E-7
302.298	1.80482E-7
304.324	1.80377E-7
308.359	1.78150E-7
310.378	1.78102E-7
312.399	1.76553E-7
314.420	1.75919E-7
318.460	1.73715E-7
320.482	1.73693E-7
324.527	1.71862E-7
326.548	1.71472E-7
330.583	1.70123E-7
332.602	1.69342E-7
338.666	1.71352E-7
340.690	1.83024E-7
342.708	2.42123E-7
344.727	3.78210E-7
346.746	5.41254E-7
348.767	6.65103E-7
350.786	6.72168E-7
352.807	6.53606E-7
354.829	8.70208E-7
356.850	1.03190E-6
358.869	6.27727E-7
360.895	7.71481E-7
362.914	1.41349E-6
364.935	5.68356E-7
366.954	9.52446E-7
368.970	1.43018E-6
370.991	5.78786E-7
373.010	1.49308E-6
375.031	7.48591E-7
377.053	8.55878E-7
379.074	1.73744E-6
381.093	5.61688E-7
383.114	1.23194E-6
385.133	1.17479E-6
387.154	6.91550E-7
389.175	1.72072E-6
391.199	6.17130E-7
393.223	1.01538E-6
395.237	1.53772E-6
397.258	6.41537E-7
399.277	1.39584E-6
401.298	8.69507E-7
403.412	8.90410E-7
405.338	1.81417E-6
407.362	8.40409E-7
409.381	7.21513E-7
411.402	6.17879E-7
413.421	5.70926E-7
415.442	5.26535E-7
417.464	5.09621E-7
419.485	5.21706E-7
421.509	5.33415E-7
423.527	5.35389E-7
433.626	5.28674E-7
435.648	5.29334E-7
437.669	5.28704E-7
439.688	5.35441E-7
443.728	5.35380E-7
445.749	5.35245E-7
447.770	5.28586E-7
449.794	5.33516E-7
451.816	5.34296E-7
453.842	5.35492E-7
455.853	5.35435E-7
457.872	5.35537E-7
459.893	5.35433E-7
461.912	5.35274E-7
463.933	5.28703E-7
467.973	5.28793E-7
469.994	5.34901E-7
472.013	5.35383E-7
474.035	5.28688E-7
476.056	5.28581E-7
480.096	5.28657E-7
484.136	5.28857E-7
486.157	5.32538E-7
488.179	5.28718E-7
490.197	5.28635E-7
494.237	5.28754E-7
498.280	5.28677E-7
500.306	5.31652E-7
502.320	5.28665E-7
504.341	5.33838E-7
506.363	5.35396E-7
508.381	5.28623E-7
514.443	5.31256E-7
516.469	5.35465E-7
520.504	5.29688E-7
522.533	5.34502E-7
524.544	5.35527E-7
526.571	5.32619E-7
528.597	5.35500E-7
530.616	5.35446E-7
534.656	5.42148E-7
536.677	5.35410E-7
540.717	5.41284E-7
542.739	5.35489E-7
544.760	5.42211E-7
550.821	5.44582E-7
552.840	5.42214E-7
556.885	5.47011E-7
558.901	5.46449E-7
560.923	5.49105E-7
564.965	5.52170E-7
566.984	5.49091E-7
571.024	5.55984E-7
573.045	5.56120E-7
577.085	5.64309E-7
579.107	5.63735E-7
581.125	5.56179E-7
583.147	5.63244E-7
585.168	5.61462E-7
587.189	5.49500E-7
589.208	5.57952E-7
591.227	5.56156E-7
593.248	5.50050E-7
595.270	5.49027E-7
597.291	5.55905E-7
599.310	5.49132E-7
601.331	5.43485E-7
603.352	5.54000E-7
605.376	5.49253E-7
607.392	5.49163E-7
609.411	5.47010E-7
611.432	5.49103E-7
613.454	5.42424E-7
615.475	5.42249E-7
617.494	5.49079E-7
619.515	5.42182E-7
621.534	5.42121E-7
623.555	5.46405E-7
625.576	5.42104E-7
629.616	5.42163E-7
635.678	5.42227E-7
639.718	5.47588E-7
641.739	5.39813E-7
643.843	5.42269E-7
647.800	5.42192E-7
649.819	5.62861E-7
651.861	5.63245E-7
653.888	5.56509E-7
655.906	5.63155E-7
659.946	5.63000E-7
661.968	5.56115E-7
663.989	5.62924E-7
666.008	5.63363E-7
670.050	5.58192E-7
672.069	5.56129E-7
674.090	5.56195E-7
678.133	5.56123E-7
686.213	5.56052E-7
688.234	5.56108E-7
690.253	5.55533E-7
692.275	5.56139E-7
704.400	5.54737E-7
706.421	5.56165E-7
708.437	5.55982E-7
710.459	5.56109E-7
716.525	5.49240E-7
718.544	5.49136E-7
734.704	5.49233E-7
738.749	5.49100E-7
746.827	5.44417E-7
748.846	5.45812E-7
750.867	5.49149E-7
756.928	5.49215E-7
762.987	5.42329E-7
765.008	5.42230E-7
767.035	5.44090E-7
769.051	5.47720E-7
771.072	5.49108E-7
773.091	5.42395E-7
775.112	5.43379E-7
777.131	5.42182E-7
785.214	5.42324E-7
789.254	5.42249E-7
799.363	5.42140E-7
801.379	5.42195E-7
805.419	5.42136E-7
807.438	5.38282E-7
809.459	5.42104E-7
811.478	5.40501E-7
813.499	5.35473E-7
815.521	5.42195E-7
817.539	5.42307E-7
819.561	5.41361E-7
821.579	5.35502E-7
829.662	5.35402E-7
839.763	5.35487E-7
853.907	5.35542E-7
855.929	5.35459E-7
866.030	5.35388E-7
868.049	5.28657E-7
872.094	5.28929E-7
874.113	5.35304E-7
876.132	5.35503E-7
878.153	5.35176E-7
880.172	5.35440E-7
882.193	5.29554E-7
884.271	5.28704E-7
886.233	5.28613E-7
892.294	5.32483E-7
894.316	5.28654E-7
896.337	5.28588E-7
900.377	5.28663E-7
904.420	5.28726E-7
910.481	5.28652E-7
914.521	5.28721E-7
916.540	5.28574E-7
918.561	5.28668E-7
924.622	5.28611E-7
928.663	5.26061E-7
930.686	5.28670E-7
934.729	5.27846E-7
936.748	5.28695E-7
938.777	5.28760E-7
940.788	5.22379E-7
942.804	5.22045E-7
948.865	5.27575E-7
950.887	5.23604E-7
952.908	5.22041E-7
954.927	5.27958E-7
956.948	5.22018E-7
960.988	5.22096E-7
971.092	5.22022E-7
975.137	5.22111E-7
977.151	5.22009E-7
991.295	5.22074E-7
1003.418	5.15560E-7
1005.439	5.22080E-7
1007.458	5.20901E-7
1009.476	5.22013E-7
1017.567	5.17764E-7
1019.588	5.17342E-7
1021.607	5.15477E-7
1023.628	5.21929E-7
1025.647	5.22122E-7
1027.668	5.15532E-7
1029.687	5.21786E-7
1031.708	5.22037E-7
1033.727	5.15528E-7
1037.770	5.15462E-7
1039.791	5.17105E-7
1041.810	5.21989E-7
1043.831	5.22045E-7
1045.850	5.15421E-7
1055.954	5.15770E-7
1057.975	5.16910E-7
1059.994	5.21767E-7
1062.013	5.15467E-7
1064.034	5.15553E-7
1068.076	5.15425E-7
1076.157	5.15358E-7
1078.178	5.15440E-7
1088.279	5.15496E-7
1092.319	5.15422E-7
1094.346	5.15513E-7
1098.383	5.15446E-7
1110.503	5.15363E-7
1112.525	5.15502E-7
1122.626	5.09458E-7
1124.699	5.15533E-7
1130.709	5.15449E-7
1134.749	5.15384E-7
1138.791	5.09045E-7
1142.829	5.12183E-7
1144.850	5.15440E-7
1146.872	5.15502E-7
1148.893	5.14496E-7
1150.912	5.10655E-7
1152.933	5.09037E-7
1154.954	5.09123E-7
1158.994	5.09029E-7
1163.034	5.09988E-7
1165.056	5.12184E-7
1167.077	5.12515E-7
1169.096	5.09044E-7
1179.200	5.10715E-7
1181.218	5.09068E-7
1185.259	5.13525E-7
1187.280	5.09113E-7
1189.301	5.08996E-7
1191.320	5.11008E-7
1193.341	5.14980E-7
1195.363	5.08945E-7
1201.421	5.09001E-7
1205.464	5.13104E-7
1207.485	5.09066E-7
1211.525	5.10042E-7
1213.544	5.09055E-7
1217.587	5.09123E-7
1219.608	5.09049E-7
1221.627	5.15216E-7
1223.648	5.09015E-7
1225.669	5.08924E-7
1229.707	5.09014E-7
1241.830	5.08391E-7
1243.851	5.09046E-7
1245.872	5.07888E-7
1247.891	5.09040E-7
1251.931	5.08975E-7
1255.974	5.08856E-7
1260.014	5.09020E-7
1262.035	5.02622E-7
1264.056	5.09027E-7
1272.136	5.02542E-7
1274.158	5.08815E-7
1276.179	5.06552E-7
1278.198	5.02605E-7
1280.219	5.09084E-7
1282.238	5.04600E-7
1284.259	5.08721E-7
1286.280	5.08971E-7
1288.299	5.02518E-7
1290.323	5.07047E-7
1292.342	5.08179E-7
1294.363	5.03996E-7
1296.382	5.09034E-7
1298.406	5.04442E-7
1300.422	5.08590E-7
1304.464	5.02586E-7
1306.483	5.09090E-7
1308.520	5.02920E-7
1310.523	5.07322E-7
1312.547	5.09133E-7
1314.566	5.03092E-7
1316.587	5.02559E-7
1318.606	5.06190E-7
1320.627	5.02786E-7
1322.646	5.02544E-7
1324.670	5.08994E-7
1326.689	5.05622E-7
1328.707	5.02551E-7
1330.729	5.08979E-7
1332.750	5.02721E-7
1334.771	5.02556E-7
1338.809	5.05178E-7
1340.833	5.02639E-7
1342.851	5.08873E-7
1344.875	5.03514E-7
1346.891	5.02527E-7
1354.977	5.06351E-7
1356.993	5.02602E-7
1361.033	5.02498E-7
1365.127	5.02572E-7
1383.260	5.02501E-7
1391.340	5.02432E-7
1393.361	5.19919E-7
1395.382	6.78301E-7
1397.401	7.12792E-7
1399.422	6.86615E-7
1401.444	6.90061E-7
1403.465	6.89843E-7
1405.484	6.98262E-7
1407.505	6.90232E-7
1409.524	6.89796E-7
1413.566	6.91278E-7
1415.585	6.98394E-7
1419.628	6.98305E-7
1421.647	6.89809E-7
1423.668	6.89714E-7
1425.692	6.93872E-7
1427.713	6.89841E-7
1429.734	6.98441E-7
1437.809	6.91682E-7
1439.831	6.89809E-7
1443.873	6.98200E-7
1445.892	6.98388E-7
1451.953	6.89829E-7
1455.993	6.98231E-7
1458.015	6.90036E-7
1460.033	6.97447E-7
1462.057	6.98503E-7
1464.076	6.97411E-7
1466.095	6.95507E-7
1468.124	6.89770E-7
1470.148	6.89883E-7
1474.180	6.98359E-7
1476.199	6.98500E-7
1478.223	6.89763E-7
1480.241	6.89648E-7
1484.279	6.89799E-7
1490.340	6.95498E-7
1492.364	6.98507E-7
1496.402	6.89820E-7
1504.482	6.93977E-7
1506.506	6.90116E-7
1508.524	6.89773E-7
1510.543	6.89662E-7
1514.586	6.89765E-7
1520.647	6.98054E-7
1522.671	6.98494E-7
1524.690	6.89812E-7
1526.714	6.89703E-7
1530.751	6.89852E-7
1536.812	6.93277E-7
1538.831	6.89926E-7
1540.850	6.89788E-7
1542.874	6.89677E-7
1544.893	6.89746E-7
1548.940	6.90034E-7
1550.964	6.91209E-7
1552.983	6.89802E-7
1555.002	6.89703E-7
1559.044	6.89796E-7
1565.106	6.89907E-7
1569.148	6.92403E-7
1571.167	6.89733E-7
1583.290	6.89816E-7
1585.308	6.89698E-7
1591.370	6.89827E-7
1601.474	6.89757E-7
1605.558	6.89826E-7
1607.535	6.89728E-7
1611.578	6.97628E-7
1613.597	6.90353E-7
1615.615	6.89654E-7
1621.677	6.89737E-7
1631.781	6.89646E-7
1633.799	6.89806E-7
1641.885	6.89723E-7
1645.922	6.89599E-7
1649.970	6.89703E-7
1670.168	6.89801E-7
1676.260	6.89685E-7
1690.401	7.42915E-7
1692.420	8.51376E-7
1694.439	8.66248E-7
1696.458	8.84771E-7
1698.476	8.88566E-7
1702.519	8.88658E-7
1704.538	8.88538E-7
1710.599	8.88628E-7
1714.642	8.88427E-7
1722.722	8.88331E-7
1724.746	8.88511E-7
1734.844	8.88410E-7
1738.887	8.88564E-7
1740.906	8.88675E-7
1746.967	8.88578E-7
1748.986	8.88474E-7
1753.029	8.88372E-7
1755.052	8.88464E-7
1769.194	8.88582E-7
1775.255	8.88684E-7
1781.317	8.88499E-7
1793.439	8.92176E-7
1795.458	8.88441E-7
1801.530	8.88562E-7
1821.727	8.91753E-7
1823.746	8.88500E-7
1825.775	8.88388E-7
1829.808	8.88503E-7
1835.869	8.91036E-7
1837.888	8.88598E-7
1839.911	8.88501E-7
1841.930	8.88402E-7
1843.949	8.88630E-7
1850.010	8.99334E-7
1852.034	8.88595E-7
1854.053	8.88451E-7
1856.072	8.88318E-7
1860.114	8.88461E-7
1866.176	8.88559E-7
1868.194	8.96926E-7
1870.218	8.88453E-7
1874.256	8.88644E-7
1886.379	8.88376E-7
1892.445	8.88467E-7
1908.605	8.88585E-7
1914.667	8.88476E-7
1924.765	8.97332E-7
1926.789	8.88851E-7
1928.808	8.88431E-7
1934.869	8.88566E-7
1940.931	8.92563E-7
1942.950	8.92094E-7
1944.984	8.88475E-7
1946.997	8.88585E-7
1955.072	8.88472E-7
1961.134	8.88313E-7
1965.176	8.88467E-7
1973.256	8.91499E-7
1975.275	8.88459E-7
1979.318	8.88650E-7
1989.422	8.88501E-7
1999.526	8.91228E-7
2001.544	8.89146E-7
2003.563	8.88543E-7
2005.582	8.88397E-7
2009.625	8.88531E-7
2015.686	8.97372E-7
2017.705	8.99791E-7
2019.729	8.88783E-7
2021.773	8.88469E-7
2035.894	8.88362E-7
2039.931	8.88516E-7
2045.993	8.88865E-7
2048.011	8.88717E-7
2050.030	8.88522E-7
2062.153	8.94979E-7
2064.177	8.88550E-7
2066.196	8.88362E-7
2068.214	8.88456E-7
2072.257	8.88566E-7
2074.276	8.90956E-7
2076.300	8.88609E-7
2078.318	8.88516E-7
2084.385	8.88723E-7
2088.422	8.88618E-7
2092.460	8.88517E-7
2104.582	8.97319E-7
2106.606	8.97741E-7
2108.625	8.88534E-7
2110.649	8.90504E-7
2112.663	8.88472E-7
2114.686	8.88729E-7
2120.748	8.95225E-7
2122.767	8.88515E-7
2124.785	8.88406E-7
2134.889	8.88509E-7
2144.993	8.88614E-7
2149.031	8.88714E-7
2155.092	8.88511E-7
2157.116	8.88369E-7
2159.135	8.88529E-7
2165.196	8.88436E-7
2175.295	8.88549E-7
2179.343	8.88705E-7
2181.361	8.88560E-7
2183.380	8.88736E-7
2185.399	8.88577E-7
2187.418	8.88435E-7
2189.442	8.88575E-7
2197.527	8.89974E-7
2199.546	8.88506E-7
2201.564	8.88416E-7
2203.583	8.88551E-7
2213.687	8.88653E-7
2215.706	8.88519E-7
2217.724	8.88627E-7
2223.786	8.88514E-7
2229.852	8.88406E-7
2233.890	8.88501E-7
2243.989	8.88601E-7
2260.159	8.88453E-7
2264.197	8.88591E-7
2276.319	8.88464E-7
2278.338	8.88620E-7
2290.461	8.88337E-7
2294.503	8.88508E-7
2308.645	8.82299E-7
2310.664	8.88545E-7
2312.688	8.88642E-7
2320.768	8.88438E-7
2322.786	8.84516E-7
2324.810	8.88506E-7
2338.952	8.88633E-7
2347.032	8.92052E-7
2349.051	8.88625E-7
2351.074	8.88471E-7
2369.259	8.87047E-7
2371.277	8.88531E-7
2373.296	8.88631E-7
2381.381	8.88475E-7
2383.400	8.88608E-7
2385.419	8.88503E-7
2389.461	8.88387E-7
2397.541	8.84691E-7
2399.565	8.88252E-7
2401.584	8.88591E-7
2413.707	8.79178E-7
2415.726	8.88212E-7
2417.749	8.88631E-7
2419.768	8.88490E-7
2427.848	8.88385E-7
2429.867	8.88549E-7
2444.014	8.87107E-7
2446.032	8.88622E-7
2450.075	8.88501E-7
2456.136	8.88369E-7
2458.155	8.77161E-7
2460.174	8.86964E-7
2462.198	8.88474E-7
2468.259	8.88633E-7
2470.283	8.88427E-7
2472.302	8.77321E-7
2474.320	8.78083E-7
2478.358	8.87389E-7
2480.377	8.88538E-7
2484.419	8.88414E-7
2486.443	8.88294E-7
2488.462	8.78288E-7
2490.481	8.77199E-7
2492.499	8.88421E-7
2494.523	8.88524E-7
2500.585	8.88380E-7
2502.609	8.77288E-7
2504.627	8.87827E-7
2506.646	8.88682E-7
2508.665	8.84992E-7
2510.683	8.88616E-7
2514.726	8.88438E-7
2516.745	8.81621E-7
2518.769	8.77153E-7
2520.793	8.85256E-7
2522.806	8.88464E-7
2532.910	8.77337E-7
2534.944	8.87444E-7
2536.953	8.83717E-7
2538.972	8.88121E-7
2540.990	8.88637E-7
2545.033	8.88448E-7
2547.057	8.77282E-7
2549.076	8.77188E-7
2551.094	8.88469E-7
2553.113	8.85168E-7
2555.132	8.88490E-7
2557.156	8.88604E-7
2561.193	8.88511E-7
2563.217	8.77790E-7
2565.236	8.77340E-7
2567.275	8.80128E-7
2569.289	8.88556E-7
2571.313	8.88755E-7
2575.350	8.88587E-7
2577.374	8.78153E-7
2579.393	8.83735E-7
2581.417	8.88446E-7
2583.435	8.85734E-7
2585.454	8.88508E-7
2593.534	8.77340E-7
2595.553	8.86419E-7
2597.577	8.80923E-7
2599.595	8.88517E-7
2603.638	8.84407E-7
2605.657	8.88507E-7
2607.676	8.77438E-7
2609.699	8.77318E-7
2611.718	8.81065E-7
2613.737	8.77190E-7
2615.761	8.88481E-7
2619.798	8.82672E-7
2621.822	8.77132E-7
2623.846	8.77313E-7
2629.902	8.88626E-7
2637.982	8.77818E-7
2640.006	8.77265E-7
2644.044	8.88408E-7
2652.124	8.77170E-7
2654.148	8.77323E-7
2656.172	8.88551E-7
2658.190	8.77389E-7
2660.209	8.86050E-7
2662.228	8.88643E-7
2666.270	8.78772E-7
2668.289	8.77269E-7
2672.332	8.77425E-7
2674.351	8.88160E-7
2676.374	8.88540E-7
2678.393	8.87920E-7
2680.427	8.88413E-7
2682.431	8.77158E-7
2686.478	8.77253E-7
2688.497	8.84663E-7
2690.516	8.88551E-7
2696.603	8.77295E-7
2700.641	8.87957E-7
2702.664	8.77579E-7
2704.683	8.88587E-7
2708.726	8.88459E-7
2712.763	8.79093E-7
2714.782	8.77249E-7
2718.825	8.88463E-7
2724.886	8.88332E-7
2726.905	8.77248E-7
2730.947	8.88554E-7
2732.966	8.77485E-7
2734.990	8.87005E-7
2737.009	8.88607E-7
2741.051	8.88487E-7
2743.070	8.77097E-7
2745.089	8.77202E-7
2747.113	8.80570E-7
2749.131	8.88532E-7
2753.174	8.86983E-7
2755.193	8.88389E-7
2757.212	8.77156E-7
2759.235	8.77296E-7
2765.297	8.88560E-7
2767.321	8.88672E-7
2769.334	8.88559E-7
2771.358	8.77242E-7
2777.420	8.81428E-7
2779.438	8.88396E-7
2781.457	8.88509E-7
2783.476	8.88382E-7
2787.518	8.79871E-7
2789.547	8.77203E-7
2791.561	8.77315E-7
2793.580	8.85797E-7
2795.598	8.88595E-7
2801.660	8.77933E-7
2803.684	8.77146E-7
2805.702	8.88255E-7
2807.731	8.77419E-7
2809.745	8.86628E-7
2811.764	8.88483E-7
2815.817	8.87791E-7
2817.825	8.77219E-7
2821.868	8.87295E-7
2823.887	8.87869E-7
2825.910	8.88583E-7
2827.929	8.77834E-7
2829.948	8.88401E-7
2831.967	8.77337E-7
2836.009	8.78148E-7
2838.028	8.77199E-7
2840.052	8.88469E-7
2846.113	8.77253E-7
2848.132	8.77141E-7
2850.156	8.77336E-7
2852.169	8.78523E-7
2854.193	8.88366E-7
2856.212	8.88542E-7
2858.236	8.87024E-7
2860.255	8.88482E-7
2862.273	8.79471E-7
2864.297	8.77367E-7
2868.340	8.84356E-7
2870.354	8.88514E-7
2872.377	8.88389E-7
2876.420	8.84183E-7
2878.439	8.77248E-7
2880.458	8.88484E-7
2882.476	8.78980E-7
2884.500	8.86569E-7
2886.519	8.88606E-7
2892.580	8.77589E-7
2894.599	8.77405E-7
2896.623	8.84183E-7
2898.642	8.88384E-7
2900.660	8.88625E-7
2902.684	8.77930E-7
2904.703	8.88451E-7
2906.722	8.86231E-7
2908.746	8.77162E-7
2910.764	8.79113E-7
2912.783	8.77230E-7
2914.807	8.88070E-7
2916.826	8.88566E-7
2920.868	8.77762E-7
2922.887	8.77201E-7
2924.911	8.77365E-7
2926.930	8.80279E-7
2928.948	8.86791E-7
2930.967	8.88638E-7
2932.986	8.80805E-7
2935.010	8.88427E-7
2937.029	8.80004E-7
2939.052	8.77223E-7
2943.090	8.88144E-7
2945.114	8.88480E-7
2947.138	8.88602E-7
2951.170	8.86405E-7
2953.194	8.77153E-7
2955.213	8.85819E-7
2957.237	8.80002E-7
2959.255	8.77376E-7
2961.274	8.88585E-7
2963.293	8.88679E-7
2965.317	8.81478E-7
2967.335	8.77237E-7
2971.378	8.78583E-7
2973.397	8.84159E-7
2975.415	8.88531E-7
2977.439	8.78411E-7
2979.458	8.84265E-7
2981.492	8.81581E-7
2983.501	8.77203E-7
2985.519	8.77309E-7
2989.562	8.85153E-7
2991.581	8.88575E-7
2993.605	8.88678E-7
2995.623	8.79739E-7
2997.642	8.77148E-7
2999.661	8.77300E-7
3001.680	8.77140E-7
3003.704	8.87859E-7
3005.722	8.88475E-7
3007.746	8.83100E-7
3009.765	8.88344E-7
3013.808	8.77233E-7
3019.864	8.88419E-7
3021.888	8.88635E-7
3025.930	8.81982E-7
3027.949	8.77350E-7
3029.968	8.85671E-7
3031.986	8.81411E-7
3034.010	8.77287E-7
3036.029	8.88459E-7
3042.090	8.78479E-7
3044.114	8.77240E-7
3048.167	8.81768E-7
3050.171	8.88607E-7
3052.194	8.79839E-7
3054.213	8.88028E-7
3056.232	8.78831E-7
3058.256	8.77381E-7
3062.293	8.77589E-7
3064.317	8.88461E-7
3068.355	8.88551E-7
3070.379	8.79954E-7
3072.397	8.77155E-7
3076.440	8.82739E-7
3078.459	8.87864E-7
3080.477	8.88572E-7
3086.544	8.88440E-7
3088.563	8.77452E-7
3090.581	8.77343E-7
3094.624	8.88670E-7
3100.680	8.82797E-7
3102.704	8.77131E-7
3106.742	8.88475E-7
3108.765	8.77183E-7
3110.784	8.88591E-7
3112.808	8.88680E-7
3116.846	8.79833E-7
3118.864	8.77483E-7
3122.912	8.88781E-7
3128.968	8.78004E-7
3130.987	8.88713E-7
3133.011	8.77545E-7
3135.030	8.84097E-7
3137.054	8.77978E-7
3139.072	8.87562E-7
3141.091	8.88718E-7
3145.134	8.87225E-7
3147.152	8.77241E-7
3149.171	8.77441E-7
3153.214	8.83603E-7
3155.232	8.88733E-7
3163.318	8.77626E-7
3165.336	8.77457E-7
3169.374	8.88452E-7
3171.398	8.88738E-7
3175.440	8.84222E-7
3177.459	8.77348E-7
3179.478	8.77474E-7
3181.497	8.85040E-7
3183.521	8.77508E-7
3185.539	8.88272E-7
3187.558	8.88789E-7
3189.582	8.88662E-7
3191.601	8.78351E-7
3193.625	8.77540E-7
3199.681	8.88760E-7
3201.705	8.83414E-7
3203.723	8.77391E-7
3205.742	8.81316E-7
3207.766	8.77329E-7
3209.785	8.77470E-7
3213.833	8.80955E-7
3215.846	8.88744E-7
3219.884	8.86245E-7
3221.907	8.77358E-7
3225.960	8.84470E-7
3227.969	8.85520E-7
3229.988	8.88896E-7
3234.035	8.88792E-7
3238.068	8.77776E-7
3240.092	8.77503E-7
3244.134	8.88476E-7
3246.153	8.88889E-7
3248.172	8.88793E-7
3250.196	8.86426E-7
3252.214	8.77635E-7
3254.233	8.77511E-7
3256.252	8.86966E-7
3258.276	8.77448E-7
3260.294	8.88535E-7
3262.318	8.88773E-7
3266.356	8.88674E-7
3268.374	8.77491E-7
3272.417	8.78406E-7
3274.441	8.88540E-7
3276.460	8.88653E-7
3278.478	8.78664E-7
3280.502	8.88560E-7
3282.521	8.77358E-7
3284.540	8.77454E-7
3290.601	8.88696E-7
3296.663	8.77406E-7
3298.686	8.77584E-7
3302.724	8.77446E-7
3304.748	8.88738E-7
3308.790	8.88094E-7
3310.809	8.79834E-7
3312.828	8.77490E-7
3320.908	8.88777E-7
3322.932	8.87859E-7
3324.956	8.79120E-7
3326.975	8.77371E-7
3328.993	8.77579E-7
3331.012	8.84360E-7
3333.031	8.77635E-7
3335.055	8.86576E-7
3337.073	8.88786E-7
3339.092	8.84766E-7
3341.111	8.78140E-7
3343.135	8.77399E-7
3349.196	8.87763E-7
3351.215	8.88817E-7
3353.239	8.77506E-7
3355.257	8.88341E-7
3357.276	8.77376E-7
3359.295	8.77483E-7
3363.338	8.77592E-7
3365.361	8.88704E-7
3367.380	8.88896E-7
3369.399	8.79919E-7
3371.418	8.77407E-7
3373.442	8.77535E-7
3375.460	8.77418E-7
3379.529	8.88550E-7
3381.522	8.88717E-7
3385.564	8.78978E-7
3387.583	8.77795E-7
3389.602	8.77441E-7
3395.663	8.88654E-7
3397.687	8.88856E-7
3399.711	8.79736E-7
3401.730	8.77560E-7
3405.767	8.85201E-7
3407.786	8.77491E-7
3409.805	8.87897E-7
3411.828	8.88753E-7
3415.871	8.83852E-7
3417.890	8.77276E-7
3421.932	8.82916E-7
3423.956	8.88662E-7
3427.989	8.77540E-7
3430.013	8.88629E-7
3432.031	8.77728E-7
3434.055	8.77433E-7
3436.074	8.77532E-7
3440.111	8.88604E-7
3442.140	8.88758E-7
3444.154	8.88648E-7
3446.173	8.77410E-7
3448.197	8.77297E-7
3454.258	8.85390E-7
3456.277	8.88646E-7
3458.295	8.86390E-7
3460.319	8.88609E-7
3462.338	8.79140E-7
3464.357	8.77422E-7
3468.399	8.84787E-7
3470.428	8.88825E-7
3474.466	8.88706E-7
3476.485	8.77448E-7
3478.503	8.77319E-7
3480.522	8.87368E-7
3482.546	8.78085E-7
3484.565	8.86579E-7
3486.584	8.88709E-7
3490.626	8.87037E-7
3492.645	8.77612E-7
3494.669	8.77497E-7
3496.688	8.84458E-7
3498.706	8.87898E-7
3500.730	8.88826E-7
3502.749	8.79483E-7
3504.768	8.87066E-7
3506.792	8.78752E-7
3508.810	8.77414E-7
3510.829	8.84462E-7
3512.863	8.77253E-7
3514.882	8.88410E-7
3516.896	8.88667E-7
3520.933	8.77616E-7
3522.952	8.77290E-7
3524.976	8.77381E-7
3526.994	8.81623E-7
3529.034	8.88531E-7
3531.032	8.88683E-7
3537.098	8.88583E-7
3539.117	8.77498E-7
3541.146	8.77633E-7
3543.160	8.85457E-7
3545.178	8.88815E-7
3547.197	8.88696E-7
3551.240	8.78173E-7
3553.259	8.77339E-7
3555.282	8.87697E-7
3557.301	8.80113E-7
3559.320	8.80836E-7
3561.339	8.88696E-7
3567.400	8.78246E-7
3569.424	8.77531E-7
3573.467	8.87891E-7
3575.485	8.88923E-7
3577.504	8.79171E-7
3579.523	8.88606E-7
3581.547	8.83078E-7
3583.565	8.77451E-7
3585.584	8.82199E-7
3587.608	8.85111E-7
3589.637	8.88594E-7
3591.656	8.88789E-7
3595.698	8.78657E-7
3597.717	8.77378E-7
3599.736	8.77504E-7
3601.760	8.85243E-7
3603.789	8.88558E-7
3605.802	8.88778E-7
3613.882	8.78063E-7
3615.901	8.77884E-7
3617.920	8.88461E-7
3619.944	8.88726E-7
3626.005	8.88637E-7
3628.024	8.77381E-7
3630.043	8.86083E-7
3632.067	8.82698E-7
3634.085	8.77419E-7
3636.104	8.88713E-7
3642.171	8.78382E-7
3644.189	8.77520E-7
3648.232	8.87854E-7
3650.251	8.88690E-7
3652.269	8.85339E-7
3654.288	8.88498E-7
3658.331	8.77375E-7
3662.373	8.78192E-7
3664.392	8.88686E-7
3670.453	8.78846E-7
3672.472	8.77327E-7
3674.496	8.77484E-7
3676.515	8.87427E-7
3678.534	8.88520E-7
3680.557	8.88812E-7
3684.595	8.88659E-7
3686.619	8.88570E-7
3688.638	8.77469E-7
3690.656	8.77368E-7
3692.680	8.88511E-7
3694.699	8.88602E-7
3696.718	8.88691E-7
3702.784	8.78056E-7
3704.798	8.87503E-7
3706.822	8.88867E-7
3708.840	8.77555E-7
3710.864	8.88878E-7
3714.928	8.88683E-7
3716.951	8.84802E-7
3718.965	8.77426E-7
3720.989	8.88161E-7
3723.008	8.88714E-7
3731.088	8.88601E-7
3733.106	8.77292E-7
3735.130	8.80941E-7
3737.149	8.78307E-7
3739.168	8.86882E-7
3741.192	8.88780E-7
3747.253	8.77406E-7
3749.272	8.77586E-7
3753.314	8.87123E-7
3755.333	8.88729E-7
3757.352	8.88613E-7
3759.376	8.88132E-7
3761.395	8.88567E-7
3763.413	8.78245E-7
3765.437	8.77396E-7
3767.456	8.80955E-7
3769.480	8.88707E-7
3775.536	8.86421E-7
3777.555	8.77483E-7
3779.579	8.88136E-7
3781.597	8.88789E-7
3783.632	8.77482E-7
3785.640	8.88749E-7
3789.683	8.88649E-7
3791.701	8.87578E-7
3793.720	8.77329E-7
3797.763	8.88713E-7
3803.824	8.80601E-7
3805.843	8.88704E-7
3807.862	8.77733E-7
3809.885	8.87597E-7
3811.904	8.77704E-7
3813.923	8.88722E-7
3817.971	8.88851E-7
3819.989	8.88714E-7
3822.008	8.77420E-7
3826.046	8.77879E-7
3828.070	8.77576E-7
3830.088	8.88586E-7
3838.168	8.78393E-7
3840.192	8.77352E-7
3842.211	8.86974E-7
3844.230	8.88726E-7
3852.315	8.78109E-7
3854.334	8.87185E-7
3856.352	8.88780E-7
3858.376	8.77523E-7
3860.395	8.88459E-7
3862.414	8.88641E-7
3866.456	8.85327E-7
3868.475	8.77460E-7
3870.499	8.87861E-7
3872.518	8.87965E-7
3874.537	8.88761E-7
3880.598	8.88643E-7
3882.617	8.77714E-7
3884.641	8.85781E-7
3886.659	8.88848E-7
3890.702	8.88714E-7
3894.745	8.88511E-7
3896.763	8.80124E-7
3898.782	8.86017E-7
3900.801	8.88636E-7
3912.923	8.82336E-7
3914.947	8.77469E-7
3916.966	8.88214E-7
3918.985	8.88759E-7
3925.046	8.88566E-7
3927.070	8.85718E-7
3929.089	8.87352E-7
3931.108	8.88672E-7
3943.230	8.79845E-7
3945.249	8.88725E-7
3951.321	8.88852E-7
3955.358	8.88721E-7
3957.372	8.82354E-7
3959.396	8.83518E-7
3961.414	8.88757E-7
3965.457	8.88654E-7
3971.524	8.78014E-7
3973.537	8.77433E-7
3975.556	8.88681E-7
3979.598	8.88780E-7
3985.665	8.88685E-7
3987.679	8.82013E-7
3989.702	8.77516E-7
3991.721	8.87965E-7
3993.740	8.88729E-7
3999.801	8.88564E-7
4001.825	8.85275E-7
4003.844	8.77417E-7
4005.863	8.88642E-7
4007.887	8.78523E-7
4009.905	8.88343E-7
4011.924	8.88745E-7
4017.985	8.77608E-7
4020.009	8.78400E-7
4022.028	8.88741E-7
4032.127	8.84683E-7
4034.146	8.77488E-7
4036.169	8.88717E-7
4038.193	8.85882E-7
4040.212	8.88746E-7
4046.273	8.77816E-7
4048.292	8.77444E-7
4050.316	8.88557E-7
4052.335	8.78829E-7
4054.359	8.88833E-7
4060.415	8.88726E-7
4062.439	8.80240E-7
4064.458	8.77530E-7
4066.481	8.86914E-7
4068.505	8.88498E-7
4070.519	8.88704E-7
4076.580	8.86132E-7
4078.604	8.77452E-7
4080.623	8.88618E-7
4082.642	8.86800E-7
4084.666	8.87264E-7
4086.684	8.88783E-7
4092.740	8.77764E-7
4094.759	8.77485E-7
4096.783	8.88691E-7
4104.873	8.88591E-7
4106.882	8.88487E-7
4108.906	8.77415E-7
4110.925	8.83826E-7
4112.943	8.77373E-7
4114.972	8.88667E-7
4121.029	8.79773E-7
4123.047	8.77413E-7
4125.066	8.88727E-7
4129.109	8.88834E-7
4131.127	8.88743E-7
4135.170	8.88577E-7
4139.207	8.77529E-7
4141.231	8.87103E-7
4143.255	8.91149E-7
4145.274	8.88665E-7
4151.335	8.88511E-7
4153.354	8.80755E-7
4155.373	8.88627E-7
4157.397	8.85676E-7
4159.415	8.87553E-7
4161.434	8.88836E-7
4165.477	8.88608E-7
4167.496	8.79699E-7
4169.519	8.86123E-7
4171.538	8.88560E-7
4175.576	8.88662E-7
4181.637	8.88522E-7
4183.661	8.84390E-7
4185.680	8.88675E-7
4187.704	8.86177E-7
4189.722	8.88630E-7
4191.741	8.88744E-7
4197.808	8.77399E-7
4199.826	8.88395E-7
4201.845	8.86916E-7
4203.864	8.88607E-7
4211.949	8.88499E-7
4213.968	8.77728E-7
4215.986	8.77434E-7
4218.010	8.88628E-7
4228.114	8.85999E-7
4230.133	8.88745E-7
4240.232	8.88562E-7
4242.256	8.86866E-7
4244.275	8.77439E-7
4246.293	8.88543E-7
4250.341	8.88636E-7
4258.416	8.79947E-7
4260.440	8.88646E-7
4264.477	8.88767E-7
4270.539	8.88646E-7
4272.563	8.77313E-7
4274.587	8.88272E-7
4278.639	8.88677E-7
4284.685	8.88556E-7
4288.723	8.79638E-7
4290.742	8.81081E-7
4292.771	8.88720E-7
4298.827	8.88809E-7
4302.864	8.87606E-7
4304.888	8.88643E-7
4308.926	8.88028E-7
4310.950	8.88612E-7
4319.035	8.77645E-7
4321.054	8.88713E-7
4333.176	8.88612E-7
4335.200	8.88706E-7
4339.238	8.88797E-7
4341.256	8.88579E-7
4343.275	8.88675E-7
4345.299	8.88540E-7
4347.318	8.77524E-7
4349.342	8.87692E-7
4351.360	8.88713E-7
4361.459	8.88548E-7
4363.483	8.81916E-7
4365.502	8.88285E-7
4367.526	8.88802E-7
4371.563	8.88713E-7
4375.601	8.88534E-7
4377.625	8.80224E-7
4379.643	8.88427E-7
4381.667	8.88608E-7
4383.686	8.77728E-7
4385.705	8.77456E-7
4389.747	8.77323E-7
4393.785	8.77485E-7
4395.809	8.77334E-7
4405.907	8.77112E-7
4407.931	8.77383E-7
4409.950	8.76706E-7
4413.993	8.77901E-7
4416.011	8.76820E-7
4428.139	8.76928E-7
4432.177	8.77913E-7
4434.196	8.85900E-7
4436.219	8.88693E-7
4438.238	8.88794E-7
4440.257	8.88650E-7
4444.300	8.88527E-7
4446.318	8.88741E-7
4448.337	8.88068E-7
4454.398	8.88443E-7
4466.521	8.88842E-7
4468.545	8.88618E-7
4470.564	8.88327E-7
4472.582	8.78640E-7
4474.617	8.88473E-7
4486.724	8.88572E-7
4500.871	8.88667E-7
4512.993	8.88478E-7
4515.012	8.88601E-7
4517.036	8.88455E-7
4523.102	8.88564E-7
4537.239	8.88658E-7
4551.385	8.88481E-7
4573.607	8.88596E-7
4589.772	8.88493E-7
4603.914	8.88622E-7
4605.932	8.88483E-7
4607.951	8.88596E-7
4609.985	8.88501E-7
4616.047	8.88593E-7
4628.169	8.88445E-7
4646.354	8.88540E-7
4662.514	8.88643E-7
4668.575	8.88530E-7
4694.839	8.90094E-7
4696.863	8.88804E-7
4698.882	8.88684E-7
4700.901	8.88783E-7
4704.943	8.88611E-7
4708.986	8.88507E-7
4715.047	8.88865E-7
4717.066	8.88549E-7
4727.149	8.88642E-7
4743.325	8.88549E-7
4745.344	8.88664E-7
4747.368	8.88487E-7
4759.485	8.88611E-7
4771.608	8.88520E-7
4773.627	8.88611E-7
4785.755	6.62767E-7
4787.773	2.39697E-7
4789.792	1.61162E-7
4791.816	1.44181E-7
4793.835	1.41820E-7
4795.859	1.40050E-7
4801.915	1.40021E-7
4807.976	1.38265E-7
4814.038	1.28512E-7
4816.056	1.26538E-7
4820.099	1.26499E-7
4822.118	1.25089E-7
4824.142	1.24898E-7
4826.160	1.26477E-7
4828.179	1.26498E-7
4830.203	1.25370E-7
4832.222	1.25820E-7
4834.240	1.26526E-7
