Elapsed time [s]	Value [0,100]
0.000	5.399880
0.785	5.351310
2.837	5.386920
4.889	5.335750
6.936	5.267980
8.986	5.337900
11.038	5.351020
13.085	5.267790
15.137	5.238990
17.187	5.347680
19.239	5.486720
21.294	5.383820
23.338	5.326910
25.388	5.261190
27.443	5.255380
29.490	5.191130
31.545	5.263230
33.589	5.296880
35.641	5.372430
37.691	5.341570
39.741	5.380460
41.790	5.250270
43.843	5.446200
45.892	5.373390
47.942	5.208310
49.994	5.285500
52.044	5.309070
54.093	5.271570
56.143	5.235020
58.195	5.307270
60.245	5.348430
62.294	5.291600
64.344	5.367100
66.396	5.315470
68.446	5.300030
70.496	5.212770
72.545	5.425940
74.595	5.333280
76.647	5.300520
78.697	5.287470
80.746	5.265950
82.796	5.298170
84.848	5.414910
86.898	5.332970
88.947	5.269760
90.997	5.285540
93.049	5.342840
95.099	5.322740
97.149	5.346690
99.201	5.306260
101.250	5.350830
103.300	5.456080
105.350	5.343200
107.402	5.303860
109.452	5.337060
111.501	5.281610
113.553	5.227920
115.616	5.303480
117.653	5.347360
119.702	5.242370
121.752	5.403010
123.804	5.345580
125.854	5.473590
127.903	5.339610
129.953	5.286250
132.005	5.435860
134.055	5.312580
136.105	5.315250
138.157	5.245890
140.204	5.306290
142.256	5.396800
144.306	5.344180
146.355	5.336590
148.405	5.415580
150.457	5.382250
152.507	5.303960
154.556	5.332740
156.609	5.423710
158.658	5.414780
160.708	5.392250
162.758	5.261320
164.810	5.287100
166.859	5.340280
168.909	5.253250
170.961	5.385620
173.011	5.404940
175.104	5.393970
177.154	5.390320
179.204	5.332130
181.253	5.186740
183.303	5.249420
185.355	5.272500
187.405	5.326140
189.454	5.356680
191.507	5.184620
193.556	5.405610
195.606	5.363960
197.655	5.463860
199.713	5.314900
201.760	5.336300
203.807	5.408080
205.859	5.378150
207.909	5.445510
209.958	5.566270
212.008	5.389570
214.060	5.354270
216.110	5.324230
218.160	5.407040
220.214	5.357050
222.259	5.362120
224.311	5.305140
226.361	5.363580
228.410	5.272040
230.462	5.337470
232.512	5.292290
234.562	5.280470
236.614	5.279360
238.664	5.328400
240.713	5.234820
242.763	5.435230
244.813	5.313440
246.862	5.327710
248.914	5.528990
250.964	5.300530
253.014	5.330720
255.063	5.272020
257.115	5.303240
259.165	5.364060
261.215	5.444490
263.267	5.388980
265.317	5.405550
267.366	5.357070
269.416	5.261780
273.518	5.286570
275.567	5.357230
277.617	5.409350
279.669	5.360780
281.719	5.348200
283.771	5.377480
285.823	5.289080
287.873	5.359390
289.923	5.389430
291.975	5.233280
294.024	5.290560
296.074	5.293120
298.121	5.348800
300.171	5.394300
302.220	5.375020
304.270	5.408640
306.322	5.203520
308.372	5.186640
310.421	5.316490
312.474	5.299840
314.523	5.265020
316.573	5.349340
318.623	5.209720
320.675	5.256620
322.724	5.425130
324.774	5.299250
326.824	5.259140
328.876	5.372600
330.926	5.283160
332.975	5.379340
335.027	5.283820
337.077	5.445650
339.127	5.336860
341.176	5.336160
343.306	5.301190
345.278	5.278750
347.330	5.332720
349.383	5.444490
351.432	5.327890
353.484	5.461880
355.534	5.361150
357.584	5.217660
359.628	5.439960
361.678	5.373600
363.730	5.267860
365.780	5.316840
367.829	5.369690
369.882	5.446770
371.931	5.317130
373.981	5.198600
376.030	5.214280
378.083	5.377200
380.130	5.393130
382.182	5.342470
384.234	5.356000
386.284	5.271080
388.333	5.288940
390.383	5.315060
392.433	5.267300
394.485	5.180680
396.535	5.282450
398.584	5.344140
400.634	5.444130
402.686	5.361400
404.736	5.378090
406.785	5.320400
408.835	5.357470
410.887	5.310870
412.937	5.382860
414.986	5.339080
417.036	5.313250
419.086	5.369740
421.138	5.251800
423.188	5.374060
425.237	5.306410
427.289	5.420850
429.339	5.337390
431.389	5.452460
433.438	5.324300
435.491	5.408130
437.540	5.287210
439.590	5.368780
441.647	5.336210
443.699	5.393250
445.741	5.335110
447.791	5.270590
449.843	5.261510
451.893	5.374880
453.942	5.348770
455.992	5.104130
458.044	5.293230
460.096	5.356780
462.154	5.345680
464.193	5.265830
466.243	5.376590
468.295	5.312000
470.345	5.316750
472.394	5.276030
474.449	5.304990
476.496	5.247530
478.551	5.276490
480.595	5.319550
482.658	5.422640
484.697	5.340900
486.757	5.244440
490.849	5.265320
492.898	5.264180
494.948	5.410550
496.998	5.483870
499.050	5.468700
501.100	5.369320
503.149	5.340940
505.199	5.268340
507.251	5.215680
509.301	5.386830
511.350	5.270080
513.400	5.356060
515.452	5.381010
517.502	5.370310
519.551	5.333800
521.601	5.305750
523.653	5.305100
525.703	5.310670
527.753	5.407950
529.802	5.500980
531.852	5.428010
533.904	5.375900
535.954	5.449090
538.003	5.404880
540.053	5.475400
542.105	5.389510
544.155	5.269240
546.204	5.228900
548.257	5.328120
550.306	5.301140
552.356	5.350160
554.406	5.304080
556.458	5.393930
558.507	5.341730
560.557	5.439100
562.609	5.326620
564.659	5.365660
566.709	5.276290
568.758	5.270110
570.808	5.379840
572.863	5.458200
574.910	5.317420
576.959	5.462240
579.009	5.335930
581.061	5.402940
583.111	5.515290
585.160	5.402700
587.210	5.350820
589.262	5.355860
591.312	5.417290
593.362	5.383630
595.455	5.422880
597.507	5.286770
599.557	5.376310
601.606	5.389850
603.656	5.396510
605.708	5.363200
607.758	5.339640
609.808	5.500470
611.857	5.398350
613.907	5.334160
615.964	5.324850
618.009	5.365570
620.058	5.392610
622.113	5.383730
624.160	5.347780
626.210	5.349410
628.259	5.300610
630.309	5.364630
632.361	5.334070
634.411	5.344530
636.461	5.497630
638.510	5.392400
640.562	5.304690
642.612	5.383550
644.662	5.294170
646.719	5.268610
648.763	5.363250
650.813	5.466010
652.863	5.427770
654.915	5.398570
656.965	5.364890
659.014	5.335210
661.064	5.289340
663.116	5.333570
665.168	5.316530
667.218	5.442280
669.265	5.396110
671.317	5.382510
673.367	5.284040
675.417	5.366680
677.466	5.494690
679.516	5.306620
681.568	5.261200
683.618	5.436510
685.667	5.515740
687.717	5.410920
689.769	5.430450
691.819	5.320230
693.868	5.291730
695.918	5.349770
697.970	5.438270
700.020	5.420870
702.070	5.435980
704.122	5.388110
706.171	5.422890
708.229	5.497790
710.271	5.371050
712.320	5.313430
714.372	5.413190
716.422	5.389380
718.472	5.371390
720.524	5.345420
722.574	5.371460
724.623	5.346850
726.673	5.244090
728.725	5.298830
730.775	5.402040
732.827	5.429800
734.874	5.399460
736.926	5.371000
738.976	5.309800
741.025	5.421800
743.075	5.447090
745.125	5.337650
747.177	5.390370
749.227	5.379190
751.276	5.343710
753.326	5.382620
755.378	5.366890
757.428	5.305230
759.477	5.293150
761.530	5.388260
763.579	5.364510
765.629	5.516740
767.678	5.316390
769.731	5.382610
771.780	5.413620
773.830	5.268320
775.882	5.179640
777.932	5.348610
779.981	5.385070
782.031	5.377940
784.081	5.321240
786.133	5.290570
788.183	5.397220
790.240	5.448140
792.282	5.421040
794.334	5.284150
796.384	5.322690
798.433	5.354140
800.483	5.366380
802.535	5.325900
804.585	5.383980
806.634	5.375600
808.684	5.392390
810.734	5.424570
812.786	5.378440
814.836	5.405760
816.885	5.298880
818.937	5.227000
820.987	5.374510
823.037	5.354170
825.086	5.373680
827.139	5.445780
829.188	5.451710
831.238	5.350160
835.340	5.376340
837.389	5.303280
839.439	5.409290
841.491	5.367230
843.541	5.300120
845.590	5.467170
847.640	5.241110
849.692	5.482170
851.742	5.440480
853.792	5.453110
855.841	5.388660
857.891	5.392350
859.943	5.332800
861.993	5.428110
864.047	5.207910
866.092	5.385140
868.144	5.370030
870.194	5.317160
872.243	5.405200
874.293	5.310050
876.345	5.392550
878.395	5.311330
880.450	5.341220
882.497	5.451120
884.546	5.317000
886.601	5.323520
888.648	5.362080
890.698	5.299970
892.748	5.459430
894.810	5.356740
896.855	5.318620
898.899	5.306170
900.949	5.440080
902.998	5.412380
905.048	5.403910
907.100	5.301660
909.152	5.365090
911.199	5.349270
913.249	5.395060
915.301	5.392660
917.351	5.433970
919.401	5.298570
921.450	5.261470
923.500	5.311790
925.552	5.241950
927.602	5.301850
929.651	5.270640
931.701	5.305970
933.753	5.299340
935.803	5.281750
937.852	5.588240
939.905	5.424030
941.954	5.437450
944.004	5.357560
946.054	5.441990
948.106	5.481300
950.155	5.485040
952.205	5.259600
954.257	5.329770
956.307	5.375600
958.357	5.361020
960.406	5.407660
962.456	5.337580
964.508	5.273790
966.558	5.322970
968.607	5.381520
970.657	5.216760
972.709	5.257900
974.759	5.372650
976.808	5.430540
978.858	5.391630
980.913	5.223010
982.973	5.399280
985.015	5.547180
987.059	5.392480
989.109	5.394590
991.164	5.210420
993.211	5.275950
995.260	5.438760
997.312	5.357650
999.362	5.354320
1001.412	5.296280
1003.464	5.354560
1005.516	5.329330
1007.563	5.278690
1009.613	5.351370
1011.665	5.357330
1013.715	5.343900
1015.808	5.224510
1017.858	5.276160
1019.907	5.312570
1021.957	5.330080
1024.012	5.305040
1026.064	5.367640
1028.109	5.214890
1030.158	5.310140
1032.210	5.308940
1034.260	5.419630
1036.310	5.411500
1038.385	5.284820
1040.412	5.367770
1042.461	5.446740
1044.511	5.422960
1046.563	5.468420
1048.613	5.310800
1050.662	5.452660
1052.714	5.301100
1054.764	5.348270
1056.814	5.229280
1058.863	5.282300
1060.913	5.264060
1062.965	5.381790
1065.015	5.281110
1067.065	5.336140
1069.114	5.277870
1071.164	5.405080
1073.216	5.418430
1075.266	5.429140
1077.315	5.341860
1079.365	5.282080
1081.417	5.315150
1083.467	5.345300
1085.516	5.312770
1087.566	5.378930
1089.618	5.370060
1091.668	5.270110
1093.718	5.365660
1095.767	5.390280
1097.819	5.387860
1099.869	5.363520
1101.919	5.351500
1103.971	5.310770
1106.020	5.397170
1108.070	5.411710
1110.125	5.318690
1112.172	5.348500
1114.222	5.333390
1116.271	5.336970
1118.321	5.362790
1120.373	5.353090
1122.423	5.320830
1124.472	5.364860
1126.522	5.370360
1128.574	5.364670
1130.624	5.399340
1132.673	5.333330
1134.723	5.283890
1136.773	5.287010
1138.825	5.314710
1140.875	5.388810
1142.924	5.315040
1144.974	5.289100
1147.029	5.394350
1149.076	5.376200
1151.128	5.315320
1153.180	5.459850
1155.227	5.520120
1157.277	5.328490
1159.326	5.317810
1161.379	5.332190
1163.431	5.315430
1165.483	5.370030
1167.530	5.248970
1169.580	5.377650
1171.632	5.363360
1173.679	5.407340
1175.731	5.331900
1177.781	5.413000
1179.831	5.286750
1181.880	5.292620
1183.930	5.291690
1185.982	5.362550
1188.032	5.408750
1190.084	5.246460
1192.131	5.233820
1194.183	5.335520
1196.233	5.316700
1198.282	5.346100
1200.332	5.434850
1202.382	5.390800
1204.434	5.444180
1206.484	5.449250
1208.533	5.361490
1210.585	5.320470
1212.635	5.340000
1214.685	5.327250
1216.734	5.318630
1218.787	5.344270
1220.836	5.289760
1222.886	5.347530
1224.938	5.289110
1226.988	5.284790
1229.037	5.375960
1231.087	5.382410
1233.139	5.408240
1235.189	5.395410
1237.238	5.409610
1239.288	5.413280
1241.340	5.251000
1243.390	5.382260
1245.440	5.438460
1247.489	5.458720
1249.539	5.428950
1251.591	5.403260
1253.641	5.362720
1255.693	5.269360
1257.743	5.403410
1259.792	5.300730
1261.842	5.335440
1263.891	5.464180
1265.941	5.250510
1267.993	5.240530
1270.043	5.265850
1272.093	5.262400
1274.142	5.305020
1276.194	5.352210
1278.244	5.287830
1280.294	5.290130
1282.346	5.385830
1284.396	5.420830
1286.445	5.351070
1288.495	5.359590
1290.547	5.412500
1292.597	5.328110
1294.646	5.331470
1296.696	5.260300
1298.748	5.317920
1300.798	5.399620
1302.847	5.319310
1304.897	5.359100
1306.949	5.382750
1308.999	5.365500
1311.049	5.329260
1313.098	5.287750
1315.148	5.345400
1317.200	5.331300
1319.250	5.264170
1321.299	5.352070
1323.352	5.322750
1325.401	5.271470
1327.451	5.387690
1329.500	5.338640
1331.553	5.191600
1333.602	5.436570
1335.652	5.361630
1337.702	5.417260
1339.754	5.217630
1341.801	5.237530
1343.853	5.304070
1345.905	5.319290
1347.955	5.438230
1350.005	5.313910
1352.054	5.371940
1354.104	5.373340
1356.156	5.323940
1358.206	5.382750
1360.258	5.399130
1362.305	5.370370
1364.357	5.253710
1366.407	5.284840
1368.456	5.395010
1370.506	5.267200
1372.558	5.332520
1374.608	5.265890
1376.658	5.367190
1378.707	5.386530
1380.757	5.368480
1382.809	5.386130
1384.859	5.270980
1386.908	5.302910
1388.960	5.347800
1391.010	5.392900
1393.075	5.338430
1395.115	5.353230
1397.162	5.286110
1399.211	5.220370
1401.261	5.361750
1403.313	5.234180
1405.363	5.336320
1407.415	5.392340
1409.462	5.274490
1411.512	5.227890
1413.564	5.240810
1415.613	5.280970
1417.663	5.431500
1419.713	5.349590
1421.768	5.384640
1423.815	5.311990
1425.864	5.243600
1427.916	5.250780
1429.966	5.232370
1432.016	5.250780
1434.065	5.328840
1436.159	5.295970
1438.211	5.236420
1440.261	5.323070
1442.310	5.378020
1444.360	5.403910
1446.412	5.435160
1448.462	5.311400
1450.511	5.413570
1452.561	5.416580
1454.613	5.291670
1456.663	5.411990
1458.713	5.403570
1460.765	5.416800
1462.814	5.346760
1464.864	5.224780
1466.914	5.326810
1468.963	5.374260
1471.018	5.441620
1473.068	5.494830
1475.117	5.289020
1477.167	5.287080
1479.217	5.318420
1481.271	5.234530
1483.316	5.306760
1485.366	5.241080
1487.415	5.365650
1489.465	5.420840
1491.514	5.299070
1493.569	5.181600
1495.619	5.416570
1497.668	5.471830
1499.718	5.285940
1501.768	5.255570
1503.817	5.294780
1505.867	5.372150
1507.917	5.289660
1509.971	5.351010
1512.021	5.395520
1514.071	5.277630
1516.120	5.339030
1518.170	5.375590
1520.220	5.281810
1522.269	5.387610
1524.324	5.361160
1526.374	5.284460
1528.423	5.328600
1530.473	5.439360
1532.523	5.383780
1534.572	5.330420
1536.622	5.321030
1538.672	5.352810
1540.731	5.370530
1542.791	5.324670
1544.826	5.428890
1546.875	5.378910
1548.925	5.437420
1550.974	5.324750
1553.024	5.334740
1555.074	5.343910
1557.129	5.354700
1559.178	5.438460
1561.228	5.398800
1563.277	5.305180
1565.327	5.466580
1567.377	5.439710
1569.426	5.279440
1571.476	5.386070
1573.531	5.398630
1575.580	5.373800
1577.630	5.443140
1579.680	5.408580
1581.729	5.254090
1583.779	5.312180
1587.883	5.342970
1589.933	5.345980
1591.983	5.385890
1594.032	5.405190
1596.082	5.403120
1598.132	5.408450
1600.181	5.384950
1602.231	5.257760
1604.286	5.423950
1606.335	5.428100
1608.385	5.405490
1610.435	5.414840
1612.484	5.275430
1614.534	5.344990
1616.583	5.384950
1618.633	5.283030
1620.683	5.438920
1622.738	5.331190
1624.787	5.363100
1626.837	5.329610
1628.886	5.325490
1630.936	5.471020
1632.986	5.351200
1635.035	5.565440
1637.085	5.532480
1639.140	5.329240
1641.189	5.294380
1643.239	5.410250
1645.289	5.347340
1647.338	5.399420
1649.388	5.413780
1651.448	5.483320
1653.492	5.313940
1655.542	5.377190
1657.592	5.399530
1659.641	5.539190
1661.691	5.306830
1663.741	5.389050
1665.790	5.514170
1667.840	5.367860
1669.889	5.377060
1671.944	5.337560
1673.994	5.299300
1676.044	5.377040
1678.093	5.338720
1680.143	5.391720
1682.192	5.326370
1684.247	5.429720
1686.292	5.481870
1688.347	5.346930
1690.401	5.377420
1692.451	5.325770
1694.495	5.411940
1696.545	5.414820
1698.595	5.562660
1700.644	5.342130
1702.699	5.296200
1704.749	5.313610
1706.798	5.332490
1708.848	5.286310
1712.947	5.407770
1714.997	5.400200
1717.047	5.422320
1719.101	5.482370
1721.151	5.279230
1723.201	5.373540
1725.250	5.277640
1727.300	5.274210
1729.350	5.415890
1731.399	5.444630
1733.449	5.394340
1735.498	5.352430
1737.553	5.427200
1739.603	5.407640
1741.653	5.413270
1743.702	5.288690
1745.752	5.328980
1747.801	5.331790
1749.856	5.367030
1751.906	5.512440
1753.955	5.437640
1756.005	5.485320
1758.055	5.296900
1760.104	5.364380
1762.159	5.343980
1764.209	5.240740
1766.264	5.302390
1768.308	5.257130
1770.358	5.358520
1772.413	5.365930
1774.457	5.310800
1776.507	5.384190
1778.556	5.437140
1780.606	5.325960
1782.656	5.347060
1784.710	5.448260
1786.760	5.444270
1788.810	5.407790
1790.859	5.424760
1792.919	5.340980
1794.959	5.388080
1797.008	5.373220
1799.058	5.322190
1801.107	5.291210
1803.162	5.304440
1805.212	5.251800
1807.261	5.258680
1809.311	5.437750
1811.361	5.349050
1813.410	5.288540
1815.460	5.339790
1817.515	5.372670
1819.564	5.370990
1821.614	5.120470
1823.669	5.157500
1825.713	5.460980
1827.763	5.366400
1829.813	5.390500
1831.867	5.301380
1833.917	5.370430
1835.967	5.340610
1838.016	5.269390
1840.066	5.363860
1842.121	5.259020
1844.170	5.301370
1846.220	5.305750
1848.270	5.292110
1850.319	5.328370
1852.369	5.374900
1854.419	5.403070
1856.515	5.404090
1858.564	5.470710
1860.614	5.351370
1862.663	5.383840
1864.718	5.313780
1866.763	5.491150
1868.812	5.321740
1870.862	5.299090
1872.912	5.369470
1874.966	5.284290
1877.016	5.304730
1879.066	5.314170
1881.115	5.365290
1883.165	5.297600
1885.215	5.365190
1887.264	5.377710
1889.314	5.232580
1891.364	5.247300
1893.418	5.342300
1895.468	5.381160
1897.518	5.298620
1899.567	5.419050
1901.617	5.429120
1903.667	5.320730
1905.721	5.259630
1907.766	5.406930
1909.821	5.356660
1911.870	5.320100
1913.920	5.289070
1915.969	5.185830
1918.019	5.379960
1920.069	5.397060
1922.129	5.299140
1924.173	5.410660
1926.223	5.318340
1928.272	5.321730
1930.322	5.289800
1932.377	5.221800
1934.427	5.321920
1936.471	5.449200
1938.521	5.359190
1940.575	5.283370
1942.625	5.237990
1944.675	5.255770
1946.724	5.294330
1948.774	5.309380
1950.824	5.261770
1952.873	5.225260
1954.923	5.425000
1956.973	5.365210
1959.027	5.301610
1961.077	5.236290
1963.127	5.493880
1965.181	5.299760
1967.231	5.328970
1969.281	5.364700
1971.330	5.264440
1973.380	5.287230
1975.430	5.373620
1977.479	5.331730
1979.529	5.301090
1981.578	5.376820
1983.633	5.321750
1985.683	5.505680
1987.733	5.437770
1989.787	5.410760
1991.832	5.432140
1993.881	5.284730
1995.931	5.244130
1997.981	5.388970
2000.036	5.437170
2002.085	5.509240
2004.135	5.468720
2006.184	5.292230
2008.234	5.395460
2010.284	5.274710
2012.333	5.302290
2014.383	5.363990
2016.433	5.443190
2018.487	5.450550
2020.537	5.289560
2022.587	5.187400
2024.641	5.249220
2026.686	5.305260
2028.736	5.327550
2030.785	5.337400
2032.835	5.351670
2034.890	5.502560
2036.939	5.336510
2038.989	5.325740
2041.039	5.377880
2043.088	5.255190
2045.138	5.261020
2047.187	5.366880
2049.242	5.378150
2051.292	5.375250
2053.342	5.318170
2055.391	5.218680
2057.441	5.276370
2059.490	5.245570
2061.540	5.337550
2063.590	5.423590
2065.644	5.323440
2067.694	5.371160
2069.744	5.333420
2071.793	5.404190
2073.843	5.322190
2075.893	5.411960
2077.942	5.465450
2079.992	5.410340
2082.042	5.308350
2084.096	5.378910
2086.146	5.208580
2088.196	5.275740
2090.245	5.343380
2092.295	5.399870
2094.345	5.263330
2096.394	5.221820
2098.454	5.278440
2100.504	5.338010
2102.548	5.322000
2104.598	5.238160
2106.648	5.364040
2108.697	5.296220
2110.747	5.433550
2112.796	5.366320
2114.851	5.341050
2116.901	5.268700
2118.950	5.228430
2121.000	5.327450
2123.050	5.362210
2127.149	5.418780
2129.199	5.333240
2131.253	5.338540
2133.303	5.295260
2135.353	5.310820
2137.402	5.217840
2139.452	5.399980
2141.502	5.306530
2143.551	5.447090
2145.601	5.352240
2147.656	5.539710
2149.705	5.301840
2151.755	5.307780
2153.805	5.310700
2155.854	5.381970
2157.909	5.265420
2159.954	5.386460
2162.008	5.334840
2164.058	5.275790
2166.108	5.254770
2168.157	5.288190
2170.207	5.359700
2172.257	5.323710
2174.306	5.203270
2176.356	5.360540
2178.411	5.376770
2180.460	5.174280
2182.510	5.318520
2184.565	5.355920
2186.614	5.296540
2188.664	5.265400
2190.708	5.194650
2192.758	5.259740
2194.808	5.402070
2196.862	5.387940
2198.928	5.340510
2203.011	5.299620
2205.061	5.206540
2207.111	5.228630
2209.160	5.279260
2211.210	5.384250
2213.265	5.391540
2215.314	5.276920
2217.364	5.203240
2219.414	5.293350
2221.463	5.378600
2223.513	5.263640
2225.563	5.217410
2227.617	5.363430
2229.667	5.423000
2231.717	5.366720
2233.766	5.278020
2235.816	5.213480
2237.865	5.345740
2239.915	5.355850
2241.965	5.336130
2244.020	5.377140
2246.069	5.257520
2248.119	5.329080
2250.168	5.203370
2252.218	5.213520
2254.268	5.212780
2256.323	5.358410
2258.367	5.399050
2260.417	5.304300
2262.471	5.243830
2264.521	5.222300
2266.571	5.240990
2268.625	5.305230
2270.670	5.203160
2272.725	5.119460
2274.769	5.286000
2276.865	5.244230
2278.915	5.255020
2280.965	5.206500
2283.019	5.240520
2285.064	5.247680
2287.113	5.165840
2289.163	5.329670
2291.213	5.260100
2293.267	5.346620
2295.317	5.232880
2297.367	5.229070
2299.422	5.220170
2301.471	5.207520
2303.516	5.126180
2305.565	5.264800
2307.620	5.243320
2309.670	5.146750
2311.719	5.244310
2313.769	5.277280
2315.819	5.312330
2317.868	5.209400
2319.928	5.165240
2321.968	5.209060
2324.022	5.287690
2326.072	5.252750
2328.122	5.196340
2330.171	5.113830
2332.221	5.204300
2334.271	5.207770
2336.325	5.266320
2338.370	5.279600
2340.425	5.195600
2342.474	5.281630
2344.524	5.315000
2346.573	5.352790
2348.623	5.224200
2350.673	5.284140
2352.722	5.171740
2354.772	5.328100
2356.827	5.128230
2358.876	5.394180
2360.926	5.361720
2362.976	5.348870
2365.025	5.318590
2367.075	5.233420
2369.125	5.241730
2371.179	5.249050
2373.224	5.340970
2375.279	5.258230
2377.328	5.152890
2379.378	5.157730
2381.428	5.292680
2383.482	5.124530
2385.532	5.432820
2387.582	5.164420
2389.631	5.324190
2391.681	5.249590
2393.731	5.129580
2395.780	5.314010
2397.830	5.273470
2399.879	5.376480
2401.934	5.357640
2403.984	5.265930
2406.034	5.118090
2408.083	5.261980
2410.133	5.213870
2412.182	5.336240
2414.232	5.303120
2416.282	5.250930
2418.337	5.183000
2420.386	5.248730
2422.436	5.311230
2424.485	5.164050
2426.535	5.423270
2428.585	5.173870
2430.634	5.156650
2432.689	5.244910
2434.739	5.159080
2436.788	5.231070
2438.838	5.255870
2440.888	5.197810
2442.937	5.190080
2444.987	5.092530
2447.062	5.276980
2449.091	5.246390
2451.141	5.386720
2453.191	5.391730
2455.240	5.216270
2457.290	5.279470
2459.340	5.172410
2461.389	5.184940
2463.439	5.156930
2465.488	5.335860
2467.543	5.283480
2469.598	5.279290
2471.643	5.240900
2473.702	5.201760
2475.747	5.162400
2477.791	5.163700
2479.841	5.360560
2481.896	5.216300
2483.945	5.204600
2485.995	5.158980
2488.045	5.267720
2490.094	5.216670
2492.144	5.262640
2494.194	5.209930
2496.248	5.170010
2498.298	5.193880
2500.348	5.215470
2502.397	5.217300
2504.447	5.100630
2506.497	5.374100
2508.546	5.255060
2510.601	5.349790
2512.646	5.282570
2514.700	5.198760
2516.750	5.306210
2518.800	5.188170
2520.849	5.244410
2522.899	5.178120
2524.949	5.143140
2526.998	5.096770
2529.048	5.198120
2531.097	5.132250
2533.152	5.169860
2535.202	5.252710
2537.252	5.308120
2539.301	5.289340
2541.351	5.251480
2543.400	5.170270
2545.450	5.159870
2547.505	5.163660
2549.554	5.213430
2553.654	5.275720
2555.703	5.189810
2557.753	5.199090
2559.803	5.186220
2561.857	5.125710
2563.907	5.181750
2565.957	5.381780
2568.006	5.230390
2570.056	5.199740
2572.106	5.084260
2574.155	5.217420
2576.205	5.253410
2578.255	5.153580
2580.309	5.224050
2582.359	5.022820
2584.409	5.089730
2586.458	5.176690
2588.508	5.068560
2590.558	5.190410
2592.607	5.188350
2594.657	5.130460
2596.712	5.228610
2598.761	5.107280
2600.811	5.239990
2602.860	5.234450
2604.910	5.230210
2606.960	5.164830
2609.009	5.167460
2611.064	5.111810
2613.114	5.125660
2615.163	5.091810
2617.213	5.195090
2619.263	5.217930
2621.312	5.214830
2623.362	5.247870
2625.412	5.289600
2627.466	5.197110
2629.516	5.153760
2631.566	5.128770
2633.615	5.132930
2635.665	5.024760
2637.720	5.146600
2639.764	5.239130
2641.814	5.328540
2643.869	5.250620
2645.923	5.178910
2647.968	5.158500
2650.018	5.172800
2652.067	5.116040
2654.117	5.161280
2656.172	5.070130
2658.221	5.238000
2660.266	5.255370
2662.321	5.232840
2664.370	5.165240
2666.420	5.096300
2668.469	5.064730
2670.524	5.122200
2672.569	5.287890
2674.624	5.335110
2676.673	5.159050
2678.723	5.100290
2680.772	5.212130
2682.822	5.196050
2684.877	5.164020
2686.921	5.063070
2688.971	5.098820
2691.021	5.112430
2693.075	5.195850
2695.125	5.179220
2697.216	5.176480
2699.266	5.194960
2701.315	5.151140
2703.365	5.161370
2705.414	5.138470
2707.469	5.202500
2709.519	5.136460
2711.568	4.973330
2713.618	5.266650
2715.668	5.099160
2717.717	5.284090
2719.767	5.103980
2721.817	5.078610
2723.871	5.152550
2725.921	5.117050
2727.971	5.088140
2730.020	5.169000
2732.070	5.236600
2734.120	5.325680
2736.180	5.185160
2738.229	5.201920
2740.269	5.047020
2742.323	4.998430
2744.373	5.209920
2746.423	5.130040
2748.472	5.126780
2750.522	5.144270
2752.572	5.159600
2754.621	5.106270
2756.676	5.179140
2758.726	5.150430
2760.775	5.162300
2762.825	5.057570
2764.874	5.021430
2766.924	5.127370
2768.974	5.180840
2771.029	5.235610
2773.078	5.269320
2775.128	5.367650
2777.177	5.251160
2779.237	5.263310
2781.277	5.240280
2783.326	5.168400
2785.376	5.042410
2787.426	5.094420
2789.480	5.156590
2791.530	5.081370
2793.580	5.128620
2795.629	5.155060
2797.679	5.247680
2799.734	5.238200
2801.783	5.231860
2803.833	5.257910
2805.883	5.160000
2807.932	5.151190
2809.982	5.230630
2812.032	5.238790
2814.081	5.134450
2816.131	5.216100
2818.180	5.162720
2820.235	5.170380
2822.285	5.143640
2824.335	5.069040
2826.384	5.229210
2828.434	5.235540
2830.483	5.177330
2832.533	5.115610
2834.583	5.184520
2836.638	5.250570
2838.687	5.146300
2840.737	5.309380
2842.786	5.107830
2844.836	5.208110
2846.886	5.164850
2848.935	5.218850
2850.995	5.276620
2853.045	5.386290
2855.089	5.284730
2857.139	5.215360
2859.189	5.275830
2861.238	5.081110
2863.288	5.189060
2865.338	5.069740
2867.387	5.167230
2869.437	5.133730
2871.492	5.237880
2873.541	5.278040
2875.591	5.145210
2877.641	5.186420
2879.690	5.209630
2881.740	5.120850
2883.789	5.212430
2885.844	5.175740
2887.894	5.194950
2889.944	5.228010
2891.993	5.099630
2894.043	5.181190
2896.092	5.156720
2898.142	5.266260
2900.192	5.402070
2902.247	5.346730
2904.296	5.169710
2906.346	5.295890
2908.395	5.209530
2910.445	5.170350
2912.495	5.186240
2914.544	5.274200
2916.599	5.263030
2918.644	5.094570
2920.698	5.143600
2922.748	5.239710
2924.798	5.125190
2926.847	5.051210
2928.897	5.255310
2930.947	5.242500
2932.996	5.305540
2935.051	5.255940
2937.101	5.270650
2939.155	5.291930
2941.200	5.206600
2943.250	5.263750
2945.299	5.243270
2947.349	5.262310
2949.404	5.244720
2951.453	5.254090
2953.508	5.142160
2955.553	5.189260
2957.607	5.217190
2959.657	5.317950
2961.701	5.310780
2963.751	5.183160
2965.801	5.169950
2967.850	5.064870
2969.905	5.189940
2971.955	5.205000
2974.004	5.349550
2976.054	5.190930
2978.104	5.226730
2980.158	5.236130
2982.203	5.219340
2984.258	5.156350
2986.307	5.283860
2988.357	5.264120
2990.407	5.203940
2992.461	5.263450
2994.506	5.296000
2996.561	5.169820
2998.610	5.211540
3000.660	5.348860
3002.704	5.335000
3004.759	5.288190
3006.809	5.234770
3008.859	5.272730
3010.908	5.259730
3012.958	5.276780
3015.007	5.322860
3017.067	5.221390
3019.112	5.256590
3021.161	5.267250
3023.211	5.332720
3025.261	5.393410
3027.310	5.330970
3029.360	5.315530
3031.410	5.181920
3033.464	5.335510
3035.514	5.282830
3037.564	5.307610
3041.663	5.260120
3043.713	5.242160
3045.762	5.331960
3047.812	5.352930
3049.867	5.335610
3051.916	5.400130
3053.966	5.260320
3056.016	5.253520
3058.065	5.232440
3060.115	5.317620
3062.165	5.339280
3064.219	5.276020
3066.269	5.241360
3068.319	5.265520
3070.368	5.178120
3072.423	5.362460
3074.468	5.341800
3076.517	5.310480
3078.567	5.306420
3080.622	5.353390
3082.671	5.216170
3084.721	5.300520
3086.770	5.330200
3088.820	5.419470
3090.870	5.287160
3092.919	5.315320
3094.969	5.314410
3097.019	5.315790
3099.073	5.363260
3101.123	5.297520
3103.173	5.269790
3105.228	5.314830
3107.277	5.311460
3109.322	5.381880
3111.371	5.378440
3113.426	5.410880
3115.476	5.263760
3117.567	5.315710
3119.616	5.255710
3121.671	5.167090
3123.721	5.274370
3125.770	5.264950
3127.820	5.227890
3129.869	5.343720
3131.919	5.342870
3133.969	5.396130
3136.018	5.329570
3138.068	5.310320
3140.123	5.357470
3142.172	5.375730
3144.222	5.365630
3146.272	5.338410
3148.321	5.230870
3150.371	5.321940
3152.421	5.380120
3154.475	5.364610
3156.525	5.381880
3158.575	5.347820
3160.624	5.338000
3162.674	5.256420
3164.724	5.391590
3166.773	5.397820
3168.849	5.266850
3170.873	5.261230
3172.927	5.239910
3174.977	5.400490
3177.027	5.329280
3179.076	5.313980
3183.176	5.390920
3185.225	5.363890
3187.275	5.329330
3189.330	5.344310
3191.379	5.294840
3193.429	5.316910
3195.478	5.362550
3197.528	5.350890
3199.578	5.371310
3201.633	5.292850
3203.677	5.345000
3205.732	5.235610
3207.781	5.345340
3209.831	5.500540
3211.881	5.360300
3213.930	5.326500
3215.980	5.377590
3218.030	5.385840
3220.084	5.376110
3222.134	5.299410
3224.184	5.243670
3226.233	5.185020
3228.283	5.282800
3230.333	5.314470
3232.382	5.276730
3234.432	5.325150
3236.482	5.360930
3238.536	5.344470
3240.586	5.470450
3242.636	5.360970
3244.685	5.323000
3246.735	5.274400
3248.784	5.387040
3250.834	5.400890
3252.884	5.317580
3254.939	5.304740
3256.988	5.405050
3259.038	5.349770
3261.087	5.322780
3263.137	5.217270
3265.187	5.252900
3267.236	5.164620
3269.291	5.213310
3271.341	5.289990
3273.390	5.296180
3275.440	5.325200
3277.490	5.284490
3279.550	5.226760
3281.589	5.296010
3283.644	5.250030
3285.693	5.243830
3287.748	5.359550
3289.793	5.342600
3291.842	5.348380
3293.892	5.252410
3295.942	5.437100
3297.991	5.390120
3300.041	5.308460
3302.090	5.367260
3304.145	5.281320
3306.200	5.335660
3308.245	5.177790
3310.294	5.413480
3312.344	5.291800
3314.393	5.237000
3316.443	5.278630
3318.498	5.271710
3320.548	5.373500
3322.597	5.195610
3324.647	5.294240
3326.696	5.437580
3328.746	5.332080
3330.796	5.329900
3332.850	5.194890
3334.895	5.270530
3336.950	5.205390
3338.999	5.310130
3341.049	5.256690
3343.099	5.388710
3345.148	5.309030
3347.198	5.293160
3349.248	5.390080
3351.302	5.302440
3353.352	5.347510
3355.402	5.343330
3357.451	5.248180
3359.501	5.274240
3361.551	5.328260
3363.600	5.264500
3365.650	5.238410
3367.699	5.306320
3369.754	5.293900
3371.804	5.307950
3373.854	5.303030
3375.903	5.291460
3377.953	5.339110
3380.002	5.291760
3382.052	5.327790
3386.156	5.258640
3388.206	5.266780
3390.256	5.177870
3392.305	5.233070
3394.355	5.370010
3396.405	5.425980
3398.459	5.358360
3400.509	5.330640
3402.559	5.307940
3404.614	5.359170
3406.658	5.312400
3408.805	5.301640
3410.757	5.349260
3412.807	5.350230
3414.857	5.156280
3416.911	5.310650
3418.966	5.279400
3421.016	5.276780
3423.060	5.314110
3425.110	5.214690
3427.160	5.281760
3429.219	5.270880
3431.259	5.223380
3433.314	5.256310
3435.363	5.307870
3437.413	5.357880
3439.463	5.397010
3441.517	5.437560
3443.567	5.241070
3445.611	5.143680
3447.666	5.260100
3449.716	5.285730
3451.765	5.267740
3453.820	5.385020
3455.865	5.344730
3457.920	5.355910
3459.969	5.226710
3462.019	5.405830
3464.068	5.325520
3466.118	5.326520
3468.168	5.226140
3470.217	5.192910
3472.267	5.214990
3474.317	5.533150
3476.366	5.474880
3478.421	5.330230
3480.466	5.298430
3482.520	5.354120
3484.570	5.297200
3486.620	5.276230
3488.669	5.367270
3490.719	5.266420
3492.769	5.222580
3494.818	5.346850
3496.873	5.416060
3498.923	5.320510
3500.972	5.270770
3503.022	5.200890
3505.071	5.230710
3507.121	5.275200
3509.171	5.283190
3511.226	5.198850
3513.275	5.213550
3515.325	5.160290
3517.374	5.247490
3519.424	5.163360
3521.474	5.224080
3523.523	5.255320
3525.573	5.325800
3527.623	5.263380
3529.677	5.273610
3531.727	5.290250
3533.777	5.233130
3535.826	5.229710
3537.917	5.379170
3539.972	5.324520
3542.022	5.225920
3544.071	5.280180
3546.121	5.307860
3548.171	5.289390
3550.220	5.269950
3552.280	5.409270
3554.325	5.363810
3556.374	5.394160
3558.424	5.140530
3560.479	5.277660
3562.523	5.273660
3564.573	5.334850
3566.628	5.323750
3568.672	5.306340
3570.722	5.238630
3572.776	5.262080
3574.826	5.181390
3576.876	5.300420
3578.925	5.270120
3580.975	5.231350
3583.030	5.329640
3585.074	5.338410
3587.129	5.348070
3589.179	5.368700
3591.233	5.310940
3593.283	5.218080
3595.333	5.137590
3597.382	5.236610
3599.427	5.248140
3601.477	5.349970
3603.531	5.425530
3605.581	5.252490
3607.631	5.202420
3609.680	5.250110
3611.730	5.394990
3613.779	5.191850
3615.829	5.289470
3617.879	5.335850
3619.934	5.264060
3621.983	5.254290
3624.033	5.285420
3626.082	5.291030
3628.132	5.377300
3630.182	5.406240
3632.237	5.383280
3634.281	5.164790
3636.331	5.209190
3638.385	5.206720
3640.435	5.317420
3642.485	5.191430
3644.534	5.302630
3646.584	5.350930
3648.634	5.255060
3650.683	5.281520
3652.733	5.419340
3654.788	5.348860
3656.837	5.278050
3658.887	5.291440
3660.937	5.274510
3662.986	5.279840
3665.036	5.232750
3667.085	5.500660
3669.140	5.344000
3671.190	5.316950
3673.250	5.291710
3675.294	5.306930
3677.344	5.237000
3679.394	5.312310
3681.438	5.345470
3683.488	5.335610
3685.543	5.218260
3687.592	5.281130
3689.642	5.233860
3691.697	5.291070
3693.741	5.328680
3695.796	5.360540
3697.840	5.149100
3699.890	5.094820
3701.940	5.258720
3703.994	5.392250
3706.044	5.241210
3708.094	5.292770
3710.143	5.210620
3712.203	5.301590
3714.243	5.286430
3716.292	5.358400
3718.347	5.361030
3720.397	5.421010
3722.446	5.248780
3724.496	5.249800
3726.546	5.281580
3728.600	5.256290
3730.645	5.274800
3732.694	5.222770
3734.749	5.383490
3736.794	5.364100
3738.849	5.339060
3740.898	5.313720
3742.948	5.208150
3744.997	5.274800
3747.047	5.339920
3749.097	5.288940
3751.151	5.228120
3753.201	5.271560
3755.251	5.322140
3757.300	5.298230
3759.350	5.282160
3761.400	5.226720
3763.449	5.319110
3765.499	5.250420
3767.554	5.377090
3769.603	5.293420
3771.653	5.315110
3773.703	5.257620
3775.752	5.210410
3777.802	5.240670
3779.852	5.353710
3781.906	5.322840
3783.956	5.323990
3786.006	5.244550
3788.055	5.312690
3790.105	5.322740
3792.155	5.371280
3794.204	5.322690
3796.254	5.209340
3798.303	5.229950
3800.358	5.249800
3802.408	5.266270
3804.458	5.340490
3806.507	5.254000
3808.557	5.423370
3810.606	5.362590
3812.656	5.255810
3814.706	5.351790
3816.760	5.258590
3818.815	5.303310
3820.860	5.248830
3822.909	5.335360
3824.959	5.321880
3827.009	5.376710
3829.058	5.201940
3831.113	5.246410
3833.163	5.379900
3835.218	5.313500
3837.262	5.308720
3839.317	5.346190
3841.366	5.356360
3843.411	5.322740
3845.461	5.311800
3847.515	5.309950
3849.565	5.246320
3851.615	5.189840
3853.669	5.342680
3855.714	5.295510
3857.764	5.310980
3859.813	5.302460
3861.863	5.410570
3863.918	5.362720
3865.967	5.300960
3868.017	5.289270
3870.066	5.350000
3872.116	5.503610
3874.166	5.363540
3876.226	5.350730
3878.270	5.187380
3880.315	5.375520
3882.369	5.292470
3884.419	5.314360
3886.469	5.253080
3888.518	5.259270
3890.568	5.350000
3892.623	5.458180
3894.667	5.320590
3896.722	5.260220
3898.772	5.328100
3900.821	5.386920
3902.871	5.393840
3904.921	5.285660
3906.970	5.337490
3909.020	5.344840
3911.070	5.338630
3913.124	5.237930
3915.174	5.338040
3917.224	5.284950
3919.273	5.184780
3921.323	5.346210
3923.372	5.414870
3925.422	5.249180
3927.472	5.333520
3929.527	5.402040
3931.576	5.274110
3933.631	5.303470
3935.675	5.311580
3937.725	5.308150
3939.775	5.359100
3941.830	5.413330
3943.874	5.313250
3945.929	5.394530
3947.978	5.377180
3950.028	5.333640
3952.078	5.361520
3954.127	5.293210
3956.182	5.274570
3958.273	5.354180
3960.328	5.349480
3962.372	5.284520
3964.422	5.248580
3966.472	5.258190
3968.521	5.381580
3970.571	5.258410
3972.626	5.182880
3974.675	5.345980
3976.725	5.338060
3978.774	5.365110
3980.829	5.306520
3982.879	5.371090
3984.923	5.300100
3986.973	5.323410
3989.028	5.294280
3991.077	5.269410
3993.127	5.237810
3995.177	5.152230
3997.226	5.307040
3999.276	5.315230
4001.326	5.306990
4003.380	5.391430
4005.430	5.319110
4007.480	5.275860
4009.529	5.241450
4011.579	5.377240
4013.629	5.319130
4015.678	5.387830
4017.728	5.401400
4019.783	5.407600
4021.832	5.310540
4023.882	5.298240
4025.932	5.343310
4027.981	5.238870
4030.031	5.305190
4032.080	5.289870
4034.130	5.434220
4036.180	5.239150
4038.235	5.318940
4040.284	5.410250
4042.334	5.467280
4044.383	5.422710
4046.433	5.347010
4048.483	5.378110
4050.532	5.229580
4052.587	5.303000
4054.637	5.328000
4056.686	5.322490
4058.736	5.312540
4060.786	5.310880
4062.835	5.293780
4064.885	5.359520
4066.935	5.302740
4068.984	5.325360
4071.039	5.356050
4073.089	5.351830
4075.138	5.358630
4077.188	5.257790
4079.243	5.305780
4081.292	5.401100
4083.342	5.311120
4085.392	5.259110
4087.441	5.425340
4089.491	5.289810
4091.541	5.242650
4093.590	5.361370
4095.640	5.292300
4097.689	5.303720
4099.739	5.307950
4101.794	5.296490
4103.844	5.396820
4105.893	5.244950
4107.943	5.235340
4109.992	5.259580
4112.047	5.389850
4114.097	5.346370
4116.141	5.424410
4118.196	5.298820
4120.246	5.304110
4122.295	5.302580
4124.345	5.382110
4126.395	5.141990
4128.444	5.355430
4130.494	5.283650
4132.544	5.216380
4134.598	5.228240
4136.648	5.226920
4138.698	5.238750
4140.747	5.387790
4142.797	5.257050
4144.877	5.220780
4146.896	5.247190
4148.946	5.381820
4150.995	5.238440
4153.050	5.228960
4155.100	5.381050
4157.150	5.460360
4159.199	5.337720
4161.249	5.353720
4163.298	5.237780
4165.348	5.224390
4167.403	5.281500
4169.453	5.248370
4171.502	5.240990
4173.552	5.289560
4175.601	5.361790
4177.651	5.353300
4179.701	5.250540
4181.755	5.346250
4183.805	5.321570
4185.855	5.361110
4187.904	5.332280
4189.954	5.350650
4192.004	5.170970
4194.053	5.307680
4196.103	5.381180
4198.153	5.387620
4200.207	5.174330
4202.257	5.228270
4204.307	5.272290
4206.356	5.313090
4208.406	5.258540
4210.456	5.332270
4212.505	5.336500
4214.555	5.365340
4216.610	5.330310
4218.659	5.204150
4220.709	5.272380
4222.759	5.306500
4224.808	5.299030
4226.858	5.292810
4228.907	5.385220
4230.962	5.290980
4233.012	5.287710
4235.067	5.398260
4237.116	5.329130
4239.166	5.356860
4241.210	5.275690
4243.260	5.133310
4245.310	5.238960
4247.364	5.194430
4249.414	5.267180
4251.464	5.228010
4253.513	5.329210
4255.563	5.312190
4257.613	5.264250
4259.662	5.307130
4261.712	5.340450
4263.762	5.312540
4265.816	5.326660
4267.866	5.227660
4269.916	5.424410
4271.965	5.321150
4274.015	5.407730
4276.065	5.260610
4278.114	5.331100
4280.164	5.323600
4282.219	5.279040
4284.268	5.273150
4286.318	5.377060
4288.367	5.312760
4290.417	5.311680
4292.467	5.353190
4294.516	5.268460
4296.566	5.381960
4298.621	5.262860
4300.670	5.223600
4302.720	5.146110
4304.770	5.262290
4306.819	5.218070
4308.869	5.334700
4310.919	5.319220
4312.973	5.441100
4315.023	5.297480
4317.073	5.275190
4319.122	5.169810
4321.172	5.445830
4323.222	5.258770
4325.276	5.315130
4327.321	5.291950
4329.371	5.188960
4331.425	5.326700
4333.475	5.264380
4335.525	5.435820
4337.574	5.445380
4339.624	5.340490
4341.674	5.268590
4343.723	5.208340
4345.778	5.294440
4347.828	5.301300
4349.877	5.219480
4351.927	5.323460
4353.976	5.411050
4356.026	5.333630
4358.076	5.255010
4360.131	5.232050
4362.180	5.200960
4364.230	5.340020
4366.279	5.351840
4368.329	5.281140
4370.379	5.267210
4372.428	5.315200
4374.478	5.459220
4376.533	5.369450
4378.624	5.334250
4380.673	5.245850
4382.723	5.302350
4384.773	5.205700
4386.827	5.312490
4388.877	5.284990
4390.927	5.253670
4392.981	5.220350
4395.026	5.302050
4397.075	5.279010
4399.125	5.355430
4401.175	5.262350
4403.230	5.189990
4405.284	5.290350
4407.329	5.408530
4409.378	5.404260
4411.428	5.415560
4413.478	5.400770
4415.527	5.192700
4417.577	5.276670
4419.627	5.399350
4421.681	5.200710
4423.731	5.344170
4425.781	5.304150
4427.830	5.342030
4429.880	5.339950
4431.930	5.318190
4433.979	5.193280
4436.029	5.303680
4438.084	5.261510
4440.133	5.181930
4442.183	5.460160
4444.233	5.283710
4446.282	5.311980
4448.332	5.300590
4450.382	5.302320
4452.436	5.270920
4454.486	5.232940
4456.536	5.305690
4458.585	5.327680
4460.635	5.276510
4462.684	5.353720
4464.734	5.354340
4466.789	5.342500
4468.839	5.314470
4470.888	5.253580
4472.943	5.328220
4474.987	5.380090
4477.037	5.287210
4479.087	5.400560
4481.136	5.457330
4483.191	5.419040
4485.236	5.250320
4487.290	5.314690
4489.340	5.270360
4491.390	5.222040
4493.439	5.344360
4495.489	5.264230
4497.539	5.276340
4499.593	5.362150
4501.643	5.384230
4503.693	5.255900
4505.742	5.288260
4507.792	5.291820
4509.847	5.400830
4511.891	5.457000
4513.946	5.427110
4515.990	5.343390
4518.045	5.399430
4520.095	5.390070
4522.145	5.432860
4524.194	5.237070
4526.244	5.334030
4528.293	5.342110
4530.343	5.375830
4532.393	5.379110
4534.448	5.380190
4536.497	5.436960
4538.547	5.430680
4540.596	5.319440
4542.646	5.347370
4544.696	5.342830
4546.745	5.377400
4548.800	5.444120
4550.876	5.334800
4552.899	5.323580
4554.954	5.305090
4556.999	5.260570
4559.048	5.234580
4561.098	5.261170
4563.148	5.281710
4565.202	5.321210
4567.252	5.338110
4569.302	5.365290
4571.351	5.426570
4573.401	5.363760
4575.451	5.391730
4577.505	5.338500
4579.550	5.356070
4581.599	5.288210
4583.654	5.425060
4585.704	5.282790
4587.754	5.275690
4589.803	5.294520
4591.853	5.292680
4593.902	5.334230
4595.952	5.358630
4598.002	5.391430
4600.056	5.413370
4602.106	5.245080
4604.156	5.249950
4606.205	5.292850
4608.255	5.305710
4610.305	5.308180
4612.354	5.446990
4614.414	5.295410
4616.459	5.333670
4618.508	5.508950
4620.558	5.392120
4622.608	5.282020
4624.657	5.249230
4626.707	5.274080
4628.757	5.311670
4630.811	5.269940
4632.861	5.310200
4634.911	5.405040
4636.960	5.348590
4639.010	5.407460
4641.060	5.374280
4643.114	5.345340
4645.164	5.298830
4647.208	5.313110
4649.263	5.422590
4651.313	5.437230
4653.362	5.424840
4655.412	5.354110
4657.462	5.281400
4659.511	5.345140
4661.561	5.399890
4663.616	5.277820
4665.665	5.355060
4667.715	5.303770
4669.765	5.397960
4671.814	5.322730
4673.864	5.328740
4675.914	5.256140
4677.968	5.324380
4680.018	5.255560
4682.068	5.369140
4684.117	5.397550
4686.167	5.346450
4688.222	5.323980
4690.266	5.419480
4692.316	5.322510
4694.366	5.256810
4696.420	5.333760
4698.465	5.393540
4700.520	5.284200
4702.569	5.339600
4704.619	5.520520
4706.674	5.388970
4708.718	5.325950
4710.768	5.336650
4712.823	5.340260
4714.872	5.302960
4716.922	5.394450
4718.971	5.344430
4721.021	5.333590
4723.071	5.420220
4725.120	5.339500
4727.170	5.445720
4729.225	5.314960
4731.274	5.249810
4733.324	5.332320
4735.379	5.346680
4737.423	5.199600
4739.478	5.410410
4741.523	5.412480
4743.577	5.334920
4745.627	5.441370
4747.677	5.283240
4749.726	5.221790
4751.776	5.372200
4753.826	5.405470
4755.880	5.351960
4757.925	5.232690
4759.975	5.280540
4762.029	5.374860
4764.084	5.274950
4766.129	5.256500
4768.183	5.315160
4770.228	5.337850
4772.283	5.244490
4774.332	5.172210
4776.387	5.266400
4778.432	5.418220
4780.491	5.372230
4782.531	5.409060
4784.580	5.324620
4786.635	5.366700
4788.680	5.252180
4790.735	5.421870
4792.784	5.330240
4794.834	5.382580
4796.883	5.217890
4798.974	5.218840
4801.029	5.404360
4803.074	5.293110
4805.128	5.352270
4807.178	5.293020
4809.228	5.241310
4813.327	5.330170
4815.377	5.213620
4817.436	5.298050
4819.476	5.345250
4821.531	5.353570
4823.580	5.347620
4825.630	5.361120
4827.679	5.369970
4829.729	5.254270
4831.784	5.237310
4833.834	5.335720
4835.883	5.333580
4837.933	5.321830
4839.982	5.379380
