Elapsed time [s]	Value [0,1]
0.000	1.32262E-3
7.686	1.32239E-3
9.704	1.32276E-3
11.726	1.34047E-3
17.792	1.32268E-3
19.808	1.30555E-3
21.832	1.29066E-3
23.848	1.27222E-3
27.888	1.27186E-3
29.910	1.27939E-3
31.931	1.28739E-3
33.952	1.28876E-3
35.971	1.30419E-3
37.995	1.30534E-3
40.011	1.28948E-3
42.032	1.28837E-3
44.054	1.30537E-3
46.072	1.30558E-3
48.091	1.32308E-3
50.112	1.32269E-3
52.134	1.32349E-3
54.155	1.32301E-3
58.200	1.32276E-3
60.216	1.30560E-3
62.238	1.30653E-3
64.257	1.30613E-3
66.278	1.30586E-3
68.297	1.30525E-3
70.318	1.30826E-3
72.339	1.30702E-3
74.358	1.32207E-3
76.379	1.32255E-3
78.398	1.32276E-3
80.419	1.30716E-3
82.441	1.30581E-3
84.462	1.30537E-3
86.481	1.30505E-3
88.512	1.30570E-3
90.523	1.30498E-3
92.542	1.30673E-3
94.563	1.30515E-3
96.582	1.32035E-3
98.603	1.32264E-3
100.625	1.33001E-3
102.651	1.32702E-3
104.665	1.32311E-3
106.686	1.32263E-3
112.747	1.32247E-3
114.766	1.32280E-3
116.790	1.32263E-3
118.806	1.32287E-3
120.843	1.32264E-3
134.977	1.32288E-3
136.990	1.32262E-3
145.073	1.33770E-3
147.094	1.34032E-3
149.113	1.33557E-3
151.139	1.34032E-3
153.156	1.32463E-3
155.174	1.34041E-3
157.196	1.33404E-3
159.220	1.32264E-3
163.262	1.30538E-3
165.278	1.30507E-3
167.315	1.30469E-3
169.318	1.30502E-3
175.382	1.30534E-3
177.401	1.30474E-3
179.420	1.31257E-3
181.441	1.32259E-3
189.521	1.32290E-3
191.543	1.32263E-3
193.564	1.33638E-3
195.583	1.32483E-3
197.604	1.32262E-3
201.644	1.32280E-3
203.665	1.32262E-3
205.689	1.31237E-3
207.708	1.30491E-3
211.751	1.32265E-3
215.793	1.32986E-3
217.807	1.33971E-3
219.828	1.34047E-3
221.852	1.33622E-3
223.868	1.34017E-3
227.908	1.34047E-3
229.929	1.34028E-3
231.951	1.34047E-3
235.991	1.34076E-3
238.012	1.34012E-3
240.031	1.34040E-3
242.052	1.34024E-3
244.074	1.34047E-3
246.092	1.34019E-3
248.126	1.34046E-3
250.135	1.34113E-3
252.156	1.34055E-3
256.196	1.34038E-3
260.236	1.34005E-3
262.258	1.34044E-3
270.340	1.34072E-3
272.359	1.34011E-3
274.378	1.33986E-3
276.399	1.32282E-3
286.500	1.35412E-3
288.540	1.35793E-3
290.556	1.35827E-3
294.599	1.35788E-3
296.620	1.36448E-3
298.639	1.37335E-3
300.660	1.37467E-3
304.700	1.35853E-3
306.721	1.35786E-3
310.761	1.35820E-3
316.828	1.36106E-3
318.849	1.37473E-3
320.863	1.37269E-3
322.884	1.37392E-3
324.905	1.37519E-3
326.924	1.37369E-3
328.945	1.37549E-3
332.988	1.38777E-3
335.007	1.38996E-3
337.028	1.41466E-3
339.047	1.51030E-3
341.068	2.09659E-3
343.090	4.74139E-3
345.108	1.07945E-2
347.130	1.72010E-2
349.148	2.28540E-2
351.170	3.37121E-2
353.191	3.10912E-2
355.212	2.67817E-2
357.231	4.30583E-2
359.250	4.15397E-2
361.271	2.33190E-2
363.295	4.28554E-2
365.314	4.63797E-2
367.332	2.49976E-2
369.354	6.41318E-2
371.375	2.22705E-2
373.394	3.81401E-2
375.420	7.80330E-2
377.439	2.37852E-2
379.460	5.52823E-2
381.476	2.59361E-2
383.498	3.06292E-2
385.516	7.91234E-2
387.538	2.23960E-2
389.557	4.32282E-2
391.578	5.07083E-2
393.602	2.56619E-2
395.618	6.44485E-2
397.639	2.29243E-2
399.658	3.48941E-2
401.679	8.84764E-2
403.701	2.36681E-2
405.724	7.15666E-2
407.746	3.15830E-2
409.765	2.67392E-2
411.799	2.33293E-2
413.828	2.23460E-2
415.844	2.07365E-2
417.865	1.96847E-2
419.884	1.96500E-2
421.908	1.98486E-2
423.924	1.99488E-2
425.945	1.99671E-2
429.988	1.99530E-2
432.007	1.99237E-2
434.028	1.99024E-2
438.099	1.99144E-2
440.092	1.99665E-2
442.108	1.99843E-2
444.129	1.99721E-2
446.153	1.99680E-2
448.172	1.99525E-2
450.191	1.99668E-2
454.231	1.99559E-2
456.252	1.99406E-2
458.271	1.99765E-2
460.292	2.00188E-2
462.313	1.99858E-2
466.356	2.00013E-2
470.396	1.99875E-2
472.420	1.99765E-2
474.436	1.99539E-2
476.460	1.99466E-2
478.476	1.99350E-2
482.516	1.99225E-2
484.538	1.99512E-2
492.618	1.99830E-2
494.639	2.00013E-2
498.679	1.99766E-2
500.703	1.99556E-2
502.737	1.99389E-2
504.740	2.00242E-2
506.764	2.00687E-2
508.788	2.00268E-2
510.802	1.99881E-2
512.823	1.99682E-2
514.842	1.99401E-2
516.863	1.99761E-2
518.885	2.00380E-2
520.906	1.99532E-2
522.925	1.99936E-2
524.946	2.00183E-2
526.967	1.99512E-2
528.986	2.00329E-2
531.007	1.99711E-2
533.029	1.99916E-2
535.050	2.00408E-2
537.071	1.99383E-2
539.092	1.99946E-2
541.114	2.00529E-2
543.133	1.99564E-2
545.149	1.99939E-2
547.178	2.00492E-2
549.191	1.99563E-2
551.210	1.99684E-2
553.231	2.00019E-2
555.250	2.00190E-2
559.293	2.00028E-2
561.314	1.99880E-2
563.333	1.99844E-2
565.354	1.99687E-2
567.373	1.99530E-2
571.415	2.00911E-2
573.434	2.00340E-2
575.461	1.98998E-2
577.479	2.00590E-2
581.517	1.98963E-2
583.538	2.00537E-2
585.557	2.00631E-2
587.578	1.98926E-2
589.602	2.00480E-2
591.618	2.00698E-2
593.645	1.99533E-2
595.663	1.99135E-2
597.680	2.00896E-2
599.701	2.00087E-2
601.722	1.98882E-2
603.741	2.00603E-2
605.760	2.00454E-2
607.781	1.99694E-2
609.802	1.99216E-2
611.824	2.00473E-2
613.845	1.99908E-2
615.864	1.99563E-2
617.885	2.00579E-2
619.904	1.99651E-2
621.925	1.99885E-2
623.944	2.00328E-2
625.965	1.99386E-2
627.992	2.00406E-2
630.010	1.99976E-2
632.032	1.99497E-2
634.053	2.00600E-2
636.072	1.99482E-2
638.093	1.99839E-2
640.114	2.00593E-2
642.133	1.99270E-2
644.149	1.99881E-2
646.173	2.00678E-2
648.197	1.99545E-2
650.211	1.99902E-2
652.232	2.00481E-2
654.251	1.99590E-2
656.272	1.99812E-2
658.293	2.00347E-2
660.312	2.00115E-2
662.333	1.99421E-2
664.352	1.99946E-2
666.373	2.00193E-2
668.400	2.00361E-2
670.426	1.99845E-2
672.435	1.99473E-2
674.456	1.99824E-2
676.475	2.00015E-2
678.496	2.00191E-2
682.536	2.00014E-2
686.579	1.99844E-2
688.600	1.99693E-2
690.619	1.99533E-2
692.640	1.99584E-2
694.659	1.99687E-2
700.720	1.99632E-2
702.742	2.00011E-2
706.782	1.99856E-2
708.803	2.00018E-2
718.907	1.99849E-2
729.016	1.99741E-2
731.027	1.99705E-2
733.046	1.99632E-2
735.072	1.99852E-2
737.094	2.00017E-2
739.110	2.00174E-2
741.128	2.00018E-2
745.171	1.99911E-2
747.192	1.99844E-2
751.230	1.99694E-2
753.251	1.99522E-2
755.273	1.99441E-2
757.294	2.00156E-2
759.325	2.00243E-2
761.339	1.99964E-2
763.353	1.99708E-2
765.374	1.99948E-2
767.395	2.00025E-2
769.414	1.99848E-2
771.435	2.00163E-2
773.454	1.99875E-2
775.475	2.00017E-2
777.497	2.00072E-2
779.518	1.99843E-2
781.537	2.00141E-2
783.558	2.00033E-2
785.577	1.99841E-2
787.598	2.00176E-2
789.619	1.99944E-2
791.638	1.99848E-2
793.659	2.00191E-2
795.681	1.99772E-2
797.702	1.99996E-2
799.721	2.00189E-2
801.742	1.99752E-2
803.761	2.00008E-2
805.782	2.00054E-2
807.803	1.99840E-2
809.822	2.00167E-2
811.844	1.99898E-2
813.865	1.99837E-2
815.884	2.00170E-2
817.905	2.00063E-2
819.929	1.99851E-2
821.945	2.00018E-2
834.068	1.99980E-2
836.089	1.99852E-2
842.148	1.99680E-2
844.169	1.99615E-2
846.190	1.99571E-2
848.212	1.99835E-2
850.230	2.00019E-2
854.273	1.99849E-2
858.326	2.00014E-2
864.387	1.99852E-2
870.449	1.99683E-2
872.467	1.99529E-2
874.489	1.99943E-2
876.510	2.00361E-2
878.529	2.00194E-2
880.550	2.00051E-2
882.569	2.00012E-2
884.595	1.99855E-2
888.635	1.99672E-2
890.657	1.99781E-2
892.673	2.00061E-2
894.694	1.99846E-2
896.713	2.00067E-2
898.734	2.00024E-2
900.756	1.99844E-2
902.774	2.00179E-2
904.793	1.99845E-2
906.817	1.99988E-2
908.836	2.00191E-2
910.857	1.99842E-2
912.876	2.00009E-2
914.902	2.00078E-2
916.918	1.99845E-2
918.945	2.00065E-2
920.958	2.00040E-2
922.977	1.99846E-2
925.009	2.00014E-2
927.020	2.00182E-2
929.041	1.99868E-2
931.060	1.99987E-2
933.081	2.00192E-2
935.100	1.99853E-2
937.124	2.00005E-2
939.142	2.00184E-2
941.161	1.99859E-2
943.183	2.00106E-2
945.204	2.00036E-2
947.228	1.99850E-2
949.249	2.00168E-2
951.268	1.99890E-2
953.284	1.99970E-2
955.305	2.00016E-2
957.327	2.00119E-2
959.350	1.99841E-2
963.385	2.00014E-2
965.407	2.00179E-2
967.428	2.00017E-2
973.487	1.99840E-2
981.569	1.99804E-2
983.593	1.99727E-2
985.617	1.99677E-2
991.671	1.99835E-2
995.713	1.99796E-2
999.754	1.99841E-2
1001.775	1.99733E-2
1003.804	1.99689E-2
1005.815	2.00112E-2
1007.836	2.00074E-2
1009.855	2.00016E-2
1011.876	1.99850E-2
1013.898	2.00013E-2
1015.921	1.99892E-2
1017.943	2.00009E-2
1019.961	2.00189E-2
1021.980	1.99857E-2
1023.999	2.00011E-2
1026.020	2.00082E-2
1028.039	1.99840E-2
1030.060	1.99987E-2
1032.079	2.00103E-2
1034.100	1.99843E-2
1036.122	2.00018E-2
1044.204	1.99854E-2
1050.263	1.99685E-2
1054.306	1.99522E-2
1056.330	1.99684E-2
1058.346	2.00010E-2
1060.367	2.00153E-2
1062.386	1.99841E-2
1064.407	2.00012E-2
1066.429	2.00177E-2
1068.447	2.00032E-2
1070.469	1.99842E-2
1072.487	2.00014E-2
1074.509	2.00179E-2
1076.530	2.00019E-2
1080.570	2.00070E-2
1082.594	1.99844E-2
1084.613	2.00000E-2
1086.631	2.00192E-2
1088.655	2.00019E-2
1090.674	1.99842E-2
1092.693	2.00069E-2
1094.714	2.00016E-2
1096.733	2.00155E-2
1098.754	1.99851E-2
1106.837	1.99680E-2
1110.877	1.99633E-2
1112.898	2.00340E-2
1114.917	2.00537E-2
1116.938	2.00370E-2
1118.957	2.00194E-2
1123.000	1.99861E-2
1127.040	2.00014E-2
1135.122	2.00191E-2
1137.141	2.00020E-2
1149.264	1.99971E-2
1151.285	1.99869E-2
1153.304	1.99846E-2
1161.386	1.99692E-2
1165.429	2.00089E-2
1167.448	2.00473E-2
1169.469	2.00137E-2
1171.488	1.99846E-2
1173.509	1.99697E-2
1177.549	1.99920E-2
1179.571	2.00388E-2
1181.592	1.99908E-2
1183.613	1.99556E-2
1185.632	2.00321E-2
1187.653	2.00066E-2
1189.672	1.99696E-2
1191.693	2.00082E-2
1193.715	2.00302E-2
1195.733	1.99720E-2
1197.755	1.99810E-2
1199.773	2.00425E-2
1201.795	1.99761E-2
1203.816	1.99726E-2
1205.837	2.00328E-2
1207.856	1.99617E-2
1209.875	2.00079E-2
1211.896	2.00315E-2
1213.920	1.99511E-2
1215.941	2.00061E-2
1217.960	2.00111E-2
1219.981	1.99599E-2
1222.000	2.00514E-2
1224.021	1.99908E-2
1226.043	1.99747E-2
1228.064	2.00450E-2
1230.083	1.99637E-2
1232.104	1.99892E-2
1234.125	2.00464E-2
1236.149	1.99560E-2
1238.168	2.00122E-2
1240.187	2.00023E-2
1242.205	1.99630E-2
1244.227	2.00492E-2
1246.248	1.99684E-2
1248.269	2.00071E-2
1250.288	2.00295E-2
1252.307	1.99549E-2
1254.328	2.00338E-2
1256.350	1.99705E-2
1258.368	2.00070E-2
1260.392	2.00244E-2
1262.408	1.99577E-2
1264.432	2.00456E-2
1266.451	1.99895E-2
1268.472	1.99782E-2
1270.494	2.00332E-2
1272.512	1.99546E-2
1274.531	2.00278E-2
1276.552	2.00070E-2
1278.574	1.99617E-2
1280.595	2.00498E-2
1282.614	1.99713E-2
1284.635	1.99863E-2
1286.654	2.00417E-2
1288.675	1.99539E-2
1290.694	2.00158E-2
1292.715	2.00107E-2
1294.736	1.99647E-2
1296.758	2.00502E-2
1298.776	1.99604E-2
1300.798	1.99966E-2
1302.819	2.00293E-2
1304.838	1.99605E-2
1306.859	2.00300E-2
1308.880	1.99886E-2
1310.902	1.99671E-2
1312.923	2.00448E-2
1314.942	1.99743E-2
1318.984	2.00349E-2
1321.003	1.99914E-2
1323.024	1.99732E-2
1325.046	2.00286E-2
1327.067	2.00041E-2
1329.086	1.99664E-2
1331.107	2.00195E-2
1333.126	2.00139E-2
1335.147	1.99687E-2
1337.169	2.00179E-2
1341.209	1.99657E-2
1343.227	1.99992E-2
1345.249	2.00191E-2
1347.270	2.00137E-2
1349.291	1.99519E-2
1351.310	1.99854E-2
1353.329	2.00184E-2
1357.371	2.00139E-2
1359.393	1.99851E-2
1361.411	2.00017E-2
1363.433	2.00187E-2
1365.454	2.00035E-2
1367.478	1.99692E-2
1369.494	1.99981E-2
1371.513	2.00175E-2
1373.534	2.00199E-2
1375.555	2.00075E-2
1377.577	1.99512E-2
1379.598	1.99817E-2
1381.617	2.00005E-2
1389.697	1.99847E-2
1393.742	2.09369E-2
1395.758	2.97888E-2
1397.785	2.82960E-2
1399.801	3.01068E-2
1401.820	2.98416E-2
1403.846	2.99867E-2
1405.867	3.00222E-2
1407.881	3.00306E-2
1409.902	3.00488E-2
1411.921	3.00425E-2
1413.942	3.00291E-2
1415.964	3.00238E-2
1417.985	3.00143E-2
1420.004	2.99990E-2
1422.025	2.99688E-2
1424.044	2.99766E-2
1426.068	2.99836E-2
1428.117	3.00019E-2
1430.105	3.00130E-2
1432.142	3.00233E-2
1434.171	3.00325E-2
1436.192	3.00449E-2
1438.219	2.99930E-2
1440.235	3.00268E-2
1442.259	3.00019E-2
1444.280	2.99751E-2
1446.299	3.00237E-2
1450.336	2.99876E-2
1452.355	2.99816E-2
1454.376	3.00032E-2
1456.398	3.00157E-2
1458.419	2.99841E-2
1460.445	3.00184E-2
1462.464	3.00017E-2
1468.520	3.00199E-2
1470.539	2.99997E-2
1472.558	3.00089E-2
1474.582	2.99936E-2
1476.600	3.00007E-2
1478.624	3.00251E-2
1480.643	3.00023E-2
1484.681	2.99941E-2
1486.704	2.99890E-2
1488.723	2.99911E-2
1490.742	2.99873E-2
1492.766	2.99940E-2
1496.803	2.99863E-2
1498.827	2.99745E-2
1500.846	2.99650E-2
1502.865	2.99902E-2
1504.889	2.99932E-2
1506.907	2.99974E-2
1510.950	2.99852E-2
1512.969	3.00062E-2
1514.987	2.99936E-2
1517.011	2.99969E-2
1519.030	3.00117E-2
1521.049	2.99874E-2
1523.068	3.00054E-2
1525.091	2.99932E-2
1527.110	3.00112E-2
1529.134	2.99915E-2
1533.171	3.00031E-2
1535.195	2.99858E-2
1537.214	3.00009E-2
1539.238	2.99974E-2
1541.257	3.00057E-2
1543.275	2.99899E-2
1545.299	3.00016E-2
1547.318	2.99822E-2
1549.342	3.00007E-2
1551.361	3.00154E-2
1553.374	2.99926E-2
1555.403	3.00060E-2
1559.436	3.00018E-2
1561.460	3.00092E-2
1563.478	3.00035E-2
1567.521	2.99944E-2
1571.569	3.00063E-2
1573.582	2.99937E-2
1575.601	2.99986E-2
1579.644	2.99939E-2
1585.705	2.99850E-2
1587.724	3.00031E-2
1589.743	2.99942E-2
1591.766	2.99902E-2
1593.785	2.99943E-2
1595.804	2.99986E-2
1597.843	2.99956E-2
1603.889	2.99924E-2
1607.932	2.99806E-2
1611.974	3.02250E-2
1613.993	2.99842E-2
1616.012	3.00103E-2
1618.031	2.99926E-2
1622.073	3.00123E-2
1624.092	3.00021E-2
1626.111	3.00142E-2
1628.135	2.99936E-2
1632.172	2.99996E-2
1638.233	2.99944E-2
1640.257	3.00074E-2
1644.300	3.00034E-2
1646.314	2.99928E-2
1648.337	3.00016E-2
1650.356	3.00122E-2
1652.375	2.99904E-2
1654.399	2.99975E-2
1656.417	3.00151E-2
1658.436	2.99974E-2
1660.460	2.99940E-2
1662.479	3.00074E-2
1664.498	3.00143E-2
1666.521	3.00058E-2
1668.540	2.99881E-2
1670.564	3.00029E-2
1672.583	3.00070E-2
1676.620	2.99946E-2
1678.644	3.00046E-2
1680.668	2.99907E-2
1682.687	3.00105E-2
1684.706	2.99915E-2
1686.724	3.00042E-2
1688.743	3.00564E-2
1690.762	3.52424E-2
1692.786	3.91270E-2
1694.804	3.95947E-2
1696.828	3.98932E-2
1698.847	4.00190E-2
1700.866	4.00512E-2
1702.885	4.00324E-2
1704.908	4.00547E-2
1706.932	4.00741E-2
1708.951	4.00312E-2
1710.975	4.00182E-2
1712.989	4.00058E-2
1715.007	3.99722E-2
1717.031	4.00142E-2
1721.069	4.00250E-2
1723.092	4.00452E-2
1725.111	4.00102E-2
1727.130	3.99768E-2
1729.154	3.99697E-2
1731.173	3.99828E-2
1733.191	4.00086E-2
1737.234	4.00425E-2
1739.253	3.99997E-2
1743.300	3.99674E-2
1745.319	3.99818E-2
1747.338	4.00186E-2
1749.362	4.00306E-2
1751.386	3.99883E-2
1753.399	3.99747E-2
1755.418	3.99916E-2
1759.461	4.00361E-2
1761.479	4.00004E-2
1763.498	3.99497E-2
1765.522	4.00187E-2
1767.541	3.99765E-2
1769.570	4.00139E-2
1771.589	3.99963E-2
1773.602	4.00257E-2
1775.626	3.99910E-2
1777.645	4.00207E-2
1779.664	3.99930E-2
1783.701	4.00017E-2
1785.725	4.00208E-2
1787.744	3.99852E-2
1789.762	3.99958E-2
1791.786	4.00020E-2
1795.824	4.00128E-2
1797.848	4.00023E-2
1799.866	4.00123E-2
1801.885	3.99911E-2
1803.909	3.99805E-2
1805.928	4.00186E-2
1807.946	3.99750E-2
1809.970	4.00335E-2
1811.989	4.00089E-2
1814.008	3.99837E-2
1816.032	4.00130E-2
1818.056	4.00186E-2
1820.069	3.99998E-2
1822.093	3.99536E-2
1824.112	4.00326E-2
1826.131	3.99960E-2
1828.154	3.99840E-2
1830.173	3.99614E-2
1832.192	3.99991E-2
1834.216	4.00037E-2
1836.235	4.00136E-2
1838.253	4.00088E-2
1840.272	4.00043E-2
1842.296	3.99979E-2
1844.315	4.00140E-2
1846.338	3.99592E-2
1848.357	4.00031E-2
1850.381	4.00206E-2
1852.395	3.99580E-2
1854.419	4.00188E-2
1856.437	3.99665E-2
1858.456	4.00143E-2
1860.480	3.99989E-2
1862.499	4.00063E-2
1864.517	4.00327E-2
1866.541	4.00025E-2
1868.560	4.00104E-2
1872.603	3.99997E-2
1874.621	3.99583E-2
1876.640	4.00384E-2
1878.664	4.00177E-2
1880.688	3.99806E-2
1882.702	4.00154E-2
1884.725	4.00332E-2
1886.744	4.00277E-2
1888.763	3.99998E-2
1890.782	3.99665E-2
1892.806	3.99993E-2
1894.824	4.00367E-2
1896.848	3.99896E-2
1898.867	3.99634E-2
1900.886	4.00215E-2
1904.928	3.99923E-2
1906.947	3.99658E-2
1908.966	4.00361E-2
1910.990	3.99914E-2
1913.008	4.00194E-2
1915.032	4.00122E-2
1917.051	3.99848E-2
1919.070	4.00168E-2
1921.088	3.99728E-2
1923.112	4.00334E-2
1925.131	3.99985E-2
1927.150	3.99782E-2
1929.174	3.99673E-2
1931.218	4.00180E-2
1933.216	4.00368E-2
1935.235	3.99820E-2
1941.296	3.99548E-2
1943.315	4.00212E-2
1945.334	4.00094E-2
1947.358	4.00180E-2
1949.377	3.99694E-2
1951.395	3.99742E-2
1953.419	3.99618E-2
1955.438	3.99512E-2
1957.457	3.99826E-2
1959.481	4.00015E-2
1967.566	3.99921E-2
1971.603	4.00161E-2
1973.622	4.00060E-2
1975.641	4.00156E-2
1977.659	4.00262E-2
1979.683	4.00385E-2
1981.702	4.00485E-2
1983.726	4.00289E-2
1985.750	3.99905E-2
1987.763	4.00203E-2
1989.787	4.00076E-2
1991.806	3.99737E-2
1993.825	4.00078E-2
1997.867	3.99885E-2
1999.886	4.00167E-2
2001.910	4.00051E-2
2003.929	3.99561E-2
2005.953	3.99731E-2
2014.033	3.99939E-2
2018.075	4.00105E-2
2020.089	4.00178E-2
2022.113	4.00247E-2
2026.156	4.00519E-2
2028.174	4.00083E-2
2030.193	3.99816E-2
2032.217	4.00177E-2
2034.236	4.00247E-2
2036.259	4.00154E-2
2038.278	3.99740E-2
2040.297	4.00195E-2
2042.316	3.99772E-2
2044.340	3.99970E-2
2046.358	4.00040E-2
2050.416	4.00142E-2
2052.420	3.99962E-2
2056.462	4.00073E-2
2058.481	4.00178E-2
2060.505	3.99763E-2
2064.542	4.00296E-2
2066.561	4.00385E-2
2068.585	4.00034E-2
2070.604	3.99585E-2
2072.623	3.99693E-2
2074.646	4.00096E-2
2076.665	4.00428E-2
2078.689	4.00273E-2
2080.708	3.99900E-2
2082.727	3.99658E-2
2088.788	4.00135E-2
2090.812	3.99810E-2
2092.830	4.00075E-2
2094.849	3.99877E-2
2096.873	3.99796E-2
2098.892	3.99665E-2
2100.911	3.99458E-2
2102.934	3.99927E-2
2104.953	4.00039E-2
2106.972	3.99737E-2
2108.996	4.00063E-2
2115.057	4.00262E-2
2117.076	4.00491E-2
2121.113	3.99659E-2
2123.137	4.00396E-2
2125.156	3.99883E-2
2127.180	3.99731E-2
2129.199	4.00051E-2
2131.217	4.00401E-2
2133.236	4.00127E-2
2135.260	3.99600E-2
2137.279	3.99775E-2
2139.298	4.00034E-2
2141.327	4.00309E-2
2143.345	4.00180E-2
2145.364	4.00068E-2
2147.383	3.99893E-2
2149.407	3.99729E-2
2151.420	3.99877E-2
2153.444	4.00310E-2
2155.463	4.00257E-2
2157.482	3.99691E-2
2159.505	3.99883E-2
2161.524	4.00353E-2
2163.543	4.00219E-2
2165.567	3.99618E-2
2167.586	3.99675E-2
2169.604	4.00075E-2
2171.628	3.99596E-2
2173.647	3.99463E-2
2175.671	3.99548E-2
2177.695	3.99691E-2
2179.708	3.99760E-2
2181.727	4.00030E-2
2183.751	3.99809E-2
2185.775	3.99870E-2
2187.788	3.99746E-2
2191.836	3.99692E-2
2195.874	4.00685E-2
2197.892	4.00728E-2
2199.911	4.00271E-2
2201.930	3.99972E-2
2203.954	4.00036E-2
2205.973	4.00108E-2
2207.996	4.00026E-2
2210.015	3.99901E-2
2212.034	4.00074E-2
2214.058	4.00186E-2
2216.082	3.99963E-2
2218.095	4.00209E-2
2220.119	4.00124E-2
2222.138	4.00072E-2
2224.157	4.00024E-2
2226.180	3.99931E-2
2228.199	3.99983E-2
2230.218	3.99770E-2
2232.237	3.99850E-2
2236.279	3.99925E-2
2238.298	4.00107E-2
2240.322	3.99924E-2
2242.341	4.00123E-2
2244.375	4.00035E-2
2246.383	4.00180E-2
2248.402	4.00048E-2
2250.421	3.99913E-2
2258.506	4.00016E-2
2260.525	3.99973E-2
2264.567	3.99870E-2
2266.586	4.00135E-2
2270.624	4.00044E-2
2274.666	3.99991E-2
2276.690	4.00151E-2
2278.709	3.99909E-2
2282.751	4.00064E-2
2284.770	3.99968E-2
2286.789	4.00140E-2
2288.828	4.00055E-2
2290.832	4.00113E-2
2292.850	4.00203E-2
2296.893	4.00272E-2
2298.912	4.00224E-2
2300.936	4.00351E-2
2302.954	3.99538E-2
2304.973	3.99694E-2
2311.034	3.99761E-2
2313.053	3.99902E-2
2315.077	4.00028E-2
2319.115	3.99911E-2
2323.157	3.99816E-2
2325.181	3.99902E-2
2333.271	3.99790E-2
2335.290	3.99697E-2
2337.309	3.99758E-2
2339.328	4.00385E-2
2341.352	4.00177E-2
2343.370	4.00087E-2
2347.413	4.00040E-2
2349.432	4.00352E-2
2351.456	4.00239E-2
2353.474	4.00092E-2
2355.493	3.99932E-2
2357.512	4.00062E-2
2361.554	3.99946E-2
2363.578	4.00047E-2
2365.597	3.99915E-2
2367.616	4.00091E-2
2369.634	3.99959E-2
2371.658	4.00160E-2
2373.677	3.99852E-2
2375.696	4.00023E-2
2379.738	3.99930E-2
2383.781	4.00072E-2
2385.805	4.00014E-2
2387.819	4.00163E-2
2391.861	3.99908E-2
2393.880	4.00195E-2
2395.904	4.00043E-2
2397.923	4.00197E-2
2399.946	4.00296E-2
2401.970	4.00215E-2
2403.984	4.00102E-2
2406.003	4.00035E-2
2408.027	4.00160E-2
2410.045	4.00038E-2
2412.064	3.99894E-2
2414.088	3.99751E-2
2420.149	3.99701E-2
2422.173	3.99790E-2
2426.211	3.99924E-2
2434.322	4.00236E-2
2436.309	3.99897E-2
2438.333	4.00055E-2
2442.371	4.00304E-2
2446.413	4.00401E-2
2450.451	3.99641E-2
2452.490	3.99862E-2
2456.538	3.99723E-2
2460.581	4.00053E-2
2462.599	3.99856E-2
2464.623	3.99942E-2
2466.642	3.99995E-2
2468.661	4.00109E-2
2470.680	3.99820E-2
2472.703	4.00087E-2
2474.722	3.99934E-2
2478.765	4.00196E-2
2480.783	3.99962E-2
2482.807	3.99911E-2
2484.831	4.00013E-2
2486.845	4.00120E-2
2488.864	4.00038E-2
2492.906	3.99923E-2
2494.930	4.00201E-2
2496.949	4.00276E-2
2498.968	4.00235E-2
2505.029	4.00314E-2
2507.048	3.99846E-2
2509.072	4.00152E-2
2511.090	3.99716E-2
2513.109	4.00070E-2
2515.133	4.00204E-2
2517.162	4.00147E-2
2521.194	4.00074E-2
2523.213	3.99705E-2
2525.232	4.00245E-2
2527.256	4.00181E-2
2529.274	3.99886E-2
2531.293	3.99781E-2
2533.317	3.99640E-2
2535.336	3.99956E-2
2537.360	3.99682E-2
2539.378	4.00167E-2
2541.397	4.00327E-2
2543.416	4.00281E-2
2545.440	4.00119E-2
2547.458	3.99775E-2
2551.501	4.00021E-2
2553.520	4.00250E-2
2555.539	4.00153E-2
2557.562	3.99807E-2
2559.581	3.99858E-2
2561.600	4.00046E-2
2563.629	4.00430E-2
2565.643	4.00029E-2
2567.661	3.99731E-2
2571.704	4.00102E-2
2573.728	4.00279E-2
2575.747	4.00210E-2
2577.765	3.99742E-2
2581.803	3.99962E-2
2583.827	4.00176E-2
2585.845	4.00402E-2
2587.864	3.99857E-2
2589.888	3.99782E-2
2591.907	4.00163E-2
2593.926	3.99733E-2
2595.949	4.00039E-2
2597.968	3.99749E-2
2599.987	4.00090E-2
2602.011	3.99880E-2
2606.048	4.00434E-2
2608.072	3.99881E-2
2612.115	4.00206E-2
2614.139	3.99841E-2
2616.152	4.00312E-2
2618.171	3.99930E-2
2622.214	3.99840E-2
2624.232	4.00226E-2
2626.256	3.99885E-2
2628.275	4.00505E-2
2630.294	4.00007E-2
2632.318	3.99870E-2
2636.355	3.99805E-2
2638.379	4.00076E-2
2640.403	3.99907E-2
2642.416	4.00251E-2
2644.440	4.00035E-2
2646.464	3.99898E-2
2648.483	4.00440E-2
2650.512	3.99945E-2
2652.526	3.99792E-2
2654.539	3.99965E-2
2656.563	4.00013E-2
2658.582	3.99920E-2
2660.601	3.99874E-2
2662.624	4.00136E-2
2664.648	3.99856E-2
2666.667	4.00210E-2
2668.681	3.99907E-2
2670.704	4.00435E-2
2672.723	3.99840E-2
2674.742	4.00347E-2
2676.771	3.99695E-2
2678.785	3.99750E-2
2680.803	3.99985E-2
2682.827	4.00231E-2
2684.846	4.00336E-2
2686.865	3.99912E-2
2690.907	4.00412E-2
2692.931	3.99743E-2
2694.950	4.00201E-2
2696.969	4.00014E-2
2698.993	3.99800E-2
2701.011	4.00161E-2
2703.030	3.99864E-2
2705.049	3.99947E-2
2707.073	4.00197E-2
2709.097	3.99971E-2
2713.134	4.00196E-2
2717.172	4.00302E-2
2719.206	4.00385E-2
2723.233	4.00124E-2
2725.252	3.99934E-2
2727.275	4.00030E-2
2729.294	3.99985E-2
2731.318	4.00098E-2
2733.337	4.00023E-2
2735.356	4.00070E-2
2743.436	4.00136E-2
2745.460	4.00207E-2
2751.526	4.00279E-2
2753.545	4.00362E-2
2755.558	3.99559E-2
2757.582	3.99435E-2
2759.601	3.99656E-2
2761.620	3.99852E-2
2763.644	3.99805E-2
2767.681	3.99889E-2
2769.705	3.99736E-2
2773.743	3.99574E-2
2775.766	4.00291E-2
2777.790	3.99991E-2
2779.809	3.99949E-2
2783.852	4.00006E-2
2785.870	3.99935E-2
2789.908	4.00003E-2
2791.927	4.00047E-2
2795.969	3.99983E-2
2797.988	3.99860E-2
2800.007	4.00371E-2
2802.031	4.00048E-2
2804.049	3.99921E-2
2806.068	3.99794E-2
2808.097	3.99995E-2
2810.111	4.00192E-2
2812.129	3.99783E-2
2814.153	4.00027E-2
2816.172	4.00249E-2
2820.215	3.99711E-2
2822.233	3.99978E-2
2824.252	4.00254E-2
2828.295	3.99719E-2
2830.314	3.99788E-2
2832.337	4.00186E-2
2834.356	4.00278E-2
2836.375	3.99997E-2
2838.399	3.99890E-2
2840.418	3.99630E-2
2842.441	3.99901E-2
2844.460	3.99977E-2
2846.479	4.00226E-2
2848.498	4.00326E-2
2850.522	3.99870E-2
2852.540	3.99755E-2
2854.559	3.99696E-2
2856.578	4.00049E-2
2858.607	4.00285E-2
2862.644	3.99691E-2
2864.663	3.99821E-2
2866.682	4.00099E-2
2868.700	4.00207E-2
2870.724	3.99699E-2
2872.743	3.99869E-2
2874.767	3.99909E-2
2876.786	4.00143E-2
2878.815	4.00358E-2
2880.828	3.99935E-2
2882.847	3.99715E-2
2886.885	4.00086E-2
2888.919	4.00241E-2
2890.932	4.00394E-2
2892.951	3.99744E-2
2896.989	3.99899E-2
2899.007	4.00092E-2
2901.031	4.00377E-2
2903.050	3.99775E-2
2905.069	3.99908E-2
2907.093	4.00188E-2
2911.130	3.99835E-2
2913.154	3.99664E-2
2915.173	3.99868E-2
2917.196	4.00120E-2
2919.215	4.00273E-2
2921.234	4.00011E-2
2923.268	3.99868E-2
2925.271	3.99758E-2
2927.295	3.99997E-2
2929.314	4.00116E-2
2931.338	4.00298E-2
2933.357	4.00052E-2
2939.418	4.00117E-2
2941.442	3.99791E-2
2943.456	3.99646E-2
2947.498	3.99824E-2
2949.522	3.99968E-2
2951.541	4.00288E-2
2953.560	4.00142E-2
2955.589	3.99819E-2
2959.626	4.00160E-2
2961.640	4.00325E-2
2963.664	4.00271E-2
2965.682	3.99982E-2
2967.701	3.99692E-2
2969.730	3.99644E-2
2971.749	3.99925E-2
2973.768	4.00395E-2
2975.786	4.00258E-2
2977.805	4.00172E-2
2979.824	3.99927E-2
2981.848	3.99692E-2
2985.885	4.00239E-2
2987.909	4.00143E-2
2989.928	3.99604E-2
2991.946	4.00249E-2
2993.970	4.00117E-2
2995.989	3.99804E-2
2998.008	3.99893E-2
3000.032	4.00261E-2
3002.050	3.99861E-2
3004.069	4.00190E-2
3006.093	3.99599E-2
3008.112	3.99874E-2
3010.131	3.99969E-2
3012.154	3.99853E-2
3014.173	3.99921E-2
3016.192	3.99831E-2
3020.235	3.99886E-2
3022.258	3.99841E-2
3024.272	3.99709E-2
3026.296	4.00081E-2
3028.320	4.00206E-2
3032.362	4.00135E-2
3034.381	4.00229E-2
3036.400	4.00341E-2
3038.419	4.00052E-2
3040.437	4.00129E-2
3044.480	3.99912E-2
3046.499	3.99853E-2
3052.560	3.99754E-2
3054.584	3.99679E-2
3058.621	3.99870E-2
3060.645	4.00125E-2
3062.664	3.99922E-2
3064.688	4.00185E-2
3066.707	4.00023E-2
3068.725	3.99904E-2
3072.768	4.00120E-2
3074.787	3.99765E-2
3076.806	4.00093E-2
3078.829	4.00021E-2
3080.848	3.99980E-2
3082.867	4.00041E-2
3084.891	4.00130E-2
3086.910	4.00175E-2
3094.990	4.00114E-2
3097.014	4.00034E-2
3099.032	3.99985E-2
3103.075	3.99920E-2
3105.094	3.99752E-2
3107.112	3.99815E-2
3109.136	3.99964E-2
3111.155	3.99769E-2
3113.174	4.00139E-2
3115.192	3.99867E-2
3119.235	3.99980E-2
3121.259	4.00176E-2
3123.278	3.99952E-2
3125.296	3.99743E-2
3127.320	4.00062E-2
3129.339	4.00194E-2
3131.363	4.00098E-2
3139.443	3.99996E-2
3145.504	4.00078E-2
3147.528	3.99981E-2
3149.547	3.99781E-2
3151.561	3.99908E-2
3153.585	4.00038E-2
3157.622	4.00122E-2
3159.646	3.99932E-2
3161.670	4.00167E-2
3163.689	3.99856E-2
3165.707	3.99929E-2
3167.726	4.00069E-2
3171.769	4.00215E-2
3173.787	3.99952E-2
3179.849	3.99828E-2
3181.867	4.00010E-2
3183.891	4.00160E-2
3185.910	4.00104E-2
3187.929	4.00013E-2
3189.953	3.99822E-2
3191.971	4.00036E-2
3193.990	3.99850E-2
3196.009	4.00019E-2
3200.057	3.99887E-2
3202.075	3.99843E-2
3206.113	3.99888E-2
3208.132	3.99986E-2
3214.193	4.00031E-2
3216.217	3.99938E-2
3218.236	3.99798E-2
3222.278	3.99742E-2
3226.316	4.00388E-2
3232.382	3.99953E-2
3234.401	4.00195E-2
3236.420	4.00031E-2
3238.444	3.99849E-2
3240.462	4.00203E-2
3242.486	3.99907E-2
3244.505	3.99781E-2
3246.524	4.00076E-2
3248.542	4.00129E-2
3250.566	3.99905E-2
3254.604	3.99863E-2
3256.628	4.00002E-2
3258.646	4.00212E-2
3260.670	3.99912E-2
3262.689	3.99839E-2
3264.708	3.99931E-2
3268.750	4.00109E-2
3270.769	3.99979E-2
3272.788	3.99801E-2
3274.812	4.00050E-2
3278.854	3.99905E-2
3280.873	3.99864E-2
3282.892	3.99959E-2
3284.911	4.00129E-2
3286.935	4.00012E-2
3288.964	3.99963E-2
3292.996	4.00048E-2
3295.015	4.00153E-2
3297.033	3.99992E-2
3299.057	3.99788E-2
3301.076	3.99948E-2
3303.095	4.00064E-2
3305.113	3.99820E-2
3307.137	3.99945E-2
3309.156	3.99901E-2
3311.180	3.99994E-2
3317.236	4.00102E-2
3319.260	3.99950E-2
3321.279	3.99898E-2
3323.298	4.00008E-2
3325.321	3.99940E-2
3331.383	3.99900E-2
3333.402	4.00063E-2
3335.420	4.00007E-2
3341.487	3.99939E-2
3343.506	4.00002E-2
3351.596	4.00121E-2
3353.615	3.99808E-2
3355.633	4.00031E-2
3363.713	3.99953E-2
3365.737	3.99853E-2
3367.756	3.99670E-2
3369.775	3.99545E-2
3371.799	3.99666E-2
3373.817	3.99802E-2
3375.847	3.99983E-2
3377.865	4.00105E-2
3379.884	3.99698E-2
3381.903	4.00021E-2
3383.921	4.00467E-2
3385.940	3.99857E-2
3387.959	3.99618E-2
3389.983	4.00026E-2
3392.002	4.00149E-2
3396.044	3.99789E-2
3398.063	4.00126E-2
3400.082	4.00279E-2
3402.106	3.99714E-2
3404.124	4.00100E-2
3406.143	3.99885E-2
3408.167	4.00062E-2
3410.201	4.00022E-2
3412.210	3.99762E-2
3414.228	4.00046E-2
3416.252	3.99727E-2
3418.266	4.00103E-2
3420.284	3.99967E-2
3422.324	3.99904E-2
3424.327	3.99998E-2
3426.351	3.99918E-2
3428.370	4.00298E-2
3430.388	4.00096E-2
3432.407	3.99789E-2
3434.431	3.99907E-2
3436.450	4.00123E-2
3438.469	3.99977E-2
3442.511	4.00026E-2
3444.530	4.00067E-2
3448.578	4.00169E-2
3450.617	4.00025E-2
3452.615	3.99978E-2
3456.653	3.99907E-2
3458.677	3.99749E-2
3460.700	3.99872E-2
3462.714	4.00140E-2
3464.743	3.99970E-2
3466.757	4.00269E-2
3468.781	3.99992E-2
3470.799	3.99820E-2
3472.833	4.00298E-2
3474.863	3.99863E-2
3476.886	3.99973E-2
3480.929	4.00420E-2
3482.948	3.99730E-2
3484.967	4.00223E-2
3486.990	3.99693E-2
3489.009	3.99924E-2
3491.038	4.00190E-2
3493.052	3.99777E-2
3497.094	4.00088E-2
3499.113	3.99823E-2
3501.132	4.00112E-2
3503.151	3.99780E-2
3505.174	4.00199E-2
3507.193	3.99961E-2
3509.212	3.99878E-2
3511.236	4.00218E-2
3513.255	4.00021E-2
3521.335	4.00063E-2
3523.359	3.99951E-2
3525.377	4.00035E-2
3527.396	4.00233E-2
3535.476	4.00343E-2
3537.500	3.99990E-2
3539.519	4.00090E-2
3541.538	3.99892E-2
3545.580	4.00020E-2
3547.599	3.99795E-2
3549.623	3.99839E-2
3551.641	3.99903E-2
3553.665	3.99861E-2
3555.694	3.99939E-2
3557.703	3.99870E-2
3561.745	3.99712E-2
3563.764	3.99592E-2
3565.788	4.00287E-2
3567.807	3.99912E-2
3569.826	3.99866E-2
3573.868	4.00258E-2
3575.887	3.99902E-2
3579.930	4.00003E-2
3585.986	4.00140E-2
3588.015	4.00033E-2
3596.095	3.99876E-2
3602.151	3.99971E-2
3604.170	4.00226E-2
3606.194	3.99873E-2
3608.213	4.00061E-2
3610.236	4.00254E-2
3612.255	3.99768E-2
3618.316	4.00080E-2
3620.335	4.00386E-2
3622.354	3.99786E-2
3624.378	3.99742E-2
3626.397	3.99808E-2
3628.426	3.99921E-2
3630.444	4.00306E-2
3632.458	4.00249E-2
3634.477	3.99923E-2
3638.519	4.00350E-2
3640.538	3.99850E-2
3642.562	4.00093E-2
3644.581	4.00038E-2
3646.599	3.99729E-2
3648.623	4.00062E-2
3650.642	3.99969E-2
3652.661	3.99722E-2
3656.703	3.99932E-2
3658.722	4.00199E-2
3660.746	4.00242E-2
3662.765	4.00001E-2
3664.789	3.99724E-2
3666.807	3.99977E-2
3668.826	4.00306E-2
3670.845	4.00264E-2
3672.864	3.99679E-2
3674.887	3.99821E-2
3676.906	3.99972E-2
3678.930	4.00219E-2
3680.954	4.00403E-2
3682.973	3.99655E-2
3684.986	3.99840E-2
3687.010	4.00141E-2
3689.029	4.00344E-2
3691.048	3.99615E-2
3693.072	3.99923E-2
3695.090	4.00202E-2
3697.114	4.00111E-2
3699.133	3.99788E-2
3701.152	3.99663E-2
3703.170	3.99759E-2
3705.194	4.00032E-2
3707.213	4.00203E-2
3709.232	4.00299E-2
3713.274	4.00055E-2
3715.293	3.99744E-2
3719.336	3.99626E-2
3721.355	4.00058E-2
3723.384	4.00300E-2
3725.402	4.00392E-2
3727.416	3.99973E-2
3729.440	3.99682E-2
3731.464	3.99919E-2
3733.488	4.00153E-2
3735.501	4.00224E-2
3737.520	4.00328E-2
3739.539	3.99969E-2
3741.562	3.99633E-2
3743.581	3.99840E-2
3745.600	3.99973E-2
3747.624	4.00286E-2
3751.661	4.00095E-2
3753.680	3.99679E-2
3755.704	3.99816E-2
3757.728	4.00114E-2
3759.741	4.00169E-2
3763.784	3.99902E-2
3765.813	3.99626E-2
3767.832	3.99726E-2
3771.864	4.00004E-2
3773.888	4.00386E-2
3775.912	4.00087E-2
3777.926	3.99780E-2
3779.949	3.99830E-2
3781.968	4.00133E-2
3783.987	3.99970E-2
3786.011	3.99894E-2
3788.030	4.00201E-2
3792.072	3.99873E-2
3794.091	4.00107E-2
3798.134	3.99856E-2
3800.152	4.00084E-2
3802.181	4.00311E-2
3804.195	4.00088E-2
3806.214	3.99843E-2
3808.232	3.99700E-2
3810.256	4.00373E-2
3812.275	4.00137E-2
3814.294	3.99750E-2
3816.318	3.99796E-2
3818.336	3.99880E-2
3820.355	4.00258E-2
3822.374	4.00300E-2
3826.416	4.00103E-2
3828.440	3.99781E-2
3830.459	3.99529E-2
3832.478	4.00211E-2
3836.520	3.99881E-2
3838.544	3.99772E-2
3840.563	3.99682E-2
3842.582	4.00241E-2
3844.616	4.00323E-2
3846.624	4.00226E-2
3848.643	4.00005E-2
3850.662	3.99885E-2
3852.681	3.99832E-2
3854.705	3.99711E-2
3856.723	3.99665E-2
3858.742	3.99992E-2
3860.766	4.00148E-2
3862.785	4.00272E-2
3864.803	4.00331E-2
3866.827	4.00045E-2
3868.846	3.99558E-2
3870.865	3.99839E-2
3872.883	3.99989E-2
3874.907	4.00225E-2
3876.926	4.00069E-2
3878.950	3.99596E-2
3880.969	4.00058E-2
3882.987	4.00269E-2
3885.011	4.00072E-2
3887.030	3.99946E-2
3889.049	3.99703E-2
3891.068	3.99973E-2
3893.097	4.00349E-2
3895.110	3.99958E-2
3897.134	3.99740E-2
3899.153	3.99934E-2
3901.172	4.00243E-2
3903.195	3.99777E-2
3905.214	4.00230E-2
3907.233	4.00155E-2
3909.252	3.99829E-2
3911.276	3.99937E-2
3913.294	4.00111E-2
3915.318	3.99742E-2
3917.337	4.00089E-2
3919.356	3.99962E-2
3921.374	3.99864E-2
3923.398	4.00098E-2
3925.417	4.00154E-2
3927.436	3.99861E-2
3929.475	4.00026E-2
3931.483	4.00102E-2
3933.497	4.00043E-2
3935.521	3.99937E-2
3937.540	3.99995E-2
3939.558	3.99885E-2
3943.632	3.99996E-2
3951.681	4.00119E-2
3953.705	4.00180E-2
3955.724	3.99992E-2
3957.748	4.00206E-2
3959.766	3.99752E-2
3961.785	4.00105E-2
3967.847	3.99794E-2
3969.865	4.00139E-2
3971.889	3.99968E-2
3973.908	4.00023E-2
3975.927	3.99934E-2
3977.951	3.99831E-2
3979.974	3.99746E-2
3990.084	4.00170E-2
3994.111	4.00215E-2
3996.129	4.00331E-2
4000.172	4.00256E-2
4002.191	3.99679E-2
4004.225	3.99719E-2
4006.239	3.99761E-2
4012.295	3.99853E-2
4016.337	4.00053E-2
4022.399	3.99958E-2
4024.418	4.00171E-2
4028.460	4.00241E-2
4032.498	4.00135E-2
4034.522	4.00092E-2
4036.540	3.99967E-2
4038.559	4.00039E-2
4040.578	4.00189E-2
4042.602	4.00032E-2
4044.620	4.00086E-2
4046.644	3.99948E-2
4048.663	4.00098E-2
4050.682	4.00226E-2
4052.700	3.99899E-2
4054.724	4.00111E-2
4056.743	3.99900E-2
4058.762	4.00193E-2
4060.786	4.00146E-2
4064.828	3.99618E-2
4066.847	3.99889E-2
4068.866	4.00518E-2
4070.885	4.00215E-2
4072.908	3.99941E-2
4074.932	3.99840E-2
4076.951	3.99642E-2
4080.989	3.99745E-2
4083.012	3.99944E-2
4085.031	4.00405E-2
4087.055	4.00128E-2
4089.074	3.99804E-2
4091.093	4.00035E-2
4093.111	4.00134E-2
4095.135	3.99729E-2
4097.154	4.00244E-2
4099.173	4.00012E-2
4101.197	3.99820E-2
4103.215	4.00332E-2
4105.239	3.99878E-2
4107.258	4.00150E-2
4109.277	3.99758E-2
4111.301	3.99629E-2
4113.324	3.99679E-2
4117.357	3.99850E-2
4121.410	4.00084E-2
4123.423	4.00017E-2
4127.461	3.99976E-2
4129.479	4.00075E-2
4131.503	3.99790E-2
4133.527	4.00019E-2
4135.541	4.00229E-2
4137.565	3.99996E-2
4143.626	3.99928E-2
4145.645	3.99979E-2
4147.664	3.99914E-2
4149.687	4.00006E-2
4153.725	4.00051E-2
4157.768	4.00003E-2
4159.786	4.00063E-2
4161.805	4.00007E-2
4163.829	4.00150E-2
4165.848	3.99981E-2
4173.928	4.00149E-2
4175.952	4.00013E-2
4177.970	3.99969E-2
4179.989	4.00231E-2
4182.013	3.99843E-2
4184.037	4.00040E-2
4186.050	4.00093E-2
4188.074	4.00009E-2
4190.093	4.00087E-2
4192.112	3.99874E-2
4194.136	3.99949E-2
4200.197	3.99797E-2
4204.235	3.99555E-2
4206.258	3.99780E-2
4208.277	4.00096E-2
4210.296	4.00005E-2
4212.320	3.99853E-2
4214.344	3.99793E-2
4216.357	4.00226E-2
4218.381	3.99737E-2
4220.405	4.00007E-2
4222.419	4.00244E-2
4224.443	3.99859E-2
4226.461	4.00335E-2
4228.480	3.99918E-2
4232.523	4.00146E-2
4234.541	3.99798E-2
4236.565	3.99893E-2
4238.584	4.00111E-2
4242.621	3.99922E-2
4244.645	3.99732E-2
4246.664	3.99878E-2
4248.688	4.00065E-2
4252.725	4.00127E-2
4256.768	4.00082E-2
4258.792	3.99765E-2
4260.816	3.99908E-2
4262.835	4.00142E-2
4264.853	3.99860E-2
4266.872	4.00075E-2
4268.901	3.99829E-2
4270.915	4.00104E-2
4272.933	3.99826E-2
4274.952	4.00146E-2
4276.976	4.00295E-2
4278.995	4.00050E-2
4281.014	3.99677E-2
4283.032	4.00283E-2
4285.056	4.00197E-2
4287.075	3.99855E-2
4289.099	4.00256E-2
4291.118	4.00189E-2
4293.136	3.99951E-2
4295.155	4.00078E-2
4297.179	3.99708E-2
4299.198	4.00089E-2
4301.216	3.99986E-2
4305.259	3.99864E-2
4309.302	3.99725E-2
4315.368	3.99660E-2
4317.387	3.99888E-2
4319.400	4.00016E-2
4321.424	3.99848E-2
4323.443	3.99908E-2
4331.523	3.99958E-2
4333.547	4.00167E-2
4335.566	4.00208E-2
4337.585	4.00110E-2
4339.608	4.00044E-2
4341.627	3.99881E-2
4343.646	3.99926E-2
4345.670	4.00013E-2
4347.689	3.99908E-2
4351.726	4.00112E-2
4353.755	3.99952E-2
4355.769	4.00018E-2
4357.793	4.00086E-2
4359.816	4.00209E-2
4361.830	4.00090E-2
4365.873	4.00193E-2
4371.944	4.00127E-2
4373.963	4.00204E-2
4375.982	4.00295E-2
4378.006	4.00230E-2
4380.024	4.00160E-2
4382.043	3.99755E-2
4384.067	4.00144E-2
4386.086	3.99835E-2
4388.104	4.00058E-2
4390.128	4.00110E-2
4392.152	4.00035E-2
4394.166	3.99678E-2
4398.208	3.99720E-2
4404.270	3.99778E-2
4406.289	3.99964E-2
4408.312	3.99897E-2
4412.350	3.99995E-2
4416.398	4.00124E-2
4420.430	4.00031E-2
4424.473	3.99933E-2
4426.497	3.99889E-2
4428.515	4.00011E-2
4438.614	3.99905E-2
4440.638	3.99704E-2
4442.657	3.99594E-2
4444.675	3.99455E-2
4446.699	4.02086E-2
4448.718	4.00688E-2
4450.742	4.00370E-2
4452.761	4.00425E-2
4454.779	4.00304E-2
4456.803	3.99647E-2
4460.841	3.99768E-2
4464.883	3.99615E-2
4466.902	3.99840E-2
4468.926	3.99745E-2
4470.945	3.99670E-2
4472.974	3.99577E-2
4474.982	3.99431E-2
4477.006	4.01045E-2
4479.025	3.99804E-2
4481.044	3.99851E-2
4483.068	4.00020E-2
4485.086	4.00063E-2
4489.124	4.00106E-2
4491.148	4.00220E-2
4493.182	3.99992E-2
4499.253	3.99692E-2
4503.296	3.99795E-2
4511.376	4.00786E-2
4513.395	3.99929E-2
4515.419	3.99737E-2
4517.438	3.99618E-2
4519.461	4.01642E-2
4521.480	3.99745E-2
4523.499	3.99495E-2
4525.523	4.00264E-2
4527.542	3.99916E-2
4529.560	3.99838E-2
4531.584	4.01250E-2
4533.603	4.00041E-2
4535.622	3.99827E-2
4537.640	3.99783E-2
4539.664	3.99610E-2
4541.683	4.00310E-2
4543.702	3.99916E-2
4545.726	4.00034E-2
4549.768	3.99922E-2
4553.811	4.00160E-2
4555.825	4.00088E-2
4557.848	4.00211E-2
4561.886	4.00281E-2
4563.905	4.00206E-2
4565.928	4.00131E-2
4567.952	4.00050E-2
4569.966	3.99996E-2
4571.990	4.00139E-2
4574.009	3.99890E-2
4576.027	3.99966E-2
4578.051	4.00012E-2
4586.131	4.00075E-2
4588.150	3.99970E-2
4590.174	4.00024E-2
4592.193	3.99876E-2
4596.235	3.99963E-2
4600.273	4.00071E-2
4604.315	3.99904E-2
4606.339	4.00066E-2
4610.382	3.99903E-2
4614.419	4.00011E-2
4616.438	3.99835E-2
4618.457	4.00068E-2
4622.499	3.99965E-2
4624.523	4.00032E-2
4628.561	3.99856E-2
4630.580	3.99987E-2
4632.603	4.00049E-2
4634.622	4.00116E-2
4636.641	4.00020E-2
4644.726	3.99906E-2
4648.764	3.99831E-2
4650.788	3.99728E-2
4652.806	3.99673E-2
4654.830	3.99611E-2
4656.849	4.00600E-2
4658.873	3.99479E-2
4660.892	4.00666E-2
4662.915	3.99500E-2
4664.929	4.01339E-2
4666.953	3.99493E-2
4668.972	4.00657E-2
4671.083	3.99796E-2
4673.009	3.99428E-2
4675.038	4.01559E-2
4677.052	3.99612E-2
4679.071	3.99500E-2
4681.094	4.01002E-2
4683.113	3.99657E-2
4687.156	4.00736E-2
4689.174	4.00040E-2
4691.198	3.99772E-2
4693.217	3.99643E-2
4695.236	4.01749E-2
4697.265	3.99730E-2
4699.278	3.99677E-2
4701.297	3.99634E-2
4703.321	3.99893E-2
4707.359	3.99812E-2
4709.377	3.99867E-2
4713.420	4.01874E-2
4715.444	3.99849E-2
4717.463	3.99771E-2
4719.486	3.99699E-2
4721.510	3.99741E-2
4725.543	4.00779E-2
4727.567	3.99875E-2
4731.604	3.99777E-2
4733.623	3.99857E-2
4735.647	3.99763E-2
4737.671	4.00564E-2
4739.689	4.00052E-2
4745.751	4.00203E-2
4747.769	4.00328E-2
4749.788	4.00161E-2
4751.812	4.00214E-2
4753.831	3.99993E-2
4755.849	3.99908E-2
4761.916	4.00161E-2
4763.930	4.00043E-2
4772.015	3.99997E-2
4780.095	4.00100E-2
4782.119	4.00056E-2
4786.156	2.17689E-2
4788.180	1.25169E-2
4790.209	6.30597E-3
4792.218	3.37793E-3
4794.236	2.15279E-3
4796.260	1.64734E-3
4798.294	1.44940E-3
4800.298	1.36801E-3
4802.322	1.32555E-3
4804.340	1.32284E-3
4808.383	1.32309E-3
4810.402	1.32271E-3
4814.444	1.30588E-3
4816.463	1.30543E-3
4822.530	1.30525E-3
4824.543	1.30478E-3
4826.567	1.30506E-3
4828.586	1.30546E-3
4830.605	1.30573E-3
4832.628	1.28909E-3
4834.647	1.28712E-3
4836.671	1.28964E-3
4838.690	1.28908E-3
