Elapsed time [s]	Value [0,1E-05]
0.000	1.11564E-7
2.453	1.10196E-7
4.475	1.10113E-7
20.635	1.10142E-7
22.656	1.10156E-7
26.699	1.20142E-7
28.717	1.20354E-7
42.867	1.20454E-7
44.883	1.20615E-7
46.902	1.21282E-7
48.923	1.21833E-7
50.944	1.21650E-7
52.963	1.21879E-7
54.984	1.20639E-7
57.003	1.21716E-7
59.024	1.21874E-7
61.046	1.21895E-7
81.248	1.21113E-7
83.270	1.21844E-7
85.291	1.21887E-7
87.310	1.21874E-7
91.355	1.21887E-7
105.494	1.21903E-7
109.534	1.21887E-7
123.686	1.23130E-7
125.704	1.23460E-7
129.747	1.24927E-7
131.766	1.24253E-7
133.787	1.23476E-7
135.806	1.23460E-7
137.827	1.23473E-7
139.848	1.23934E-7
141.870	1.25008E-7
143.889	1.24994E-7
145.912	1.26597E-7
147.931	1.26611E-7
149.952	1.28219E-7
151.974	1.29732E-7
153.990	1.30294E-7
156.011	1.31511E-7
158.033	1.33194E-7
160.054	1.34900E-7
162.073	1.37610E-7
164.094	1.40026E-7
166.113	1.41863E-7
168.134	1.44895E-7
170.155	1.47299E-7
172.182	1.50637E-7
174.208	1.53047E-7
176.217	1.56660E-7
178.238	1.59000E-7
180.259	1.62828E-7
182.278	1.65165E-7
184.297	1.69156E-7
186.318	1.71578E-7
188.339	1.74745E-7
190.358	1.78110E-7
192.379	1.80503E-7
194.398	1.82935E-7
196.419	1.86688E-7
198.441	1.89417E-7
200.462	1.91865E-7
202.486	1.94301E-7
204.502	1.96409E-7
206.521	1.97207E-7
208.545	1.99707E-7
210.564	2.02251E-7
212.582	2.04356E-7
214.604	2.04858E-7
216.627	2.07410E-7
218.646	2.07483E-7
220.667	2.10114E-7
224.705	2.12778E-7
226.726	2.12748E-7
228.748	2.15477E-7
232.788	2.16253E-7
234.806	2.18215E-7
238.849	2.18123E-7
240.868	2.18086E-7
248.950	2.15399E-7
250.972	2.15370E-7
252.990	2.12630E-7
255.012	2.12652E-7
257.033	2.10008E-7
259.052	2.09204E-7
261.073	2.07318E-7
263.097	2.07342E-7
265.113	2.04719E-7
267.135	2.02226E-7
269.156	2.00844E-7
271.175	1.99612E-7
275.215	1.97105E-7
277.236	1.95006E-7
279.257	1.94654E-7
281.276	1.92390E-7
283.297	1.92167E-7
285.319	1.89777E-7
287.340	1.89737E-7
289.361	1.87379E-7
293.401	1.86200E-7
295.423	1.85000E-7
297.444	1.82676E-7
301.484	1.82193E-7
303.505	1.80398E-7
307.545	1.78739E-7
309.567	1.78125E-7
313.607	1.75894E-7
317.647	1.73865E-7
319.668	1.73667E-7
325.727	1.71486E-7
329.769	1.71515E-7
331.791	1.69365E-7
339.876	1.75177E-7
341.892	2.10047E-7
343.911	3.22396E-7
345.932	4.81132E-7
347.954	5.21906E-7
349.975	6.11863E-7
351.994	8.08215E-7
354.015	9.15387E-7
356.034	6.61134E-7
358.055	7.08489E-7
360.076	1.20307E-6
362.095	7.75362E-7
364.116	7.08194E-7
366.135	1.53265E-6
368.156	5.54919E-7
370.178	1.02039E-6
372.199	1.39980E-6
374.225	6.12645E-7
376.239	1.54292E-6
378.258	7.56219E-7
380.279	8.73130E-7
382.300	1.70562E-6
384.319	5.57788E-7
386.340	1.25662E-6
388.362	1.11267E-6
390.383	7.21501E-7
392.402	1.67788E-6
394.423	6.20954E-7
396.442	1.01136E-6
398.463	1.38018E-6
400.484	6.03438E-7
402.503	1.62347E-6
404.525	6.72774E-7
406.546	1.22011E-6
408.575	7.55879E-7
410.596	6.46934E-7
412.615	5.89280E-7
414.636	5.43215E-7
416.655	5.15755E-7
420.700	5.28577E-7
422.716	5.35464E-7
430.796	5.35298E-7
432.818	5.28708E-7
434.839	5.28586E-7
438.879	5.35301E-7
440.898	5.35426E-7
446.972	5.28785E-7
448.983	5.31632E-7
451.004	5.32186E-7
453.026	5.35500E-7
459.082	5.35443E-7
461.103	5.35348E-7
463.125	5.28700E-7
465.146	5.28575E-7
467.165	5.30722E-7
469.186	5.33253E-7
471.205	5.34239E-7
473.226	5.30728E-7
475.247	5.28615E-7
479.287	5.28753E-7
485.349	5.28694E-7
487.373	5.28888E-7
489.389	5.28674E-7
491.410	5.28563E-7
493.429	5.28630E-7
499.490	5.34042E-7
501.512	5.28730E-7
505.554	5.35469E-7
507.573	5.28886E-7
509.594	5.28726E-7
515.658	5.35425E-7
519.696	5.35356E-7
521.717	5.28588E-7
523.738	5.35440E-7
525.757	5.33611E-7
527.778	5.35437E-7
531.834	5.35519E-7
533.865	5.42100E-7
535.887	5.35716E-7
537.908	5.35426E-7
539.927	5.35536E-7
541.948	5.36946E-7
543.977	5.41779E-7
545.988	5.42261E-7
548.017	5.42174E-7
552.049	5.42119E-7
554.071	5.42189E-7
556.092	5.48172E-7
558.111	5.42229E-7
560.132	5.49126E-7
566.194	5.49457E-7
568.215	5.49154E-7
570.234	5.53242E-7
572.252	5.56213E-7
574.274	5.56145E-7
576.295	5.62931E-7
578.316	5.68442E-7
580.335	5.57467E-7
582.356	5.61192E-7
584.378	5.63286E-7
586.396	5.55453E-7
590.439	5.57556E-7
592.458	5.56130E-7
594.484	5.49152E-7
596.503	5.54013E-7
598.519	5.49379E-7
600.540	5.43831E-7
602.559	5.49106E-7
604.580	5.50747E-7
606.602	5.49186E-7
608.623	5.45445E-7
610.642	5.49035E-7
612.663	5.45340E-7
614.682	5.42173E-7
616.706	5.47526E-7
618.724	5.42340E-7
620.743	5.42161E-7
622.765	5.49066E-7
624.783	5.42163E-7
630.847	5.42265E-7
634.887	5.42208E-7
638.927	5.42407E-7
640.949	5.42189E-7
642.967	5.41511E-7
644.989	5.42196E-7
649.029	5.56195E-7
651.055	5.63289E-7
655.090	5.62813E-7
657.111	5.63271E-7
659.133	5.63338E-7
661.151	5.56266E-7
665.199	5.63351E-7
669.234	5.63274E-7
671.261	5.56060E-7
679.336	5.56129E-7
683.381	5.56203E-7
685.402	5.56096E-7
689.442	5.56205E-7
691.458	5.56079E-7
693.477	5.56215E-7
695.498	5.56153E-7
699.541	5.56018E-7
703.581	5.49708E-7
705.600	5.56110E-7
709.642	5.56013E-7
711.666	5.56133E-7
715.706	5.51566E-7
717.725	5.49178E-7
719.744	5.49238E-7
725.805	5.49139E-7
729.845	5.49022E-7
733.885	5.49144E-7
743.992	5.49220E-7
746.008	5.49130E-7
748.029	5.45939E-7
750.051	5.48975E-7
752.069	5.49238E-7
754.091	5.49183E-7
756.112	5.49121E-7
760.152	5.49055E-7
762.171	5.44926E-7
764.192	5.42162E-7
766.213	5.43275E-7
768.255	5.47907E-7
770.253	5.49167E-7
772.275	5.47182E-7
774.296	5.42278E-7
776.315	5.43961E-7
778.336	5.42248E-7
786.419	5.42158E-7
796.520	5.42214E-7
806.624	5.40982E-7
808.643	5.40130E-7
810.662	5.42269E-7
812.683	5.35567E-7
814.704	5.41942E-7
816.723	5.42158E-7
820.763	5.35933E-7
822.784	5.35387E-7
824.806	5.35450E-7
838.947	5.35569E-7
842.992	5.35492E-7
847.030	5.35425E-7
859.153	5.35508E-7
865.227	5.35435E-7
867.248	5.30365E-7
869.267	5.28729E-7
871.291	5.29363E-7
873.307	5.31155E-7
875.328	5.35472E-7
877.350	5.35290E-7
879.368	5.34809E-7
881.390	5.29725E-7
883.408	5.28647E-7
891.491	5.33549E-7
893.515	5.29051E-7
895.536	5.28693E-7
897.552	5.28632E-7
899.574	5.28699E-7
903.614	5.28640E-7
909.675	5.28581E-7
913.715	5.28647E-7
915.736	5.27806E-7
917.758	5.28709E-7
927.859	5.28641E-7
929.883	5.28528E-7
931.899	5.28758E-7
933.921	5.22686E-7
935.942	5.28498E-7
937.966	5.28640E-7
939.984	5.27374E-7
942.003	5.21981E-7
944.022	5.22067E-7
950.083	5.28646E-7
952.102	5.22115E-7
956.150	5.22246E-7
958.166	5.22065E-7
960.185	5.22148E-7
962.206	5.22090E-7
964.225	5.22021E-7
966.251	5.23340E-7
968.267	5.21964E-7
974.329	5.22089E-7
976.350	5.22034E-7
982.409	5.22104E-7
994.532	5.22050E-7
998.574	5.21997E-7
1002.614	5.15960E-7
1004.636	5.21900E-7
1006.654	5.22060E-7
1008.676	5.21873E-7
1010.699	5.22065E-7
1018.782	5.15531E-7
1020.796	5.15787E-7
1022.817	5.19374E-7
1024.838	5.22025E-7
1026.862	5.16496E-7
1030.905	5.21999E-7
1032.921	5.15457E-7
1036.961	5.15762E-7
1038.980	5.17086E-7
1041.001	5.21223E-7
1043.022	5.22100E-7
1045.044	5.15890E-7
1047.063	5.15460E-7
1051.103	5.15523E-7
1055.145	5.15440E-7
1057.164	5.19752E-7
1059.185	5.16155E-7
1061.204	5.15541E-7
1063.225	5.15419E-7
1073.327	5.15492E-7
1075.348	5.15420E-7
1079.388	5.15545E-7
1085.452	5.15488E-7
1089.495	5.15390E-7
1095.553	5.15453E-7
1103.634	5.15518E-7
1105.655	5.15450E-7
1109.695	5.13904E-7
1111.716	5.15537E-7
1119.799	5.15398E-7
1123.839	5.15031E-7
1125.860	5.15472E-7
1135.964	5.15417E-7
1137.980	5.10247E-7
1140.002	5.09050E-7
1144.042	5.15444E-7
1148.082	5.15498E-7
1150.103	5.15358E-7
1152.124	5.09004E-7
1156.164	5.10172E-7
1158.186	5.08999E-7
1162.226	5.09553E-7
1164.247	5.09119E-7
1166.266	5.15395E-7
1168.287	5.09104E-7
1178.389	5.15156E-7
1180.410	5.09365E-7
1182.431	5.08934E-7
1184.450	5.09018E-7
1186.471	5.09736E-7
1188.490	5.08990E-7
1192.533	5.15393E-7
1194.554	5.09081E-7
1196.573	5.08991E-7
1198.594	5.09081E-7
1204.655	5.13890E-7
1206.674	5.09093E-7
1210.717	5.15128E-7
1212.738	5.08972E-7
1214.757	5.08481E-7
1216.809	5.09043E-7
1220.818	5.10540E-7
1222.839	5.09241E-7
1224.858	5.08986E-7
1228.898	5.09071E-7
1239.002	5.09019E-7
1241.021	5.08918E-7
1245.064	5.08976E-7
1247.082	5.08641E-7
1249.104	5.08981E-7
1257.184	5.08021E-7
1259.205	5.09079E-7
1261.226	5.04570E-7
1263.248	5.08933E-7
1265.266	5.09082E-7
1271.328	5.03016E-7
1273.349	5.03887E-7
1275.368	5.08974E-7
1277.389	5.02552E-7
1279.408	5.08901E-7
1281.429	5.09045E-7
1283.453	5.04010E-7
1285.472	5.08963E-7
1287.491	5.03674E-7
1289.512	5.02567E-7
1291.533	5.09018E-7
1293.552	5.02636E-7
1295.573	5.09007E-7
1297.592	5.09111E-7
1299.613	5.02613E-7
1301.635	5.08984E-7
1303.656	5.02626E-7
1305.677	5.08720E-7
1307.696	5.08134E-7
1309.715	5.02535E-7
1311.736	5.09029E-7
1315.776	5.02544E-7
1317.797	5.03750E-7
1319.819	5.06905E-7
1321.840	5.02567E-7
1323.859	5.08489E-7
1325.880	5.09070E-7
1327.899	5.02663E-7
1329.920	5.08767E-7
1331.944	5.06899E-7
1333.960	5.02587E-7
1335.984	5.02506E-7
1338.000	5.05209E-7
1340.022	5.02533E-7
1342.043	5.04616E-7
1344.064	5.08991E-7
1346.083	5.02501E-7
1350.123	5.02577E-7
1354.166	5.02641E-7
1356.187	5.04260E-7
1358.206	5.02618E-7
1360.227	5.02539E-7
1364.267	5.02607E-7
1368.307	5.02535E-7
1388.512	5.02592E-7
1390.531	5.02511E-7
1394.574	6.00500E-7
1396.593	7.62128E-7
1398.616	6.68911E-7
1400.635	6.93693E-7
1402.654	6.89723E-7
1404.675	6.94258E-7
1406.694	6.96567E-7
1408.723	6.89741E-7
1414.777	6.98275E-7
1416.798	6.98421E-7
1420.838	6.94604E-7
1422.859	6.89721E-7
1424.878	6.91406E-7
1426.899	6.92105E-7
1428.923	6.98341E-7
1432.963	6.98428E-7
1434.985	6.98302E-7
1439.027	6.89741E-7
1443.065	6.94535E-7
1445.086	6.98444E-7
1449.131	6.99906E-7
1451.147	6.93366E-7
1453.169	6.89765E-7
1455.190	6.95221E-7
1457.209	6.95078E-7
1459.227	6.89861E-7
1461.249	6.98442E-7
1463.268	6.98513E-7
1465.291	6.98314E-7
1467.315	6.89695E-7
1471.353	6.89764E-7
1473.372	6.95713E-7
1475.390	6.98499E-7
1477.414	6.90367E-7
1479.433	6.89780E-7
1481.452	6.89711E-7
1483.476	6.89803E-7
1487.513	6.89878E-7
1489.532	6.89871E-7
1491.556	6.98484E-7
1495.598	6.90416E-7
1497.617	6.89708E-7
1505.697	6.96016E-7
1507.716	6.89784E-7
1509.740	6.89698E-7
1513.782	6.89840E-7
1519.839	6.92161E-7
1521.862	6.98578E-7
1523.881	6.92039E-7
1525.900	6.89768E-7
1527.924	6.89638E-7
1529.943	6.89717E-7
1536.004	6.91256E-7
1538.023	6.90847E-7
1540.047	6.89714E-7
1544.084	6.89814E-7
1550.145	6.98390E-7
1552.180	6.89858E-7
1556.232	6.89769E-7
1566.336	6.89900E-7
1568.355	6.97219E-7
1570.374	6.89661E-7
1574.417	6.89789E-7
1582.497	6.89867E-7
1586.539	6.89793E-7
1594.625	6.89704E-7
1602.705	6.89602E-7
1604.723	6.89724E-7
1612.803	6.98455E-7
1614.827	6.89701E-7
1618.865	6.89773E-7
1620.889	6.89845E-7
1628.969	6.89721E-7
1633.011	6.89577E-7
1635.030	6.89661E-7
1649.172	6.89792E-7
1663.318	6.89677E-7
1675.436	6.89570E-7
1677.465	6.89665E-7
1679.478	6.89737E-7
1689.582	7.03704E-7
1691.612	8.14135E-7
1693.625	8.64076E-7
1695.644	8.77173E-7
1697.663	8.88517E-7
1705.743	8.88365E-7
1709.785	8.88575E-7
1719.915	8.88452E-7
1723.927	8.88662E-7
1725.951	8.88566E-7
1727.975	8.88664E-7
1732.007	8.88564E-7
1736.049	8.88372E-7
1740.092	8.88482E-7
1754.234	8.88579E-7
1756.252	8.88486E-7
1762.314	8.88688E-7
1764.338	8.88566E-7
1770.399	8.88429E-7
1784.540	8.88566E-7
1786.559	8.88464E-7
1792.621	8.88633E-7
1802.730	8.88498E-7
1810.805	8.88384E-7
1814.847	8.88548E-7
1820.909	8.89726E-7
1822.927	8.88631E-7
1824.946	8.88444E-7
1828.989	8.88582E-7
1837.069	8.89895E-7
1839.093	8.88479E-7
1841.111	8.88343E-7
1845.154	8.88464E-7
1849.192	8.92346E-7
1851.215	8.89644E-7
1853.234	8.88579E-7
1855.253	8.88385E-7
1859.301	8.88516E-7
1861.319	8.88610E-7
1867.376	8.98818E-7
1869.399	8.88778E-7
1871.418	8.88490E-7
1885.560	8.88348E-7
1887.584	8.88453E-7
1891.626	8.88580E-7
1907.786	8.88446E-7
1915.872	8.88301E-7
1919.909	8.88408E-7
1925.970	8.91942E-7
1927.989	8.88514E-7
1932.032	8.88421E-7
1934.051	8.88654E-7
1938.093	8.88560E-7
1940.117	8.88984E-7
1942.136	8.88511E-7
1944.155	8.88617E-7
1946.178	8.88385E-7
1950.216	8.88479E-7
1964.357	8.88587E-7
1972.438	8.93966E-7
1974.456	8.88504E-7
1976.480	8.88395E-7
1978.499	8.88490E-7
1996.693	8.88579E-7
2000.731	8.99642E-7
2002.744	8.88617E-7
2004.763	8.88499E-7
2012.848	8.88379E-7
2016.886	8.99590E-7
2018.905	8.93585E-7
2020.928	8.88392E-7
2024.966	8.88525E-7
2045.174	8.88423E-7
2047.193	8.90450E-7
2049.216	8.88473E-7
2053.254	8.88376E-7
2055.278	8.88537E-7
2061.334	8.92288E-7
2063.358	8.88662E-7
2065.377	8.88435E-7
2067.395	8.88525E-7
2071.438	8.88628E-7
2075.481	8.89174E-7
2077.499	8.88537E-7
2079.518	8.88372E-7
2085.580	8.88602E-7
2087.603	8.88490E-7
2091.641	8.88595E-7
2093.660	8.88818E-7
2095.684	8.88527E-7
2099.726	8.88622E-7
2105.782	8.99791E-7
2107.806	8.88723E-7
2109.825	8.96206E-7
2111.849	8.88447E-7
2115.886	8.88585E-7
2119.929	8.98005E-7
2121.963	8.88575E-7
2125.990	8.88451E-7
2130.028	8.88548E-7
2136.089	8.88675E-7
2140.132	8.88456E-7
2154.278	8.88545E-7
2156.297	8.88452E-7
2160.340	8.88579E-7
2178.524	8.88436E-7
2188.623	8.88550E-7
2196.703	8.99313E-7
2198.727	8.88899E-7
2200.745	8.88554E-7
2204.788	8.88654E-7
2208.826	8.88491E-7
2227.015	8.88614E-7
2229.034	8.88512E-7
2235.095	8.88671E-7
2241.156	8.88565E-7
2245.194	8.88446E-7
2249.236	8.88542E-7
2265.397	8.88691E-7
2275.501	8.88498E-7
2289.652	8.88369E-7
2293.690	8.88574E-7
2299.746	8.88678E-7
2305.812	8.88565E-7
2307.831	8.88438E-7
2317.930	8.88543E-7
2323.991	8.87869E-7
2326.010	8.88619E-7
2338.138	8.88493E-7
2340.157	8.88609E-7
2342.176	8.88498E-7
2350.261	8.88385E-7
2354.298	8.88532E-7
2360.360	8.88643E-7
2366.421	8.88482E-7
2368.445	8.85755E-7
2370.464	8.88617E-7
2372.482	8.88524E-7
2380.568	8.88348E-7
2384.605	8.88501E-7
2398.747	8.83387E-7
2400.770	8.88620E-7
2406.832	8.88466E-7
2414.912	8.78657E-7
2416.931	8.88543E-7
2429.053	8.88664E-7
2437.133	8.88493E-7
2441.176	8.88367E-7
2447.237	8.88537E-7
2455.328	8.88443E-7
2457.352	8.78356E-7
2459.370	8.80563E-7
2461.394	8.88539E-7
2463.413	8.88076E-7
2465.432	8.88598E-7
2471.493	8.78813E-7
2473.512	8.77165E-7
2475.536	8.82832E-7
2477.555	8.78164E-7
2479.578	8.88420E-7
2489.682	8.77253E-7
2491.706	8.87961E-7
2493.720	8.88662E-7
2499.786	8.88492E-7
2501.800	8.79766E-7
2503.819	8.78745E-7
2505.843	8.88437E-7
2507.861	8.77382E-7
2509.885	8.88438E-7
2517.965	8.77198E-7
2519.984	8.77311E-7
2522.003	8.88500E-7
2524.022	8.88604E-7
2526.045	8.88492E-7
2532.107	8.79951E-7
2534.126	8.77222E-7
2536.149	8.86513E-7
2538.168	8.78502E-7
2540.187	8.88451E-7
2542.206	8.88545E-7
2546.253	8.79511E-7
2548.272	8.77201E-7
2550.291	8.88168E-7
2552.310	8.78996E-7
2554.328	8.88555E-7
2558.371	8.88667E-7
2560.390	8.88574E-7
2562.414	8.84746E-7
2564.432	8.77389E-7
2566.451	8.86324E-7
2568.475	8.87591E-7
2570.494	8.88546E-7
2578.605	8.77219E-7
2580.623	8.87588E-7
2582.642	8.77914E-7
2584.661	8.88477E-7
2588.704	8.88625E-7
2590.722	8.88509E-7
2592.746	8.78087E-7
2594.765	8.77394E-7
2596.784	8.81668E-7
2598.808	8.88217E-7
2600.837	8.88417E-7
2602.845	8.81280E-7
2604.869	8.88107E-7
2606.888	8.80162E-7
2608.917	8.77161E-7
2612.954	8.77595E-7
2614.973	8.88464E-7
2619.016	8.88637E-7
2621.029	8.77311E-7
2625.072	8.79422E-7
2627.090	8.77459E-7
2629.114	8.88490E-7
2633.152	8.87558E-7
2635.171	8.88414E-7
2637.194	8.87550E-7
2639.213	8.77241E-7
2643.256	8.87431E-7
2645.275	8.88601E-7
2647.293	8.88498E-7
2651.336	8.78491E-7
2653.355	8.77368E-7
2655.379	8.87955E-7
2657.397	8.78363E-7
2659.416	8.77360E-7
2661.440	8.88527E-7
2665.477	8.88359E-7
2667.501	8.77105E-7
2669.520	8.77234E-7
2671.539	8.78975E-7
2673.558	8.82431E-7
2675.581	8.88503E-7
2677.600	8.78721E-7
2679.624	8.88048E-7
2681.643	8.77796E-7
2683.661	8.77277E-7
2685.680	8.79248E-7
2687.709	8.85148E-7
2689.723	8.88209E-7
2691.742	8.88643E-7
2695.784	8.79280E-7
2697.808	8.77132E-7
2699.827	8.81367E-7
2701.846	8.82585E-7
2703.864	8.88210E-7
2705.888	8.88553E-7
2711.950	8.88444E-7
2713.973	8.77331E-7
2718.011	8.87788E-7
2720.030	8.88570E-7
2726.122	8.78484E-7
2728.110	8.77180E-7
2730.134	8.87778E-7
2732.152	8.80901E-7
2734.171	8.77178E-7
2736.195	8.88444E-7
2742.256	8.77707E-7
2744.275	8.77288E-7
2746.299	8.81378E-7
2748.318	8.88469E-7
2750.336	8.88633E-7
2752.360	8.82103E-7
2754.379	8.88501E-7
2756.398	8.77428E-7
2760.440	8.77190E-7
2764.483	8.86240E-7
2766.502	8.88525E-7
2770.544	8.78202E-7
2772.563	8.77149E-7
2774.582	8.77292E-7
2776.601	8.87289E-7
2780.643	8.88530E-7
2782.667	8.86010E-7
2784.686	8.88570E-7
2788.729	8.77363E-7
2790.747	8.77244E-7
2794.785	8.88371E-7
2796.809	8.88476E-7
2800.851	8.88374E-7
2802.870	8.77068E-7
2804.889	8.85155E-7
2806.907	8.83038E-7
2808.931	8.77258E-7
2810.950	8.88535E-7
2814.993	8.86758E-7
2817.017	8.79267E-7
2819.035	8.77376E-7
2823.073	8.78369E-7
2825.092	8.88453E-7
2827.115	8.88356E-7
2829.134	8.84436E-7
2831.153	8.78517E-7
2833.177	8.77120E-7
2835.196	8.86751E-7
2837.214	8.77263E-7
2839.269	8.87508E-7
2841.257	8.88532E-7
2845.294	8.81932E-7
2847.318	8.77225E-7
2849.337	8.80828E-7
2851.361	8.82079E-7
2853.380	8.84983E-7
2855.398	8.88515E-7
2857.422	8.88385E-7
2863.479	8.77199E-7
2869.545	8.88501E-7
2875.601	8.83100E-7
2877.625	8.77535E-7
2879.644	8.87755E-7
2881.663	8.88657E-7
2883.686	8.77373E-7
2885.705	8.88601E-7
2889.748	8.88416E-7
2891.767	8.84875E-7
2893.785	8.77129E-7
2895.809	8.77272E-7
2897.828	8.84197E-7
2899.847	8.88516E-7
2903.889	8.87852E-7
2905.908	8.88324E-7
2907.932	8.77311E-7
2913.993	8.80118E-7
2916.012	8.88654E-7
2920.055	8.88465E-7
2922.073	8.77208E-7
2930.153	8.88446E-7
2934.201	8.88247E-7
2936.215	8.88404E-7
2938.239	8.77265E-7
2942.276	8.80247E-7
2944.295	8.88594E-7
2946.319	8.88685E-7
2950.356	8.86861E-7
2952.380	8.77428E-7
2954.399	8.84611E-7
2956.418	8.88164E-7
2958.442	8.77219E-7
2960.460	8.88339E-7
2962.479	8.88523E-7
2966.522	8.77868E-7
2968.546	8.77278E-7
2974.602	8.88577E-7
2976.626	8.88670E-7
2978.644	8.87043E-7
2980.668	8.88616E-7
2982.687	8.77342E-7
2988.748	8.77166E-7
2990.767	8.88416E-7
2996.828	8.77071E-7
2998.847	8.77251E-7
3000.871	8.77719E-7
3002.895	8.78518E-7
3004.914	8.88508E-7
3008.951	8.87654E-7
3010.970	8.88512E-7
3012.989	8.77452E-7
3017.036	8.77348E-7
3019.055	8.84498E-7
3021.074	8.88542E-7
3025.117	8.88394E-7
3027.140	8.78369E-7
3029.159	8.77227E-7
3031.178	8.88469E-7
3033.197	8.77285E-7
3035.215	8.88309E-7
3037.239	8.88625E-7
3039.263	8.88525E-7
3041.277	8.87300E-7
3043.296	8.77277E-7
3049.372	8.88570E-7
3053.400	8.83975E-7
3055.418	8.88406E-7
3057.442	8.77141E-7
3059.461	8.77299E-7
3061.480	8.82569E-7
3063.503	8.85857E-7
3065.522	8.88498E-7
3071.584	8.77287E-7
3077.645	8.77532E-7
3079.664	8.88684E-7
3083.706	8.88587E-7
3085.725	8.88495E-7
3087.749	8.80344E-7
3089.768	8.77224E-7
3093.805	8.88287E-7
3095.829	8.88522E-7
3099.867	8.88393E-7
3101.890	8.77224E-7
3105.928	8.88406E-7
3107.952	8.77460E-7
3109.971	8.88476E-7
3111.989	8.88704E-7
3114.013	8.88957E-7
3116.032	8.88732E-7
3118.051	8.77392E-7
3122.093	8.87877E-7
3124.112	8.88664E-7
3128.155	8.83167E-7
3130.178	8.88325E-7
3132.202	8.79842E-7
3134.221	8.77472E-7
3136.235	8.87110E-7
3138.259	8.77501E-7
3140.277	8.88786E-7
3146.339	8.77734E-7
3148.357	8.77469E-7
3154.419	8.88704E-7
3162.499	8.80021E-7
3164.523	8.77399E-7
3168.565	8.88397E-7
3170.589	8.88773E-7
3176.646	8.77439E-7
3178.664	8.77543E-7
3180.683	8.88207E-7
3182.707	8.77690E-7
3184.726	8.83789E-7
3186.749	8.88825E-7
3190.787	8.82557E-7
3192.806	8.77358E-7
3194.824	8.77448E-7
3198.867	8.88500E-7
3200.891	8.88797E-7
3202.910	8.77535E-7
3204.928	8.88134E-7
3206.952	8.77487E-7
3215.038	8.88801E-7
3217.051	8.88944E-7
3219.075	8.88855E-7
3221.094	8.77470E-7
3223.118	8.77340E-7
3225.136	8.80864E-7
3227.165	8.79374E-7
3229.174	8.88664E-7
3231.198	8.88763E-7
3235.240	8.88662E-7
3237.259	8.86559E-7
3239.288	8.77603E-7
3243.320	8.86680E-7
3245.344	8.90123E-7
3247.358	8.88876E-7
3251.401	8.82743E-7
3253.419	8.77561E-7
3257.462	8.77741E-7
3259.481	8.82752E-7
3261.499	8.88694E-7
3263.523	8.88604E-7
3267.561	8.77647E-7
3269.585	8.77396E-7
3273.622	8.87477E-7
3275.646	8.88657E-7
3277.665	8.78779E-7
3279.684	8.88171E-7
3281.707	8.77933E-7
3283.726	8.77483E-7
3285.745	8.77584E-7
3289.793	8.86813E-7
3291.806	8.88789E-7
3293.830	8.88675E-7
3295.849	8.77514E-7
3297.873	8.77323E-7
3299.892	8.77431E-7
3303.929	8.86466E-7
3305.953	8.88770E-7
3307.972	8.77717E-7
3309.990	8.77581E-7
3312.014	8.80864E-7
3314.038	8.77514E-7
3320.094	8.88743E-7
3322.113	8.87204E-7
3324.132	8.81098E-7
3326.156	8.77459E-7
3328.174	8.77347E-7
3330.193	8.81032E-7
3332.217	8.77560E-7
3336.255	8.88666E-7
3338.278	8.87875E-7
3340.297	8.77618E-7
3342.321	8.77358E-7
3344.345	8.77469E-7
3348.388	8.77958E-7
3350.411	8.88857E-7
3352.420	8.78263E-7
3354.444	8.86270E-7
3356.463	8.77859E-7
3358.486	8.77524E-7
3362.524	8.77410E-7
3364.543	8.84147E-7
3366.566	8.88780E-7
3370.604	8.77383E-7
3374.647	8.77472E-7
3378.689	8.85772E-7
3380.708	8.88826E-7
3382.727	8.87992E-7
3384.751	8.88691E-7
3386.769	8.86344E-7
3388.788	8.77553E-7
3394.849	8.88359E-7
3396.873	8.88681E-7
3398.892	8.82688E-7
3400.911	8.79001E-7
3402.930	8.77278E-7
3404.953	8.81262E-7
3406.972	8.77819E-7
3408.996	8.77540E-7
3411.015	8.88831E-7
3415.057	8.88712E-7
3417.076	8.77392E-7
3423.138	8.86359E-7
3425.156	8.88852E-7
3427.180	8.79284E-7
3429.204	8.88273E-7
3431.218	8.84891E-7
3433.236	8.77282E-7
3435.271	8.77373E-7
3439.303	8.86550E-7
3441.322	8.88721E-7
3445.364	8.79641E-7
3447.383	8.77253E-7
3449.402	8.77413E-7
3455.463	8.88698E-7
3457.482	8.83291E-7
3459.506	8.88657E-7
3461.524	8.88524E-7
3463.548	8.77335E-7
3467.586	8.84486E-7
3469.620	8.88622E-7
3473.657	8.88715E-7
3475.681	8.78813E-7
3477.700	8.77287E-7
3479.719	8.77401E-7
3481.738	8.88712E-7
3483.761	8.77472E-7
3485.780	8.88690E-7
3487.799	8.88805E-7
3489.818	8.88709E-7
3491.842	8.81277E-7
3493.860	8.77577E-7
3495.884	8.77469E-7
3497.903	8.82606E-7
3499.922	8.88609E-7
3503.969	8.83244E-7
3505.983	8.88599E-7
3508.002	8.77290E-7
3510.026	8.77389E-7
3512.044	8.77529E-7
3514.068	8.83769E-7
3516.087	8.88641E-7
3520.124	8.84565E-7
3522.148	8.77365E-7
3524.167	8.77460E-7
3526.186	8.88472E-7
3528.210	8.85901E-7
3530.228	8.88715E-7
3534.271	8.88591E-7
3538.309	8.78016E-7
3540.332	8.77375E-7
3544.370	8.88675E-7
3548.413	8.88789E-7
3550.431	8.88635E-7
3552.455	8.77392E-7
3556.503	8.88789E-7
3558.517	8.77535E-7
3560.535	8.88783E-7
3564.578	8.88672E-7
3568.621	8.77339E-7
3572.658	8.79738E-7
3574.677	8.88728E-7
3578.719	8.87622E-7
3580.738	8.88646E-7
3582.757	8.77445E-7
3586.799	8.80461E-7
3588.818	8.86384E-7
3590.842	8.88892E-7
3596.924	8.77490E-7
3598.948	8.77601E-7
3600.967	8.84730E-7
3603.001	8.83501E-7
3605.014	8.88715E-7
3613.089	8.86026E-7
3615.113	8.77480E-7
3617.132	8.84121E-7
3619.151	8.88686E-7
3621.170	8.88778E-7
3627.236	8.78706E-7
3629.255	8.77589E-7
3631.273	8.88760E-7
3633.297	8.77579E-7
3635.316	8.88598E-7
3641.377	8.84499E-7
3643.396	8.77341E-7
3645.420	8.77433E-7
3649.463	8.88696E-7
3653.500	8.85808E-7
3655.519	8.88607E-7
3657.538	8.77897E-7
3659.562	8.77524E-7
3661.580	8.88622E-7
3663.599	8.87622E-7
3665.623	8.88868E-7
3669.666	8.88694E-7
3671.684	8.77243E-7
3673.703	8.77430E-7
3675.722	8.77336E-7
3677.746	8.83671E-7
3679.764	8.88670E-7
3685.826	8.88574E-7
3687.844	8.79703E-7
3689.868	8.77438E-7
3691.887	8.84824E-7
3693.906	8.86765E-7
3695.930	8.88722E-7
3701.991	8.83170E-7
3704.010	8.77597E-7
3706.029	8.88712E-7
3708.052	8.78180E-7
3710.071	8.88472E-7
3712.090	8.88770E-7
3716.133	8.88643E-7
3718.151	8.77410E-7
3720.170	8.77751E-7
3722.194	8.88767E-7
3728.255	8.88629E-7
3732.329	8.77713E-7
3734.317	8.77537E-7
3736.335	8.88679E-7
3738.364	8.88214E-7
3740.378	8.88685E-7
3746.439	8.77472E-7
3750.477	8.79575E-7
3752.501	8.77725E-7
3754.519	8.88408E-7
3756.538	8.88677E-7
3758.562	8.85293E-7
3760.581	8.88580E-7
3762.600	8.88678E-7
3764.623	8.77487E-7
3766.647	8.77589E-7
3768.661	8.88459E-7
3770.680	8.88852E-7
3774.722	8.88565E-7
3776.751	8.79579E-7
3778.770	8.77367E-7
3780.784	8.88686E-7
3782.808	8.78009E-7
3784.826	8.87066E-7
3786.845	8.88654E-7
3792.906	8.77494E-7
3796.949	8.88433E-7
3798.968	8.88776E-7
3803.010	8.88160E-7
3805.029	8.88658E-7
3807.048	8.85537E-7
3809.072	8.77490E-7
3811.091	8.83298E-7
3813.114	8.88034E-7
3815.133	8.88571E-7
3819.171	8.88696E-7
3821.194	8.78054E-7
3823.213	8.77343E-7
3825.232	8.85456E-7
3827.256	8.82129E-7
3829.275	8.88525E-7
3831.293	8.88729E-7
3839.373	8.77517E-7
3843.416	8.88685E-7
3851.501	8.81338E-7
3853.520	8.77396E-7
3855.539	8.88601E-7
3857.558	8.78760E-7
3859.581	8.85515E-7
3861.600	8.88805E-7
3863.624	8.88699E-7
3867.662	8.78575E-7
3869.685	8.77502E-7
3871.704	8.77786E-7
3873.723	8.88865E-7
3877.765	8.88776E-7
3879.789	8.88675E-7
3881.808	8.84447E-7
3883.827	8.87227E-7
3885.846	8.88609E-7
3897.968	8.77355E-7
3899.987	8.88642E-7
3904.030	8.88800E-7
3910.096	8.88704E-7
3914.134	8.77936E-7
3916.152	8.81149E-7
3918.171	8.88649E-7
3922.214	8.88740E-7
3926.256	8.88579E-7
3928.275	8.81254E-7
3930.294	8.88738E-7
3942.417	8.85086E-7
3944.440	8.88268E-7
3946.459	8.88755E-7
3954.544	8.88564E-7
3958.582	8.80738E-7
3960.601	8.88649E-7
3962.619	8.88749E-7
3970.705	8.88650E-7
3972.723	8.77454E-7
3974.742	8.88346E-7
3976.771	8.88825E-7
3980.804	8.88646E-7
3984.846	8.88519E-7
3988.884	8.77389E-7
3992.926	8.88682E-7
3998.988	8.88771E-7
4001.011	8.88609E-7
4003.030	8.77444E-7
4005.049	8.88522E-7
4007.068	8.88767E-7
4009.092	8.81654E-7
4011.110	8.88817E-7
4015.153	8.88630E-7
4017.172	8.82731E-7
4019.196	8.77424E-7
4021.214	8.87530E-7
4023.238	8.88675E-7
4033.337	8.77527E-7
4035.361	8.88065E-7
4037.375	8.84495E-7
4039.404	8.88750E-7
4041.422	8.88847E-7
4045.460	8.86271E-7
4047.484	8.77433E-7
4049.497	8.84561E-7
4051.526	8.88857E-7
4053.540	8.88338E-7
4055.559	8.88696E-7
4061.620	8.88601E-7
4063.644	8.77485E-7
4067.681	8.85040E-7
4069.705	8.88764E-7
4077.785	8.77569E-7
4079.804	8.85526E-7
4081.828	8.87612E-7
4083.847	8.77532E-7
4085.865	8.88767E-7
4089.908	8.88545E-7
4091.927	8.83958E-7
4093.951	8.77352E-7
4095.969	8.88297E-7
4097.988	8.88604E-7
4104.050	8.88730E-7
4106.068	8.88570E-7
4108.092	8.78046E-7
4110.111	8.87422E-7
4112.130	8.78470E-7
4114.154	8.88356E-7
4116.177	8.88828E-7
4118.196	8.88616E-7
4122.234	8.77296E-7
4124.252	8.86760E-7
4126.276	8.88657E-7
4132.338	8.88767E-7
4136.385	8.88666E-7
4138.399	8.80232E-7
4140.418	8.78542E-7
4142.436	8.88683E-7
4144.460	8.88819E-7
4150.522	8.88633E-7
4152.540	8.82393E-7
4154.559	8.87443E-7
4156.578	8.88635E-7
4158.602	8.77834E-7
4160.621	8.88607E-7
4168.701	8.77641E-7
4170.730	8.88646E-7
4178.805	8.88815E-7
4180.829	8.88654E-7
4182.847	8.80840E-7
4184.866	8.88643E-7
4194.970	8.88549E-7
4196.989	8.77614E-7
4199.007	8.82504E-7
4201.031	8.88670E-7
4213.154	8.84522E-7
4215.173	8.77498E-7
4217.192	8.87971E-7
4219.215	8.88743E-7
4225.272	8.88458E-7
4227.301	8.85830E-7
4229.314	8.88508E-7
4231.338	8.88638E-7
4243.456	8.79520E-7
4245.495	8.86689E-7
4247.498	8.88757E-7
4255.578	8.88630E-7
4259.621	8.87281E-7
4261.640	8.88618E-7
4271.744	8.78885E-7
4273.763	8.81836E-7
4275.786	8.88681E-7
4277.810	8.88800E-7
4285.885	8.88686E-7
4287.909	8.84218E-7
4289.928	8.77501E-7
4291.947	8.88675E-7
4295.989	8.88580E-7
4302.051	8.78677E-7
4304.069	8.86436E-7
4306.093	8.88631E-7
4308.112	8.85640E-7
4310.131	8.88658E-7
4312.149	8.88773E-7
4318.216	8.81724E-7
4320.235	8.88657E-7
4322.253	8.88793E-7
4324.272	8.88701E-7
4330.334	8.88525E-7
4332.357	8.86487E-7
4334.381	8.87265E-7
4336.400	8.88675E-7
4346.499	8.82000E-7
4348.518	8.82179E-7
4350.542	8.88805E-7
4358.622	8.88699E-7
4360.640	8.88577E-7
4364.683	8.82396E-7
4366.702	8.88532E-7
4368.726	8.88667E-7
4374.792	8.88549E-7
4378.830	8.84651E-7
4380.853	8.88728E-7
4382.872	8.82619E-7
4384.891	8.77492E-7
4392.976	8.77213E-7
4407.118	8.77076E-7
4409.136	8.76714E-7
4411.155	8.76836E-7
4419.240	8.76943E-7
4427.321	8.76846E-7
4433.382	8.77358E-7
4435.401	8.88619E-7
4437.425	8.88872E-7
4439.443	8.88562E-7
4445.505	8.89098E-7
4447.523	8.88150E-7
4451.566	8.89252E-7
4453.585	8.88556E-7
4461.670	8.88466E-7
4465.707	8.88285E-7
4467.726	8.88538E-7
4471.769	8.86861E-7
4473.793	8.85442E-7
4475.811	8.83608E-7
4477.830	8.88571E-7
4487.934	8.88743E-7
4496.025	8.88546E-7
4500.067	8.88448E-7
4502.086	8.88608E-7
4508.147	8.88461E-7
4510.166	8.88574E-7
4530.374	8.88688E-7
4534.411	8.88591E-7
4536.435	8.88709E-7
4538.454	8.88508E-7
4560.681	8.88602E-7
4570.780	8.88763E-7
4572.804	8.88525E-7
4574.822	8.88625E-7
4576.841	8.88450E-7
4586.945	8.88583E-7
4588.964	8.88493E-7
4599.068	8.88636E-7
4615.254	8.88507E-7
4623.339	8.88417E-7
4635.456	8.88511E-7
4643.542	8.88604E-7
4653.641	8.88512E-7
4669.806	8.89165E-7
4671.830	8.88593E-7
4675.867	8.88872E-7
4677.886	8.88515E-7
4679.910	8.88658E-7
4692.043	8.88516E-7
4694.051	8.88659E-7
4696.070	8.91274E-7
4698.099	8.88540E-7
4714.254	8.93301E-7
4716.273	8.88649E-7
4730.425	8.88477E-7
4752.646	8.88585E-7
4760.726	8.88745E-7
4764.764	8.88612E-7
4768.806	8.88413E-7
4770.825	8.88515E-7
4772.844	8.88409E-7
4778.910	8.88520E-7
4784.967	8.86989E-7
4786.985	2.66762E-7
4789.009	1.80740E-7
4791.028	1.47877E-7
4793.052	1.41894E-7
4795.071	1.40096E-7
4797.089	1.40069E-7
4803.151	1.40037E-7
4807.193	1.38406E-7
4809.212	1.38260E-7
4811.236	1.38238E-7
4813.255	1.32822E-7
4815.274	1.26614E-7
4817.297	1.26523E-7
4819.316	1.26496E-7
4821.335	1.26197E-7
4823.359	1.24918E-7
4825.377	1.26096E-7
4827.396	1.26514E-7
4831.439	1.24910E-7
4833.458	1.26528E-7
4837.500	1.26542E-7
