Elapsed time [s]	Value [0,1]
0.000	9.58787E-4
0.105	9.53248E-4
2.126	9.51770E-4
4.148	9.52435E-4
6.169	9.54938E-4
8.188	9.60942E-4
10.209	9.60830E-4
12.228	9.59465E-4
14.249	9.54625E-4
16.270	9.55810E-4
18.289	9.55501E-4
20.310	9.58528E-4
22.329	9.58960E-4
24.350	9.68684E-4
26.372	9.88348E-4
28.393	9.76062E-4
30.412	9.73699E-4
32.433	9.68565E-4
34.452	9.66118E-4
36.473	9.68064E-4
38.494	9.64837E-4
40.513	9.63791E-4
42.534	9.65925E-4
44.556	9.61690E-4
46.577	9.63180E-4
48.596	9.75186E-4
50.617	9.71785E-4
52.636	9.66111E-4
54.657	9.62949E-4
56.679	9.65539E-4
58.697	9.66671E-4
60.729	9.65288E-4
62.737	9.67093E-4
64.759	9.69337E-4
66.780	9.75835E-4
68.806	9.76722E-4
70.820	9.78057E-4
72.841	9.77340E-4
74.863	9.77658E-4
76.881	9.76805E-4
78.903	9.80155E-4
80.924	9.83249E-4
82.943	9.83667E-4
84.964	9.75361E-4
86.983	9.72897E-4
89.004	9.70946E-4
93.044	9.74090E-4
95.065	9.80364E-4
97.087	9.77482E-4
99.105	9.83188E-4
101.127	9.87273E-4
103.148	9.85214E-4
105.167	9.85476E-4
107.188	9.86372E-4
109.207	9.84477E-4
111.228	9.86758E-4
113.250	9.81614E-4
115.271	9.86531E-4
117.290	9.86865E-4
119.311	9.78954E-4
121.330	9.71368E-4
123.351	9.70443E-4
125.372	9.64518E-4
127.391	9.65892E-4
129.412	9.66164E-4
131.431	9.64367E-4
133.452	9.70258E-4
135.474	9.73947E-4
137.495	9.70621E-4
139.514	9.69313E-4
141.535	9.75071E-4
143.554	9.76518E-4
145.575	9.77468E-4
147.596	9.76817E-4
149.615	9.66492E-4
151.636	9.63351E-4
153.660	9.62403E-4
155.679	9.61629E-4
157.698	9.62152E-4
159.719	9.64218E-4
161.738	9.68662E-4
163.759	9.62669E-4
165.780	9.60718E-4
167.799	9.64512E-4
169.821	9.66731E-4
171.842	9.72421E-4
173.863	9.77363E-4
175.882	9.83657E-4
177.903	9.85360E-4
179.932	9.71797E-4
181.943	9.68228E-4
183.965	9.65841E-4
185.983	9.64686E-4
188.005	9.63800E-4
190.023	9.63478E-4
192.045	9.74302E-4
194.066	9.71164E-4
196.085	9.70271E-4
198.106	9.72658E-4
200.125	9.71483E-4
202.146	9.73408E-4
204.167	9.74755E-4
206.189	9.71529E-4
208.207	9.75230E-4
210.236	9.72410E-4
212.250	9.75242E-4
214.269	9.76840E-4
216.290	9.75905E-4
218.309	9.70903E-4
220.330	9.72033E-4
222.351	9.70419E-4
224.373	9.70899E-4
226.392	9.76494E-4
228.413	9.74385E-4
230.432	9.68237E-4
232.453	9.73308E-4
236.493	9.82237E-4
238.525	9.90148E-4
240.546	9.97381E-4
242.572	9.95183E-4
244.591	9.89887E-4
246.597	9.93137E-4
248.618	9.88163E-4
250.637	9.88701E-4
252.658	9.93624E-4
254.677	9.84140E-4
256.698	9.79750E-4
258.717	9.69854E-4
260.738	9.67164E-4
262.760	9.62166E-4
264.781	9.64037E-4
266.800	9.62240E-4
268.821	9.63780E-4
270.842	9.66087E-4
272.861	9.65649E-4
274.882	9.71395E-4
276.914	9.74271E-4
278.922	9.72171E-4
280.944	9.61585E-4
282.973	9.52560E-4
284.984	9.62906E-4
287.005	9.55953E-4
289.024	9.52852E-4
291.045	9.52448E-4
293.067	9.49748E-4
295.085	9.52005E-4
297.107	9.50678E-4
299.125	9.55537E-4
301.165	9.53926E-4
303.168	9.50249E-4
305.189	9.50825E-4
307.208	9.49748E-4
309.227	9.50466E-4
311.256	9.48997E-4
313.269	9.59355E-4
315.291	9.66787E-4
317.309	9.64187E-4
319.331	9.65662E-4
321.352	9.66044E-4
323.371	9.71046E-4
325.392	9.64154E-4
327.411	9.69216E-4
329.432	9.66890E-4
331.453	9.60954E-4
333.475	9.64706E-4
335.494	9.63628E-4
337.515	9.56389E-4
339.534	9.60426E-4
341.555	9.61593E-4
343.576	9.63967E-4
345.595	9.65394E-4
347.616	9.63463E-4
349.635	9.65738E-4
351.656	9.62350E-4
353.678	9.59587E-4
355.699	9.58797E-4
357.718	9.54507E-4
359.739	9.53479E-4
361.760	9.54552E-4
363.779	9.55527E-4
365.800	9.56811E-4
367.819	9.59036E-4
369.840	9.60064E-4
371.862	9.59566E-4
373.883	9.55360E-4
375.902	9.53214E-4
377.923	9.54379E-4
379.942	9.58686E-4
381.963	9.61700E-4
383.984	9.62460E-4
386.003	9.61515E-4
388.024	9.60523E-4
390.046	9.62326E-4
392.067	9.71341E-4
394.091	9.68154E-4
396.115	9.65776E-4
398.131	9.62313E-4
400.150	9.61421E-4
402.176	9.67018E-4
404.187	9.68662E-4
406.209	9.68388E-4
408.227	9.69049E-4
410.249	9.66737E-4
412.270	9.61275E-4
414.291	9.62041E-4
416.310	9.66802E-4
418.331	9.68765E-4
420.350	9.65524E-4
422.371	9.60992E-4
424.408	9.57139E-4
426.417	9.56033E-4
428.433	9.59447E-4
430.454	9.60432E-4
432.473	9.58800E-4
434.494	9.58519E-4
436.513	9.62387E-4
438.534	9.65650E-4
440.555	9.66620E-4
442.577	9.64393E-4
444.595	9.62102E-4
446.617	9.63691E-4
448.636	9.61943E-4
450.657	9.60930E-4
452.678	9.64542E-4
454.697	9.61906E-4
456.718	9.59998E-4
458.737	9.63168E-4
460.758	9.60000E-4
462.780	9.62397E-4
464.801	9.56240E-4
466.820	9.60766E-4
468.841	9.57227E-4
470.867	9.56602E-4
472.881	9.55801E-4
474.902	9.55155E-4
476.921	9.52894E-4
478.942	9.53926E-4
480.964	9.57397E-4
482.985	9.57127E-4
485.004	9.54938E-4
487.025	9.57350E-4
489.044	9.57020E-4
491.065	9.59468E-4
493.086	9.62882E-4
495.105	9.63676E-4
497.129	9.63949E-4
499.148	9.67102E-4
501.169	9.61117E-4
503.188	9.67990E-4
505.209	9.64949E-4
507.228	9.64144E-4
509.249	9.64649E-4
511.270	9.63683E-4
513.289	9.62468E-4
515.311	9.60159E-4
517.329	9.58242E-4
519.351	9.59577E-4
521.372	9.60165E-4
523.401	9.54650E-4
525.417	9.55340E-4
527.433	9.58885E-4
529.452	9.57346E-4
531.473	9.59511E-4
533.495	9.65616E-4
535.513	9.57356E-4
537.532	9.52582E-4
539.556	9.53229E-4
541.577	9.50535E-4
543.596	9.51083E-4
547.636	9.58109E-4
549.657	9.63251E-4
551.679	9.64975E-4
553.697	9.62448E-4
555.719	9.46517E-4
557.737	9.48347E-4
559.759	9.43916E-4
561.780	9.44062E-4
563.799	9.45292E-4
565.820	9.47086E-4
567.841	9.46513E-4
569.863	9.42843E-4
571.882	9.43458E-4
573.903	9.50414E-4
575.927	9.58405E-4
577.943	9.57376E-4
579.964	9.52093E-4
581.983	9.49752E-4
584.004	9.50213E-4
586.023	9.49784E-4
588.044	9.47610E-4
590.066	9.44151E-4
592.087	9.43993E-4
594.106	9.43190E-4
596.127	9.50724E-4
598.148	9.42686E-4
600.167	9.41399E-4
602.188	9.39819E-4
604.207	9.41615E-4
606.236	9.45725E-4
608.250	9.46638E-4
610.271	9.52551E-4
612.290	9.57645E-4
614.311	9.60027E-4
616.330	9.48568E-4
618.351	9.49223E-4
620.372	9.53595E-4
622.391	9.50836E-4
624.412	9.51834E-4
626.431	9.51502E-4
628.453	9.52975E-4
630.474	9.51795E-4
632.495	9.53957E-4
634.514	9.55522E-4
636.535	9.50938E-4
638.554	9.48670E-4
640.575	9.44220E-4
642.597	9.49998E-4
644.615	9.54223E-4
646.642	9.54889E-4
648.658	9.73754E-4
650.679	9.66942E-4
652.698	9.63224E-4
654.717	9.55659E-4
656.738	9.51289E-4
658.759	9.51634E-4
660.781	9.49176E-4
662.799	9.49532E-4
664.821	9.46082E-4
666.842	9.49812E-4
668.863	9.49222E-4
670.882	9.54147E-4
672.901	9.59420E-4
674.922	9.68678E-4
676.943	9.60401E-4
678.965	9.50108E-4
680.983	9.53491E-4
683.005	9.55169E-4
685.024	9.52697E-4
687.045	9.50414E-4
689.066	9.44889E-4
691.085	9.52314E-4
693.106	9.58474E-4
695.125	9.60340E-4
697.149	9.57948E-4
699.168	9.55777E-4
701.189	9.52494E-4
703.208	9.54579E-4
705.229	9.46045E-4
707.255	9.48922E-4
709.272	9.50389E-4
711.290	9.47881E-4
713.309	9.45963E-4
715.330	9.51588E-4
717.352	9.48747E-4
719.373	9.50058E-4
721.392	9.49822E-4
723.413	9.50024E-4
725.432	9.47972E-4
727.453	9.43537E-4
729.480	9.48712E-4
731.493	9.49498E-4
733.514	9.42655E-4
735.538	9.51175E-4
737.554	9.55308E-4
739.576	9.56675E-4
741.597	9.55905E-4
743.616	9.53630E-4
745.637	9.56225E-4
747.658	9.58323E-4
749.677	9.60323E-4
751.699	9.56772E-4
753.725	9.55211E-4
755.739	9.50015E-4
757.768	9.56063E-4
759.781	9.55549E-4
761.800	9.49760E-4
763.821	9.44826E-4
765.840	9.47410E-4
767.861	9.45714E-4
769.883	9.43284E-4
771.901	9.39706E-4
773.923	9.45359E-4
775.944	9.43480E-4
777.963	9.45160E-4
779.984	9.46414E-4
782.003	9.41259E-4
784.024	9.39295E-4
786.045	9.42497E-4
788.067	9.45926E-4
790.085	9.43723E-4
792.107	9.44625E-4
794.125	9.46900E-4
796.149	9.50864E-4
798.168	9.53823E-4
800.187	9.45325E-4
802.208	9.44407E-4
804.227	9.44160E-4
806.248	9.46362E-4
808.270	9.46575E-4
810.291	9.46408E-4
812.310	9.49286E-4
814.331	9.49745E-4
816.352	9.52844E-4
818.371	9.58106E-4
820.392	9.64576E-4
822.411	9.67467E-4
824.432	9.59718E-4
826.454	9.49255E-4
828.475	9.48048E-4
830.494	9.46057E-4
832.515	9.41384E-4
834.534	9.40743E-4
836.555	9.42750E-4
838.576	9.44054E-4
840.595	9.42329E-4
842.616	9.41512E-4
844.643	9.44045E-4
846.656	9.42235E-4
848.678	9.40935E-4
850.699	9.43770E-4
852.718	9.45576E-4
854.739	9.50813E-4
856.758	9.49697E-4
858.779	9.45675E-4
860.800	9.49512E-4
862.819	9.52850E-4
864.841	9.52077E-4
866.862	9.47410E-4
868.883	9.48663E-4
870.902	9.47845E-4
872.931	9.48198E-4
874.942	9.49185E-4
876.963	9.54212E-4
878.985	9.54810E-4
881.003	9.50547E-4
883.025	9.51114E-4
885.046	9.47975E-4
887.065	9.47060E-4
889.086	9.45376E-4
891.105	9.49165E-4
893.126	9.47480E-4
895.147	9.52502E-4
897.169	9.52853E-4
899.187	9.56221E-4
901.209	9.57370E-4
903.227	9.51788E-4
905.249	9.45938E-4
907.270	9.44991E-4
909.289	9.43333E-4
911.310	9.47659E-4
913.329	9.44924E-4
915.350	9.46026E-4
917.371	9.42294E-4
919.393	9.38508E-4
921.412	9.39877E-4
923.433	9.39982E-4
925.454	9.38456E-4
927.473	9.39311E-4
929.494	9.42278E-4
931.513	9.42838E-4
933.534	9.38670E-4
935.556	9.44391E-4
937.577	9.44546E-4
939.596	9.37079E-4
941.617	9.32363E-4
943.636	9.40219E-4
945.657	9.41880E-4
947.678	9.41624E-4
949.697	9.45321E-4
951.718	9.43457E-4
953.737	9.44883E-4
955.758	9.46322E-4
957.780	9.40171E-4
959.801	9.41965E-4
963.841	9.41305E-4
965.862	9.37302E-4
967.881	9.40549E-4
969.902	9.42548E-4
971.921	9.46586E-4
973.943	9.44757E-4
975.979	9.45576E-4
977.985	9.41686E-4
980.006	9.45042E-4
982.025	9.48910E-4
984.046	9.42874E-4
986.068	9.44276E-4
988.087	9.42466E-4
990.105	9.41870E-4
992.124	9.48133E-4
994.148	9.46942E-4
996.169	9.49150E-4
998.188	9.46267E-4
1000.209	9.54376E-4
1002.228	9.52077E-4
1004.249	9.53488E-4
1006.271	9.55577E-4
1008.289	9.58955E-4
1010.311	9.59463E-4
1012.329	9.56446E-4
1014.351	9.54284E-4
1016.372	9.57625E-4
1018.391	9.68194E-4
1020.412	9.65369E-4
1022.431	9.57547E-4
1024.452	9.49913E-4
1026.473	9.51372E-4
1028.495	9.48538E-4
1030.514	9.45789E-4
1032.535	9.57748E-4
1034.572	9.48322E-4
1036.575	9.42039E-4
1038.596	9.35447E-4
1040.615	9.39870E-4
1042.636	9.44573E-4
1044.655	9.48064E-4
1046.679	9.47809E-4
1048.698	9.43385E-4
1050.719	9.44985E-4
1052.743	9.42555E-4
1054.759	9.43466E-4
1056.780	9.39631E-4
1058.799	9.37727E-4
1060.820	9.36402E-4
1062.842	9.34057E-4
1064.863	9.35237E-4
1066.882	9.35817E-4
1068.903	9.38495E-4
1074.964	9.32656E-4
1076.983	9.31355E-4
1079.004	9.33695E-4
1081.023	9.42396E-4
1083.044	9.40296E-4
1085.066	9.40575E-4
1087.087	9.39742E-4
1089.106	9.39040E-4
1091.127	9.44342E-4
1093.146	9.38928E-4
1095.167	9.37541E-4
1097.189	9.34058E-4
1099.207	9.33209E-4
1101.229	9.40128E-4
1103.250	9.40424E-4
1107.290	9.32088E-4
1109.311	9.34804E-4
1111.330	9.35766E-4
1113.351	9.33367E-4
1115.373	9.31071E-4
1117.391	9.36921E-4
1119.413	9.37651E-4
1121.431	9.38277E-4
1123.453	9.34902E-4
1125.474	9.35791E-4
1127.493	9.32005E-4
1129.514	9.33197E-4
1131.533	9.37523E-4
1133.557	9.39171E-4
1135.575	9.40619E-4
1137.597	9.42829E-4
1139.615	9.40204E-4
1141.637	9.35714E-4
1143.658	9.40314E-4
1145.677	9.44261E-4
1147.698	9.43841E-4
1149.717	9.43594E-4
1151.738	9.44421E-4
1153.760	9.45592E-4
1155.781	9.42953E-4
1157.800	9.41227E-4
1159.821	9.38818E-4
1161.842	9.35684E-4
1163.861	9.37343E-4
1165.882	9.39248E-4
1167.901	9.38374E-4
1169.922	9.38010E-4
1171.944	9.30616E-4
1173.965	9.26340E-4
1175.986	9.23140E-4
1178.005	9.24785E-4
1180.024	9.27000E-4
1182.045	9.28192E-4
1184.066	9.30062E-4
1186.085	9.30642E-4
1188.106	9.29403E-4
1190.125	9.31671E-4
1192.146	9.32780E-4
1194.168	9.33240E-4
1196.189	9.36134E-4
1198.208	9.42482E-4
1200.229	9.34400E-4
1202.248	9.33321E-4
1204.269	9.31089E-4
1206.290	9.35575E-4
1210.331	9.36905E-4
1212.352	9.33614E-4
1214.373	9.31786E-4
1216.392	9.23672E-4
1218.413	9.24775E-4
1220.432	9.30341E-4
1222.453	9.33574E-4
1224.475	9.34367E-4
1226.493	9.38730E-4
1228.515	9.38889E-4
1230.533	9.34310E-4
1232.555	9.32452E-4
1234.576	9.32014E-4
1236.597	9.35291E-4
1238.616	9.31403E-4
1240.635	9.33459E-4
1242.656	9.34768E-4
1244.677	9.34891E-4
1246.699	9.35204E-4
1248.717	9.36680E-4
1250.739	9.34763E-4
1252.760	9.23568E-4
1254.779	9.17402E-4
1256.800	9.14574E-4
1258.819	9.25660E-4
1260.840	9.33082E-4
1262.861	9.33945E-4
1264.883	9.32001E-4
1266.902	9.31871E-4
1268.923	9.27861E-4
1270.944	9.26588E-4
1272.963	9.29795E-4
1274.984	9.27877E-4
1277.003	9.30916E-4
1279.024	9.38848E-4
1281.046	9.43071E-4
1283.067	9.42275E-4
1285.086	9.40287E-4
1287.107	9.38903E-4
1289.126	9.41379E-4
1291.147	9.39880E-4
1293.168	9.40974E-4
1295.187	9.37285E-4
1297.208	9.35404E-4
1299.227	9.36268E-4
1301.248	9.33105E-4
1303.270	9.36197E-4
1305.291	9.33114E-4
1307.310	9.32413E-4
1309.331	9.34188E-4
1311.350	9.37855E-4
1313.371	9.47259E-4
1315.392	9.42221E-4
1317.429	9.36697E-4
1319.432	9.32069E-4
1321.454	9.33520E-4
1323.475	9.35721E-4
1325.494	9.35295E-4
1327.515	9.32002E-4
1329.534	9.35076E-4
1331.555	9.40473E-4
1333.577	9.29700E-4
1335.595	9.31214E-4
1337.617	9.28195E-4
1339.635	9.30090E-4
1341.657	9.33956E-4
1343.678	9.31387E-4
1345.699	9.31637E-4
1347.718	9.31776E-4
1349.737	9.31539E-4
1351.758	9.31150E-4
1353.779	9.33255E-4
1355.801	9.34772E-4
1357.819	9.36447E-4
1359.841	9.32430E-4
1363.881	9.30855E-4
1365.902	9.29765E-4
1367.921	9.30679E-4
1369.942	9.31221E-4
1371.963	9.29840E-4
1373.985	9.34765E-4
1376.003	9.37714E-4
1378.025	9.34328E-4
1380.046	9.30515E-4
1382.065	9.27103E-4
1384.086	9.26235E-4
1386.105	9.27930E-4
1388.126	9.23821E-4
1390.148	9.26586E-4
1392.169	9.24301E-4
1394.188	9.29338E-4
1396.209	9.26140E-4
1398.228	9.23108E-4
1400.249	9.30728E-4
1402.270	9.37091E-4
1404.289	9.33588E-4
1406.310	9.25811E-4
1408.329	9.27217E-4
1410.353	9.27024E-4
1412.372	9.27432E-4
1414.393	9.30370E-4
1416.412	9.26714E-4
1418.433	9.29160E-4
1420.452	9.28304E-4
1422.473	9.26399E-4
1424.494	9.32915E-4
1426.513	9.32270E-4
1428.537	9.27234E-4
1430.556	9.30019E-4
1432.585	9.35377E-4
1434.596	9.38034E-4
1436.617	9.43653E-4
1438.636	9.46814E-4
1440.657	9.40296E-4
1442.678	9.36118E-4
1444.697	9.37748E-4
1446.716	9.35543E-4
1448.737	9.39265E-4
1450.759	9.37584E-4
1452.780	9.40648E-4
1454.801	9.38542E-4
1456.820	9.36840E-4
1458.841	9.38570E-4
1460.863	9.37356E-4
1462.881	9.36037E-4
1464.900	9.37657E-4
1466.924	9.37891E-4
1468.943	9.38381E-4
1470.967	9.35669E-4
1472.985	9.34282E-4
1475.004	9.29701E-4
1477.023	9.31250E-4
1479.047	9.33485E-4
1481.065	9.30449E-4
1483.084	9.29825E-4
1485.108	9.27900E-4
1487.127	9.24256E-4
1489.146	9.25855E-4
1491.169	9.24277E-4
1493.188	9.27262E-4
1497.226	9.26812E-4
1499.249	9.27332E-4
1501.268	9.21702E-4
1503.292	9.19922E-4
1505.311	9.22050E-4
1507.330	9.25593E-4
1509.353	9.25793E-4
1511.372	9.23480E-4
1515.410	9.24680E-4
1517.434	9.15582E-4
1519.452	9.13492E-4
1521.476	9.20072E-4
1523.495	9.23209E-4
1525.514	9.18512E-4
1527.548	9.18838E-4
1529.556	9.19366E-4
1531.575	9.24242E-4
1533.594	9.24440E-4
1535.618	9.25152E-4
1537.636	9.22072E-4
1539.655	9.21661E-4
1541.679	9.26352E-4
1543.698	9.25976E-4
1545.717	9.26113E-4
1547.740	9.29257E-4
1549.759	9.28162E-4
1551.778	9.23838E-4
1553.802	9.25712E-4
1555.820	9.25831E-4
1557.839	9.24513E-4
1559.863	9.23610E-4
1561.882	9.29216E-4
1563.901	9.33333E-4
1565.924	9.29764E-4
1567.943	9.25818E-4
1569.962	9.30341E-4
1571.986	9.38371E-4
1574.005	9.35027E-4
1576.023	9.28351E-4
1578.047	9.27715E-4
1580.066	9.22720E-4
1582.085	9.30579E-4
1584.103	9.41379E-4
1586.127	9.38977E-4
1588.146	9.38058E-4
1590.170	9.40935E-4
1592.189	9.33938E-4
1594.207	9.31671E-4
1596.226	9.34835E-4
1598.250	9.33580E-4
1600.269	9.37030E-4
1602.288	9.37915E-4
1604.311	9.30108E-4
1606.330	9.27447E-4
1608.349	9.32379E-4
1610.373	9.28719E-4
1612.392	9.26216E-4
1614.415	9.23480E-4
1616.434	9.24103E-4
1618.453	9.21567E-4
1620.472	9.23514E-4
1622.495	9.22254E-4
1624.525	9.25536E-4
1626.533	9.25711E-4
1628.557	9.30296E-4
1630.576	9.29992E-4
1632.594	9.28085E-4
1634.618	9.31850E-4
1636.637	9.27938E-4
1638.676	9.30169E-4
1640.680	9.29767E-4
1642.698	9.24869E-4
1644.717	9.27916E-4
1646.736	9.24568E-4
1648.760	9.26815E-4
1650.778	9.30865E-4
1652.802	9.27414E-4
1654.821	9.25802E-4
1656.840	9.30011E-4
1658.864	9.25259E-4
1660.882	9.24242E-4
1662.901	9.23824E-4
1666.944	9.27113E-4
1668.963	9.21176E-4
1670.986	9.19253E-4
1673.005	9.22258E-4
1675.024	9.23274E-4
1677.043	9.23979E-4
1679.077	9.24164E-4
1681.085	9.27444E-4
1683.104	9.26906E-4
1685.128	9.25104E-4
1687.147	9.26810E-4
1689.170	9.24735E-4
1691.189	9.24264E-4
1693.213	9.22416E-4
1695.227	9.26292E-4
1697.251	9.22471E-4
1699.269	9.22765E-4
1701.288	9.28493E-4
1703.312	9.32002E-4
1705.331	9.25553E-4
1707.349	9.28885E-4
1709.373	9.28344E-4
1711.392	9.28645E-4
1713.411	9.33732E-4
1715.430	9.35538E-4
1717.453	9.35839E-4
1719.472	9.35988E-4
1721.496	9.35018E-4
1723.515	9.30130E-4
1725.534	9.33182E-4
1727.557	9.28025E-4
1729.576	9.25632E-4
1731.595	9.27350E-4
1733.614	9.31691E-4
1735.638	9.31332E-4
1737.661	9.27573E-4
1739.680	9.25522E-4
1741.699	9.25656E-4
1743.718	9.26214E-4
1745.736	9.30315E-4
1747.760	9.28561E-4
1749.779	9.34450E-4
1751.798	9.39083E-4
1753.822	9.33066E-4
1755.840	9.29487E-4
1757.864	9.29880E-4
1759.883	9.32503E-4
1761.902	9.30305E-4
1763.920	9.27509E-4
1765.944	9.27892E-4
1767.963	9.25904E-4
1769.982	9.25505E-4
1772.006	9.29657E-4
1774.024	9.30449E-4
1776.043	9.29689E-4
1778.067	9.23133E-4
1780.086	9.19722E-4
1782.105	9.22510E-4
1784.128	9.26743E-4
1786.147	9.22462E-4
1788.166	9.19276E-4
1790.190	9.23185E-4
1792.209	9.23391E-4
1794.227	9.15360E-4
1796.246	9.14237E-4
1798.270	9.23494E-4
1802.313	9.25536E-4
1804.331	9.26688E-4
1806.350	9.27645E-4
1808.374	9.28995E-4
1810.393	9.30694E-4
1812.411	9.31087E-4
1814.430	9.26301E-4
1816.454	9.29669E-4
1818.473	9.29940E-4
1820.491	9.29576E-4
1822.515	9.25849E-4
1824.534	9.31390E-4
1826.553	9.28392E-4
1828.577	9.25356E-4
1830.601	9.26779E-4
1832.614	9.26644E-4
1834.638	9.22060E-4
1836.657	9.20308E-4
1838.676	9.18595E-4
1840.699	9.21604E-4
1842.718	9.23854E-4
1846.761	9.21439E-4
1848.780	9.26739E-4
1850.798	9.23991E-4
1852.822	9.22790E-4
1854.841	9.22209E-4
1856.860	9.23602E-4
1858.884	9.24705E-4
1860.902	9.28007E-4
1862.921	9.31746E-4
1864.945	9.40052E-4
1866.964	9.36529E-4
1868.987	9.34923E-4
1871.006	9.32971E-4
1873.025	9.31704E-4
1875.044	9.32254E-4
1877.068	9.31120E-4
1879.086	9.34124E-4
1881.105	9.40752E-4
1883.124	9.38095E-4
1885.148	9.35705E-4
1887.166	9.29704E-4
1889.190	9.38478E-4
1891.209	9.35237E-4
1893.228	9.27679E-4
1895.247	9.35459E-4
1897.270	9.41400E-4
1899.305	9.53585E-4
1901.308	9.64491E-4
1903.332	9.68945E-4
1905.351	9.60596E-4
1907.374	9.55740E-4
1909.393	9.55635E-4
1911.412	9.53858E-4
1913.431	9.47002E-4
1915.455	9.48797E-4
1917.473	9.42884E-4
1919.492	9.39532E-4
1921.516	9.37189E-4
1923.535	9.48553E-4
1925.553	9.51120E-4
1927.577	9.47601E-4
1929.596	9.48350E-4
1931.615	9.46771E-4
1933.633	9.44342E-4
1935.657	9.45146E-4
1937.676	9.43795E-4
1939.700	9.42354E-4
1941.719	9.47410E-4
1943.737	9.46783E-4
1945.761	9.41822E-4
1947.780	9.45149E-4
1949.799	9.43071E-4
1951.823	9.46157E-4
1953.841	9.49581E-4
1955.860	9.42127E-4
1957.884	9.37955E-4
1959.903	9.34494E-4
1961.922	9.35142E-4
1963.945	9.36879E-4
1965.964	9.34589E-4
1967.983	9.32834E-4
1970.002	9.29536E-4
1972.026	9.31287E-4
1974.044	9.31402E-4
1976.068	9.27506E-4
1978.087	9.22488E-4
1980.106	9.19533E-4
1982.124	9.15444E-4
1984.148	9.14863E-4
1986.167	9.13300E-4
1988.186	9.12879E-4
1990.210	9.13075E-4
1992.228	9.17421E-4
1994.247	9.19378E-4
1996.271	9.19978E-4
1998.290	9.22798E-4
2000.308	9.17003E-4
2002.332	9.19354E-4
2004.351	9.17965E-4
2006.370	9.18292E-4
2008.394	9.18590E-4
2010.412	9.18233E-4
2012.431	9.16766E-4
2014.455	9.24166E-4
2016.474	9.19724E-4
2018.493	9.26255E-4
2020.516	9.27289E-4
2022.535	9.24256E-4
2024.554	9.23109E-4
2026.578	9.24468E-4
2028.597	9.22701E-4
2030.615	9.22328E-4
2032.634	9.28555E-4
2034.658	9.26839E-4
2036.677	9.30487E-4
2038.701	9.31542E-4
2040.719	9.34812E-4
2042.738	9.32406E-4
2044.757	9.27560E-4
2046.781	9.29017E-4
2048.799	9.34394E-4
2050.818	9.33157E-4
2052.842	9.38383E-4
2054.861	9.41041E-4
2056.879	9.34169E-4
2058.903	9.31458E-4
2060.922	9.34665E-4
2062.941	9.38810E-4
2064.965	9.37052E-4
2066.983	9.33003E-4
2069.002	9.23954E-4
2071.026	9.21443E-4
2073.045	9.19522E-4
2075.064	9.14445E-4
2077.087	9.18958E-4
2079.106	9.17877E-4
2081.125	9.23702E-4
2083.149	9.24736E-4
2085.168	9.25942E-4
2087.186	9.21904E-4
2089.210	9.19257E-4
2091.229	9.13151E-4
2093.248	9.19139E-4
2095.272	9.25203E-4
2097.290	9.24467E-4
2099.309	9.30578E-4
2101.328	9.31668E-4
2103.352	9.34128E-4
2105.370	9.24441E-4
2107.394	9.23267E-4
2109.413	9.23459E-4
2111.432	9.24842E-4
2113.461	9.24161E-4
2115.474	9.25401E-4
2117.493	9.24103E-4
2119.512	9.28116E-4
2121.536	9.32322E-4
2123.554	9.29163E-4
2125.578	9.30469E-4
2127.597	9.33206E-4
2129.616	9.25353E-4
2131.635	9.18211E-4
2133.669	9.18940E-4
2135.677	9.19957E-4
2137.696	9.21403E-4
2139.720	9.22716E-4
2141.739	9.32053E-4
2143.757	9.34504E-4
2145.781	9.27082E-4
2147.800	9.25779E-4
2149.819	9.24285E-4
2151.843	9.17512E-4
2153.861	9.16271E-4
2155.880	9.14259E-4
2157.904	9.21573E-4
2159.923	9.18971E-4
2161.941	9.26143E-4
2163.965	9.26839E-4
2165.984	9.34988E-4
2168.003	9.38506E-4
2170.021	9.39552E-4
2172.045	9.36213E-4
2174.064	9.35847E-4
2176.088	9.34629E-4
2178.107	9.31704E-4
2180.125	9.34035E-4
2182.149	9.31326E-4
2184.168	9.31501E-4
2186.187	9.32007E-4
2188.206	9.36426E-4
2190.229	9.35398E-4
2192.248	9.38521E-4
2194.272	9.33866E-4
2196.291	9.28807E-4
2198.310	9.27793E-4
2200.328	9.30376E-4
2202.368	9.31649E-4
2204.371	9.26404E-4
2206.390	9.24876E-4
2208.414	9.29704E-4
2210.432	9.38421E-4
2212.451	9.39083E-4
2214.475	9.41668E-4
2216.494	9.42260E-4
2218.512	9.35219E-4
2220.536	9.30865E-4
2222.555	9.28341E-4
2224.574	9.24894E-4
2226.598	9.26341E-4
2228.616	9.23409E-4
2230.635	9.28500E-4
2232.659	9.31405E-4
2234.678	9.41505E-4
2236.696	9.45328E-4
2238.720	9.38357E-4
2240.739	9.36317E-4
2242.758	9.32992E-4
2244.782	9.32153E-4
2246.800	9.34918E-4
2248.819	9.36742E-4
2250.838	9.31817E-4
2252.862	9.32594E-4
2254.881	9.33881E-4
2256.904	9.32954E-4
2258.923	9.28707E-4
2260.942	9.26256E-4
2262.966	9.26518E-4
2264.985	9.27916E-4
2267.003	9.30499E-4
2269.022	9.33269E-4
2271.046	9.33921E-4
2273.065	9.32042E-4
2275.089	9.31528E-4
2277.107	9.25663E-4
2279.126	9.29120E-4
2281.145	9.28204E-4
2283.169	9.28317E-4
2285.187	9.24459E-4
2287.206	9.25913E-4
2289.230	9.23893E-4
2291.249	9.20549E-4
2293.267	9.20749E-4
2295.291	9.23401E-4
2297.310	9.24441E-4
2299.329	9.28588E-4
2301.353	9.25991E-4
2303.371	9.26697E-4
2305.390	9.22835E-4
2307.414	9.22287E-4
2309.433	9.23383E-4
2311.452	9.26913E-4
2313.475	9.31793E-4
2315.494	9.30429E-4
2317.513	9.30108E-4
2319.532	9.26819E-4
2321.556	9.28298E-4
2323.574	9.27836E-4
2325.598	9.26340E-4
2327.617	9.23486E-4
2329.636	9.27718E-4
2331.660	9.30482E-4
2333.699	9.25213E-4
2335.697	9.26450E-4
2337.716	9.28177E-4
2339.740	9.20904E-4
2341.758	9.22574E-4
2343.782	9.22064E-4
2345.801	9.23948E-4
2347.820	9.23450E-4
2349.844	9.27620E-4
2351.862	9.24535E-4
2353.886	9.21643E-4
2355.910	9.18253E-4
2357.924	9.20635E-4
2359.953	9.24674E-4
2361.966	9.22264E-4
2363.985	9.27401E-4
2366.004	9.24861E-4
2368.023	9.20984E-4
2370.046	9.25337E-4
2372.065	9.21340E-4
2374.084	9.21623E-4
2376.108	9.21872E-4
2378.127	9.20466E-4
2380.145	9.18157E-4
2382.169	9.20211E-4
2384.188	9.15463E-4
2386.207	9.19616E-4
2388.231	9.23817E-4
2390.249	9.20680E-4
2392.268	9.19104E-4
2394.292	9.17949E-4
2396.311	9.22875E-4
2398.329	9.23163E-4
2400.353	9.20920E-4
2402.372	9.26481E-4
2404.391	9.26292E-4
2406.409	9.22206E-4
2408.433	9.23286E-4
2410.452	9.25949E-4
2412.476	9.25267E-4
2414.495	9.25863E-4
2416.513	9.29375E-4
2418.537	9.27225E-4
2420.556	9.26566E-4
2422.575	9.26150E-4
2424.594	9.33051E-4
2426.617	9.26010E-4
2428.636	9.26769E-4
2430.655	9.27305E-4
2432.679	9.24696E-4
2434.698	9.24376E-4
2436.716	9.20661E-4
2438.740	9.20285E-4
2440.759	9.24344E-4
2442.778	9.22942E-4
2444.802	9.21522E-4
2446.820	9.26736E-4
2448.839	9.28505E-4
2450.863	9.25310E-4
2452.882	9.25174E-4
2454.900	9.24689E-4
2456.924	9.23631E-4
2458.943	9.26299E-4
2460.962	9.23735E-4
2462.986	9.24291E-4
2465.004	9.26192E-4
2467.023	9.25480E-4
2469.047	9.24252E-4
2471.066	9.24113E-4
2473.084	9.27103E-4
2475.108	9.29211E-4
2477.127	9.27360E-4
2479.146	9.24976E-4
2481.170	9.21087E-4
2483.188	9.19922E-4
2485.207	9.22434E-4
2487.226	9.23303E-4
2489.250	9.26118E-4
2491.269	9.28177E-4
2493.292	9.34231E-4
2495.311	9.31291E-4
2497.330	9.28950E-4
2499.349	9.27837E-4
2501.373	9.32871E-4
2503.391	9.33662E-4
2505.410	9.27337E-4
2507.434	9.27866E-4
2509.453	9.22663E-4
2511.477	9.23368E-4
2513.495	9.26642E-4
2515.514	9.25067E-4
2517.533	9.20127E-4
2519.557	9.15453E-4
2521.575	9.15340E-4
2523.594	9.19573E-4
2525.618	9.21230E-4
2527.637	9.24602E-4
2529.655	9.26951E-4
2531.679	9.23812E-4
2533.698	9.27128E-4
2535.717	9.24853E-4
2537.736	9.24049E-4
2539.759	9.26831E-4
2541.778	9.28204E-4
2543.802	9.31077E-4
2545.821	9.35002E-4
2547.855	9.27098E-4
2549.863	9.32737E-4
2551.882	9.36305E-4
2553.901	9.36817E-4
2555.920	9.33965E-4
2557.944	9.32084E-4
2559.962	9.34222E-4
2561.986	9.31573E-4
2564.005	9.32375E-4
2566.024	9.31065E-4
2568.048	9.30905E-4
2570.066	9.33225E-4
2572.085	9.35642E-4
2574.104	9.34897E-4
2576.128	9.31643E-4
2580.170	9.33906E-4
2582.189	9.30165E-4
2584.208	9.25551E-4
2586.226	9.22646E-4
2588.250	9.24292E-4
2590.269	9.25498E-4
2592.288	9.21503E-4
2594.312	9.19111E-4
2596.330	9.23665E-4
2598.349	9.23185E-4
2600.373	9.20890E-4
2602.392	9.24550E-4
2604.411	9.28763E-4
2606.434	9.32915E-4
2608.453	9.35833E-4
2610.477	9.30801E-4
2612.496	9.31029E-4
2614.515	9.33242E-4
2616.533	9.33057E-4
2618.557	9.35113E-4
2620.576	9.35967E-4
2622.595	9.32826E-4
2624.619	9.37006E-4
2626.637	9.34096E-4
2628.656	9.33112E-4
2630.680	9.31738E-4
2632.699	9.28552E-4
2634.717	9.30677E-4
2636.736	9.27810E-4
2638.760	9.21223E-4
2640.779	9.25966E-4
2642.798	9.29393E-4
2644.821	9.29299E-4
2646.840	9.25326E-4
2648.864	9.31491E-4
2650.883	9.32866E-4
2652.901	9.29140E-4
2654.920	9.29618E-4
2656.944	9.28186E-4
2658.963	9.26661E-4
2660.982	9.25308E-4
2663.005	9.30269E-4
2665.024	9.27673E-4
2667.043	9.31549E-4
2669.067	9.36352E-4
2671.086	9.37332E-4
2673.104	9.36000E-4
2675.128	9.29533E-4
2677.147	9.30162E-4
2679.166	9.29049E-4
2681.190	9.27551E-4
2683.208	9.25714E-4
2687.251	9.26979E-4
2689.270	9.23102E-4
2691.288	9.21989E-4
2693.312	9.26374E-4
2695.331	9.24388E-4
2697.350	9.26864E-4
2699.374	9.20816E-4
2701.392	9.19433E-4
2703.411	9.28338E-4
2705.430	9.32467E-4
2707.454	9.31099E-4
2709.472	9.36170E-4
2711.496	9.34951E-4
2713.515	9.33789E-4
2715.534	9.31914E-4
2717.553	9.36304E-4
2719.576	9.31147E-4
2721.595	9.37794E-4
2723.614	9.33120E-4
2725.638	9.33610E-4
2727.657	9.30698E-4
2729.680	9.35958E-4
2731.699	9.33175E-4
2733.718	9.33668E-4
2735.737	9.35772E-4
2737.761	9.38855E-4
2739.779	9.41335E-4
2741.798	9.32018E-4
2743.822	9.29657E-4
2745.841	9.24903E-4
2747.865	9.28028E-4
2749.883	9.26876E-4
2751.902	9.28839E-4
2753.921	9.32349E-4
2755.945	9.31545E-4
2757.963	9.29724E-4
2759.982	9.25927E-4
2762.006	9.30367E-4
2764.025	9.28466E-4
2766.044	9.26979E-4
2768.073	9.37596E-4
2770.086	9.35632E-4
2772.105	9.38122E-4
2774.124	9.33912E-4
2776.147	9.34775E-4
2778.171	9.28153E-4
2780.190	9.27693E-4
2782.209	9.24869E-4
2784.228	9.29250E-4
2786.251	9.26435E-4
2788.270	9.26578E-4
2790.289	9.29557E-4
2792.308	9.24888E-4
2794.332	9.24209E-4
2796.350	9.27491E-4
2798.374	9.23981E-4
2800.393	9.25268E-4
2802.412	9.25580E-4
2804.430	9.26209E-4
2806.454	9.26454E-4
2808.473	9.22501E-4
2810.492	9.23665E-4
2812.516	9.24960E-4
2814.534	9.23274E-4
2816.553	9.19533E-4
2818.577	9.23218E-4
2820.596	9.24839E-4
2822.615	9.25815E-4
2824.644	9.33066E-4
2826.662	9.29004E-4
2828.676	9.27615E-4
2830.700	9.20549E-4
2832.719	9.25769E-4
2834.737	9.21409E-4
2836.761	9.25753E-4
2838.780	9.27940E-4
2840.799	9.24981E-4
2842.822	9.29774E-4
2844.841	9.30630E-4
2846.870	9.28870E-4
2848.884	9.30706E-4
2850.903	9.26524E-4
2852.921	9.27420E-4
2854.945	9.23029E-4
2856.964	9.21336E-4
2858.983	9.27043E-4
2861.001	9.25462E-4
2863.025	9.26018E-4
2865.044	9.26159E-4
2867.068	9.29956E-4
2869.092	9.30245E-4
2871.105	9.27462E-4
2873.124	9.23064E-4
2875.148	9.25553E-4
2877.167	9.29295E-4
2879.186	9.28956E-4
2881.209	9.27414E-4
2883.228	9.24259E-4
2885.247	9.31314E-4
2887.271	9.40971E-4
2889.290	9.43521E-4
2891.308	9.42686E-4
2895.351	9.35392E-4
2897.370	9.39718E-4
2899.393	9.41794E-4
2901.412	9.37788E-4
2903.431	9.40195E-4
2905.455	9.40405E-4
2907.474	9.42317E-4
2909.492	9.38764E-4
2911.516	9.41281E-4
2913.535	9.40131E-4
2915.554	9.33263E-4
2917.578	9.29479E-4
2919.596	9.28088E-4
2921.615	9.27994E-4
2923.634	9.26150E-4
2925.658	9.23601E-4
2927.676	9.21948E-4
2929.700	9.27272E-4
2931.719	9.27509E-4
2933.738	9.27065E-4
2935.757	9.27588E-4
2937.780	9.25596E-4
2939.799	9.25279E-4
2941.818	9.27861E-4
2943.842	9.29315E-4
2945.861	9.22202E-4
2947.884	9.13976E-4
2949.913	9.20053E-4
2951.922	9.18910E-4
2953.941	9.19428E-4
2955.965	9.16831E-4
2957.983	9.17244E-4
2960.002	9.13771E-4
2962.026	9.17433E-4
2964.045	9.18457E-4
2966.068	9.20732E-4
2968.087	9.20032E-4
2970.106	9.19035E-4
2972.125	9.19358E-4
2974.149	9.23060E-4
2976.167	9.22929E-4
2978.186	9.25170E-4
2980.210	9.26653E-4
2982.239	9.25355E-4
2984.247	9.25767E-4
2986.271	9.30892E-4
2988.290	9.28041E-4
2992.328	9.27293E-4
2994.351	9.28994E-4
2996.370	9.29654E-4
2998.394	9.30452E-4
3000.413	9.29855E-4
3002.432	9.29067E-4
3004.455	9.23073E-4
3006.474	9.22087E-4
3008.493	9.20810E-4
3010.512	9.22585E-4
3012.536	9.20522E-4
3014.554	9.30543E-4
3016.578	9.27526E-4
3018.597	9.26864E-4
3022.634	9.24225E-4
3024.658	9.26338E-4
3026.677	9.24625E-4
3028.696	9.30332E-4
3030.720	9.31196E-4
3032.738	9.33604E-4
3034.757	9.37769E-4
3036.781	9.39342E-4
3038.800	9.39535E-4
3040.818	9.41107E-4
3042.842	9.28518E-4
3044.861	9.28406E-4
3046.880	9.27325E-4
3048.904	9.27942E-4
3050.922	9.25560E-4
3052.941	9.18476E-4
3054.965	9.20467E-4
3056.984	9.28640E-4
3059.008	9.29751E-4
3061.026	9.28669E-4
3063.045	9.25450E-4
3065.064	9.24703E-4
3067.088	9.27708E-4
3071.125	9.26554E-4
3073.149	9.28302E-4
3075.168	9.27953E-4
3079.211	9.26915E-4
3081.234	9.20899E-4
3083.248	9.24697E-4
3085.287	9.29448E-4
3087.291	9.28938E-4
3089.309	9.25170E-4
3091.328	9.18108E-4
3095.371	9.19552E-4
3097.389	9.22613E-4
3099.413	9.26863E-4
3101.432	9.28202E-4
3103.451	9.26450E-4
3105.475	9.24203E-4
3107.493	9.26359E-4
3109.512	9.31756E-4
3111.536	9.29663E-4
3113.555	9.26195E-4
3115.574	9.28424E-4
3117.597	9.31832E-4
3119.616	9.37244E-4
3121.635	9.33801E-4
3123.659	9.30207E-4
3125.678	9.33821E-4
3127.696	9.34954E-4
3129.720	9.32656E-4
3131.739	9.34592E-4
3133.758	9.28581E-4
3135.782	9.32850E-4
3137.800	9.41116E-4
3139.819	9.42600E-4
3141.843	9.40710E-4
3143.862	9.39332E-4
3145.880	9.40362E-4
3147.904	9.39262E-4
3149.923	9.33675E-4
3151.942	9.37179E-4
3153.966	9.35777E-4
3155.984	9.36189E-4
3158.003	9.38341E-4
3160.022	9.40330E-4
3162.046	9.41147E-4
3164.064	9.38654E-4
3166.088	9.43033E-4
3168.107	9.41722E-4
3170.126	9.44392E-4
3172.145	9.43395E-4
3174.168	9.46607E-4
3176.187	9.44921E-4
3178.206	9.46008E-4
3180.230	9.42482E-4
3182.249	9.44899E-4
3184.272	9.48802E-4
3186.291	9.49863E-4
3188.310	9.48846E-4
3190.329	9.49825E-4
3192.353	9.48395E-4
3194.371	9.47900E-4
3196.390	9.47130E-4
3198.414	9.42722E-4
3200.433	9.40247E-4
3202.451	9.43157E-4
3204.475	9.40892E-4
3206.494	9.44744E-4
3208.513	9.47843E-4
3210.531	9.47005E-4
3212.555	9.43349E-4
3214.574	9.47626E-4
3216.598	9.45871E-4
3218.617	9.47027E-4
3220.635	9.46827E-4
3222.659	9.54382E-4
3224.678	9.50976E-4
3226.697	9.50643E-4
3228.716	9.51286E-4
3230.739	9.49357E-4
3232.763	9.44906E-4
3234.782	9.47273E-4
3236.801	9.45759E-4
3240.843	9.49517E-4
3242.862	9.44631E-4
3244.881	9.40850E-4
3246.905	9.41829E-4
3248.924	9.40000E-4
3250.942	9.43078E-4
3254.985	9.44363E-4
3257.004	9.46106E-4
3259.022	9.39995E-4
3261.046	9.37594E-4
3263.065	9.40377E-4
3265.084	9.38924E-4
3267.108	9.42482E-4
3269.126	9.41697E-4
3271.145	9.42691E-4
3273.169	9.37214E-4
3275.188	9.33477E-4
3277.206	9.37434E-4
3279.230	9.38503E-4
3281.249	9.39505E-4
3283.268	9.44349E-4
3285.292	9.42707E-4
3287.310	9.45592E-4
3289.329	9.38956E-4
3291.353	9.39822E-4
3293.372	9.43911E-4
3295.391	9.42968E-4
3297.414	9.45823E-4
3299.433	9.40853E-4
3301.452	9.42312E-4
3303.476	9.43072E-4
3305.495	9.41674E-4
3307.513	9.39286E-4
3309.532	9.39471E-4
3313.575	9.41505E-4
3315.599	9.41361E-4
3317.617	9.38344E-4
3319.636	9.37015E-4
3321.655	9.34879E-4
3323.679	9.34508E-4
3325.697	9.34622E-4
3327.716	9.36285E-4
3329.740	9.31501E-4
3331.759	9.34687E-4
3333.777	9.41341E-4
3335.801	9.40177E-4
3337.820	9.41582E-4
3339.839	9.34826E-4
3341.863	9.42345E-4
3343.881	9.38992E-4
3345.900	9.39579E-4
3347.924	9.45105E-4
3349.969	9.47912E-4
3351.962	9.38848E-4
3353.985	9.42150E-4
3356.004	9.41435E-4
3358.023	9.43398E-4
3360.047	9.42741E-4
3362.066	9.37745E-4
3364.084	9.44279E-4
3366.108	9.51564E-4
3368.127	9.60396E-4
3370.146	9.63040E-4
3372.170	9.57575E-4
3374.188	9.63543E-4
3376.207	9.56635E-4
3378.226	9.54461E-4
3380.250	9.52151E-4
3382.268	9.54270E-4
3384.292	9.54512E-4
3386.311	9.53004E-4
3388.330	9.56200E-4
3390.348	9.56777E-4
3392.372	9.55532E-4
3394.401	9.61328E-4
3396.410	9.59584E-4
3398.434	9.52475E-4
3400.452	9.54522E-4
3402.476	9.55483E-4
3406.514	9.48402E-4
3408.533	9.50350E-4
3410.556	9.48887E-4
3412.575	9.47879E-4
3414.594	9.46060E-4
3416.618	9.49435E-4
3418.637	9.51447E-4
3420.655	9.52247E-4
3422.679	9.53412E-4
3424.698	9.54016E-4
3426.717	9.52227E-4
3428.741	9.50199E-4
3430.759	9.49048E-4
3432.778	9.53895E-4
3434.802	9.49913E-4
3436.821	9.49733E-4
3438.839	9.55755E-4
3440.863	9.47033E-4
3442.882	9.49046E-4
3444.901	9.56440E-4
3446.919	9.52677E-4
3448.943	9.53178E-4
3450.962	9.49469E-4
3452.986	9.49143E-4
3455.005	9.50849E-4
3457.023	9.53229E-4
3459.047	9.57446E-4
3461.066	9.45356E-4
3463.085	9.44595E-4
3465.104	9.43880E-4
3467.127	9.44030E-4
3469.146	9.45961E-4
3471.170	9.48234E-4
3473.189	9.42655E-4
3475.208	9.39992E-4
3477.226	9.32606E-4
3479.250	9.29467E-4
3481.269	9.38217E-4
3483.293	9.36845E-4
3485.312	9.36304E-4
3487.330	9.28575E-4
3489.349	9.30053E-4
3491.373	9.37539E-4
3493.392	9.39918E-4
3495.416	9.36180E-4
3497.434	9.37983E-4
3499.453	9.36927E-4
3501.472	9.39606E-4
3503.496	9.35845E-4
3505.514	9.33821E-4
3507.533	9.33340E-4
3509.552	9.29628E-4
3511.581	9.30516E-4
3513.594	9.23792E-4
3515.618	9.23368E-4
3517.637	9.19198E-4
3519.656	9.21936E-4
3521.680	9.25462E-4
3523.698	9.22358E-4
3525.717	9.17894E-4
3527.736	9.16806E-4
3529.760	9.21398E-4
3531.779	9.22123E-4
3533.802	9.26824E-4
3535.821	9.25834E-4
3537.840	9.25379E-4
3539.864	9.28818E-4
3541.883	9.29382E-4
3543.901	9.35107E-4
3545.920	9.34000E-4
3547.944	9.36007E-4
3549.963	9.39533E-4
3551.987	9.37532E-4
3554.005	9.39096E-4
3556.024	9.42241E-4
3558.043	9.39484E-4
3560.067	9.42233E-4
3562.085	9.37477E-4
3564.104	9.36258E-4
3566.128	9.35821E-4
3568.147	9.36981E-4
3570.165	9.39327E-4
3572.189	9.44467E-4
3574.208	9.39730E-4
3576.227	9.41218E-4
3578.251	9.39806E-4
3580.269	9.37128E-4
3582.288	9.35876E-4
3584.312	9.28500E-4
3586.331	9.33050E-4
3588.350	9.31069E-4
3590.373	9.29736E-4
3592.392	9.31588E-4
3594.411	9.32705E-4
3596.430	9.33933E-4
3598.454	9.37469E-4
3600.472	9.37022E-4
3602.496	9.37772E-4
3604.515	9.31716E-4
3606.534	9.27053E-4
3608.558	9.27615E-4
3610.576	9.32632E-4
3612.595	9.37763E-4
3614.614	9.36091E-4
3616.638	9.31433E-4
3618.656	9.28712E-4
3620.680	9.25831E-4
3622.699	9.28780E-4
3624.718	9.33845E-4
3626.736	9.34570E-4
3628.760	9.31399E-4
3630.779	9.37031E-4
3632.798	9.32452E-4
3634.822	9.33431E-4
3636.840	9.31616E-4
3638.864	9.37532E-4
3640.883	9.34869E-4
3642.902	9.34203E-4
3644.921	9.30241E-4
3646.944	9.36583E-4
3648.963	9.34497E-4
3650.982	9.39383E-4
3653.006	9.36490E-4
3655.025	9.34313E-4
3657.043	9.37386E-4
3659.067	9.34508E-4
3661.086	9.29275E-4
3663.105	9.35534E-4
3665.129	9.29123E-4
3667.147	9.28080E-4
3669.166	9.30069E-4
3671.190	9.33725E-4
3673.209	9.35353E-4
3675.227	9.32968E-4
3677.251	9.34601E-4
3679.270	9.34941E-4
3681.289	9.36022E-4
3683.307	9.37030E-4
3685.331	9.35416E-4
3687.350	9.32749E-4
3689.374	9.29594E-4
3691.393	9.26891E-4
3693.411	9.33102E-4
3695.430	9.29730E-4
3697.454	9.26660E-4
3699.473	9.29311E-4
3701.492	9.25648E-4
3703.515	9.27128E-4
3705.534	9.29387E-4
3707.553	9.31726E-4
3709.577	9.27575E-4
3711.596	9.21853E-4
3715.638	9.26754E-4
3717.657	9.20613E-4
3719.676	9.21328E-4
3721.700	9.17995E-4
3723.718	9.19461E-4
3725.737	9.17502E-4
3727.761	9.14268E-4
3729.780	9.18038E-4
3731.804	9.15968E-4
3733.822	9.18147E-4
3735.841	9.24452E-4
3737.860	9.23830E-4
3739.884	9.22437E-4
3741.902	9.15495E-4
3743.921	9.18674E-4
3745.945	9.17254E-4
3747.964	9.14609E-4
3749.982	9.19591E-4
3752.006	9.21866E-4
3754.025	9.21747E-4
3756.044	9.20503E-4
3758.068	9.17932E-4
3760.086	9.24604E-4
3762.105	9.28605E-4
3764.124	9.26924E-4
3766.148	9.26808E-4
3768.167	9.27237E-4
3770.190	9.29576E-4
3772.209	9.28617E-4
3774.228	9.38201E-4
3776.247	9.36794E-4
3778.271	9.33780E-4
3780.289	9.33555E-4
3782.313	9.38681E-4
3784.332	9.39377E-4
3786.351	9.36185E-4
3788.375	9.36489E-4
3790.393	9.33068E-4
3792.412	9.33443E-4
3794.431	9.32863E-4
3796.455	9.29606E-4
3798.473	9.36188E-4
3800.492	9.34406E-4
3802.516	9.35394E-4
3804.535	9.31470E-4
3806.553	9.29441E-4
3808.577	9.31230E-4
3810.596	9.37834E-4
3812.615	9.38034E-4
3814.634	9.40262E-4
3816.657	9.36094E-4
3818.676	9.30640E-4
3820.700	9.27086E-4
3822.719	9.21972E-4
3824.738	9.20026E-4
3828.780	9.25824E-4
3830.799	9.23900E-4
3832.818	9.32172E-4
3834.842	9.32714E-4
3838.884	9.38228E-4
3840.903	9.35908E-4
3842.922	9.38930E-4
3844.946	9.37949E-4
3846.964	9.34635E-4
3848.983	9.25459E-4
3851.002	9.28143E-4
3853.026	9.28566E-4
3855.044	9.27038E-4
3857.068	9.31600E-4
3859.087	9.30881E-4
3861.106	9.30187E-4
3863.130	9.31120E-4
3865.148	9.19317E-4
3867.167	9.29283E-4
3869.186	9.27755E-4
3871.210	9.24690E-4
3873.228	9.23169E-4
3875.247	9.31516E-4
3877.271	9.26141E-4
3879.290	9.26332E-4
3881.309	9.31030E-4
3883.332	9.32281E-4
3885.351	9.34477E-4
3887.370	9.34838E-4
3889.394	9.32614E-4
3891.413	9.34577E-4
3893.431	9.34796E-4
3895.455	9.38959E-4
3897.474	9.37067E-4
3899.493	9.37510E-4
3901.517	9.30993E-4
3903.535	9.30117E-4
3905.554	9.28327E-4
3907.578	9.32176E-4
3909.597	9.34103E-4
3911.626	9.29219E-4
3913.634	9.34900E-4
3915.658	9.30941E-4
3917.677	9.27581E-4
3919.696	9.29648E-4
3921.719	9.23128E-4
3923.738	9.27001E-4
3925.757	9.34155E-4
3927.781	9.28235E-4
3929.799	9.31557E-4
3931.818	9.32525E-4
3933.842	9.32804E-4
3935.861	9.39471E-4
3937.880	9.35467E-4
3939.903	9.28505E-4
3941.922	9.23192E-4
3943.941	9.22550E-4
3945.965	9.23353E-4
3947.984	9.29925E-4
3950.007	9.31726E-4
3952.026	9.24630E-4
3954.045	9.25060E-4
3956.064	9.19072E-4
3958.088	9.21522E-4
3960.106	9.25156E-4
3962.125	9.25891E-4
3964.149	9.26435E-4
3966.168	9.25578E-4
3968.186	9.30044E-4
3970.210	9.25776E-4
3972.229	9.26152E-4
3974.248	9.26402E-4
3976.272	9.35335E-4
3978.290	9.35139E-4
3980.309	9.35642E-4
3982.328	9.32983E-4
3984.352	9.39567E-4
3986.371	9.45081E-4
3988.394	9.40900E-4
3990.413	9.42619E-4
3992.432	9.41457E-4
3994.451	9.36171E-4
3996.474	9.38198E-4
3998.493	9.33237E-4
4000.512	9.33066E-4
4002.536	9.36031E-4
4004.555	9.31437E-4
4008.597	9.32808E-4
4010.616	9.32193E-4
4012.635	9.28231E-4
4014.659	9.31978E-4
4016.677	9.29581E-4
4018.696	9.28377E-4
4020.720	9.30487E-4
4022.739	9.28544E-4
4024.763	9.30436E-4
4026.781	9.30642E-4
4028.800	9.27448E-4
4030.819	9.26971E-4
4032.843	9.31020E-4
4034.861	9.34592E-4
4036.885	9.34869E-4
4038.904	9.32413E-4
4040.923	9.31287E-4
4044.965	9.30114E-4
4046.984	9.30952E-4
4049.003	9.33318E-4
4051.022	9.30554E-4
4053.045	9.23660E-4
4055.064	9.25204E-4
4057.088	9.29275E-4
4059.107	9.19753E-4
4061.126	9.22647E-4
4063.149	9.29806E-4
4065.179	9.28099E-4
4067.187	9.25012E-4
4069.206	9.28059E-4
4073.248	9.29686E-4
4075.272	9.39041E-4
4077.291	9.35678E-4
4079.310	9.34607E-4
4081.328	9.33681E-4
4083.352	9.36730E-4
4085.371	9.32045E-4
4087.390	9.28168E-4
4089.414	9.22637E-4
4091.432	9.34058E-4
4093.451	9.44130E-4
4095.475	9.43817E-4
4097.494	9.40655E-4
4099.513	9.37569E-4
4101.536	9.29992E-4
4103.555	9.30463E-4
4105.574	9.29908E-4
4107.598	9.29716E-4
4109.617	9.33002E-4
4111.635	9.36405E-4
4113.659	9.37867E-4
4115.678	9.40377E-4
4117.697	9.34377E-4
4119.720	9.34558E-4
4121.739	9.36976E-4
4123.758	9.34233E-4
4125.782	9.35176E-4
4127.801	9.39171E-4
4129.819	9.33252E-4
4131.843	9.34845E-4
4133.862	9.43521E-4
4135.881	9.36060E-4
4137.899	9.32176E-4
4139.923	9.35051E-4
4141.952	9.30600E-4
4143.966	9.38159E-4
4145.985	9.35589E-4
4148.003	9.42704E-4
4150.022	9.42966E-4
4152.046	9.39833E-4
4154.065	9.35212E-4
4156.084	9.34160E-4
4158.107	9.28313E-4
4162.145	9.28782E-4
4164.179	9.24659E-4
4166.188	9.28290E-4
4168.206	9.36030E-4
4170.230	9.29287E-4
4172.249	9.31559E-4
4174.268	9.24993E-4
4176.291	9.25635E-4
4178.310	9.32138E-4
4180.329	9.30980E-4
4182.353	9.34017E-4
4184.372	9.38359E-4
4186.390	9.36481E-4
4188.414	9.34193E-4
4190.433	9.35847E-4
4192.452	9.30789E-4
4194.476	9.38807E-4
4196.494	9.35814E-4
4198.513	9.32859E-4
4200.532	9.30326E-4
4202.556	9.28986E-4
4204.574	9.32325E-4
4206.598	9.24616E-4
4208.617	9.28394E-4
4210.636	9.26976E-4
4212.655	9.28795E-4
4214.678	9.29804E-4
4216.697	9.31080E-4
4218.716	9.24642E-4
4220.740	9.28532E-4
4222.759	9.26974E-4
4224.782	9.35912E-4
4226.801	9.36444E-4
4228.820	9.37529E-4
4230.839	9.35417E-4
4232.863	9.33276E-4
4234.881	9.35327E-4
4236.900	9.34683E-4
4238.924	9.30934E-4
4240.943	9.30531E-4
4242.966	9.37657E-4
4244.985	9.37545E-4
4247.004	9.36380E-4
4249.023	9.36823E-4
4251.047	9.37481E-4
4253.065	9.38903E-4
4255.084	9.38614E-4
4257.108	9.42412E-4
4259.127	9.40941E-4
4261.145	9.37496E-4
4263.169	9.40847E-4
4265.188	9.37340E-4
4267.207	9.44482E-4
4269.226	9.47472E-4
4271.249	9.41630E-4
4273.268	9.44471E-4
4275.292	9.43872E-4
4277.311	9.40843E-4
4279.330	9.41129E-4
4281.353	9.37365E-4
4283.372	9.36416E-4
4285.391	9.39755E-4
4287.410	9.43898E-4
4289.434	9.48824E-4
4291.452	9.45106E-4
4293.481	9.42434E-4
4295.495	9.41853E-4
4297.514	9.40816E-4
4299.532	9.36519E-4
4301.567	9.32877E-4
4303.575	9.39462E-4
4305.594	9.37955E-4
4307.618	9.40314E-4
4309.636	9.35452E-4
4311.655	9.36118E-4
4313.679	9.37240E-4
4315.698	9.39432E-4
4317.716	9.41809E-4
4319.740	9.37620E-4
4321.759	9.37356E-4
4323.778	9.44272E-4
4327.820	9.40765E-4
4329.839	9.44503E-4
4331.863	9.41741E-4
4333.882	9.46787E-4
4335.901	9.44145E-4
4337.924	9.44574E-4
4339.943	9.38198E-4
4341.962	9.35189E-4
4343.986	9.39184E-4
4346.005	9.35331E-4
4348.023	9.29704E-4
4350.047	9.29049E-4
4352.066	9.28600E-4
4354.085	9.27281E-4
4356.109	9.35319E-4
4358.127	9.31866E-4
4360.146	9.31743E-4
4362.170	9.32252E-4
4364.189	9.26523E-4
4366.233	9.20483E-4
4368.226	9.23297E-4
4370.250	9.22891E-4
4372.269	9.19873E-4
4374.293	9.26286E-4
4376.311	9.29911E-4
4378.330	9.32264E-4
4380.349	9.37158E-4
4382.373	9.35395E-4
4384.391	9.32638E-4
4386.410	9.29987E-4
4388.434	9.29020E-4
4390.453	9.31451E-4
4392.472	9.31966E-4
4394.495	9.23605E-4
4396.514	9.20492E-4
4398.533	9.24990E-4
4400.557	9.26450E-4
4402.576	9.31656E-4
4404.594	9.28703E-4
4406.618	9.27216E-4
4408.637	9.28991E-4
4410.656	9.31287E-4
4412.680	9.32200E-4
4414.698	9.27793E-4
4416.717	9.29542E-4
4418.736	9.26889E-4
4420.760	9.30515E-4
4422.778	9.22437E-4
4424.807	9.18545E-4
4426.821	9.21762E-4
4428.840	9.20664E-4
4430.864	9.22015E-4
4432.882	9.27605E-4
4434.901	9.29736E-4
4436.930	9.26939E-4
4438.949	9.30277E-4
4440.962	9.33406E-4
4442.986	9.30396E-4
4445.005	9.26273E-4
4447.024	9.24775E-4
4449.043	9.24410E-4
4451.066	9.25064E-4
4453.085	9.24078E-4
4455.104	9.26062E-4
4457.128	9.22938E-4
4459.147	9.22112E-4
4461.170	9.16247E-4
4463.189	9.14089E-4
4465.208	9.18035E-4
4467.227	9.22397E-4
4469.251	9.21886E-4
4471.269	9.16025E-4
4473.288	9.15718E-4
4475.312	9.22486E-4
4477.331	9.22598E-4
4479.349	9.28800E-4
4481.373	9.23418E-4
4485.411	9.26273E-4
4487.435	9.26912E-4
4489.453	9.28162E-4
4491.472	9.26834E-4
4493.496	9.22985E-4
4495.515	9.28844E-4
4497.533	9.32336E-4
4499.557	9.29518E-4
4501.576	9.26206E-4
4503.595	9.25776E-4
4505.614	9.23377E-4
4507.637	9.24401E-4
4509.656	9.26182E-4
4511.680	9.24465E-4
4513.699	9.26577E-4
4517.741	9.30154E-4
4519.760	9.27098E-4
4521.779	9.28390E-4
4523.798	9.27779E-4
4527.840	9.26706E-4
4529.864	9.29758E-4
4531.883	9.37657E-4
4533.902	9.34631E-4
4535.931	9.26960E-4
4537.944	9.27158E-4
4539.963	9.24949E-4
4541.982	9.23416E-4
4544.006	9.25665E-4
4546.024	9.28752E-4
4548.043	9.29372E-4
4550.093	9.32157E-4
4552.086	9.31992E-4
4554.104	9.24379E-4
4556.128	9.25128E-4
4558.147	9.21968E-4
4560.166	9.26593E-4
4562.190	9.31793E-4
4564.208	9.18689E-4
4566.227	9.16660E-4
4568.251	9.18995E-4
4570.270	9.23243E-4
4572.289	9.17876E-4
4574.312	9.16703E-4
4576.331	9.15502E-4
4578.350	9.23863E-4
4580.374	9.23438E-4
4582.393	9.27332E-4
4584.411	9.25936E-4
4586.430	9.27874E-4
4588.454	9.30122E-4
4590.473	9.27702E-4
4592.497	9.24127E-4
4596.534	9.25303E-4
4598.553	9.30513E-4
4600.577	9.33309E-4
4602.595	9.38486E-4
4604.614	9.34544E-4
4606.638	9.34669E-4
4608.657	9.31317E-4
4610.675	9.23480E-4
4612.699	9.30466E-4
4614.718	9.38502E-4
4616.737	9.38964E-4
4618.761	9.35414E-4
4620.779	9.35093E-4
4622.798	9.32558E-4
4624.822	9.34155E-4
4626.841	9.36751E-4
4628.860	9.31729E-4
4630.883	9.35027E-4
4632.902	9.32343E-4
4634.921	9.29104E-4
4636.945	9.29463E-4
4638.964	9.29880E-4
4640.982	9.26818E-4
4643.006	9.28919E-4
4645.025	9.29765E-4
4647.044	9.27088E-4
4649.068	9.23494E-4
4651.086	9.20562E-4
4653.105	9.24675E-4
4655.124	9.27900E-4
4657.148	9.25374E-4
4659.166	9.31214E-4
4661.190	9.30987E-4
4663.209	9.29788E-4
4665.228	9.32537E-4
4667.246	9.24817E-4
4669.276	9.27201E-4
4671.289	9.29791E-4
4673.308	9.29537E-4
4675.332	9.28916E-4
4677.350	9.28037E-4
4679.374	9.29393E-4
4681.393	9.26341E-4
4683.412	9.27036E-4
4685.431	9.24103E-4
4687.454	9.19539E-4
4689.473	9.22969E-4
4691.492	9.24234E-4
4693.516	9.22766E-4
4695.535	9.25603E-4
4697.553	9.19624E-4
4699.577	9.16651E-4
4701.596	9.17032E-4
4703.615	9.13435E-4
4705.639	9.10725E-4
4707.657	9.11957E-4
4709.676	9.08343E-4
4711.700	9.09309E-4
4713.719	9.12522E-4
4715.737	9.15594E-4
4717.761	9.08937E-4
4719.780	9.08266E-4
4721.799	9.13394E-4
4723.817	9.15539E-4
4725.841	9.15422E-4
4727.860	9.11737E-4
4731.903	9.11370E-4
4733.921	9.10595E-4
4735.945	9.09038E-4
4737.964	9.09308E-4
4739.983	9.16219E-4
4742.002	9.11005E-4
4744.025	9.12672E-4
4746.044	9.11392E-4
4748.068	9.13501E-4
4750.087	9.12450E-4
4752.106	9.12786E-4
4754.124	9.07730E-4
4756.148	9.09884E-4
4758.182	9.11249E-4
4760.201	9.07561E-4
4762.210	9.10838E-4
4764.228	9.09980E-4
4766.247	9.09124E-4
4768.271	9.11154E-4
4770.290	9.04952E-4
4772.314	9.05840E-4
4774.337	9.00948E-4
4776.356	9.08500E-4
4778.375	9.07046E-4
4780.394	9.08725E-4
4782.423	9.13560E-4
4784.436	9.09674E-4
4786.455	9.07905E-4
4788.474	9.04614E-4
4790.498	9.02723E-4
4792.516	9.05004E-4
4794.535	9.03361E-4
4796.559	9.07305E-4
4798.578	9.08610E-4
4800.596	9.08047E-4
4802.620	9.09078E-4
4804.639	9.14769E-4
4806.658	9.21229E-4
4808.682	9.10893E-4
4810.700	9.07779E-4
4812.724	9.16131E-4
4816.762	9.13706E-4
4818.781	9.10626E-4
4820.804	9.10501E-4
4822.823	9.12905E-4
4824.842	9.10470E-4
4826.861	9.08418E-4
4828.885	9.12383E-4
4830.903	9.07294E-4
4832.927	9.16272E-4
4834.946	9.13911E-4
4836.965	9.20816E-4
4838.989	9.19922E-4
