Elapsed time [s]	Value [0,1]
0.000	9.48035E-4
0.692	9.45675E-4
2.711	9.47151E-4
6.751	9.47490E-4
8.772	9.47175E-4
10.793	9.46062E-4
12.812	9.47514E-4
14.833	9.47066E-4
16.852	9.46691E-4
18.874	9.48022E-4
20.895	9.47841E-4
22.916	9.47308E-4
24.935	9.62461E-4
26.956	9.78170E-4
28.980	9.62412E-4
30.996	9.63453E-4
33.018	9.61347E-4
35.036	9.63429E-4
37.058	9.64675E-4
39.079	9.53214E-4
41.100	9.47115E-4
43.119	9.47333E-4
45.138	9.47659E-4
47.159	9.57729E-4
49.180	9.61565E-4
51.202	9.62945E-4
53.220	9.51677E-4
55.242	9.46667E-4
57.266	9.47538E-4
59.282	9.63090E-4
61.308	9.46498E-4
63.322	9.64990E-4
65.343	9.61928E-4
67.362	9.61190E-4
69.383	9.61819E-4
71.404	9.63453E-4
73.426	9.62231E-4
75.445	9.62824E-4
77.466	9.63453E-4
79.487	9.75495E-4
81.506	9.78024E-4
83.530	9.77141E-4
85.546	9.62436E-4
87.572	9.60246E-4
89.589	9.61492E-4
91.610	9.63114E-4
93.629	9.62836E-4
95.650	9.60730E-4
97.671	9.62255E-4
99.690	9.77577E-4
101.711	9.79344E-4
103.730	9.78158E-4
105.754	9.77419E-4
107.773	9.77928E-4
109.797	9.77044E-4
111.813	9.78460E-4
113.834	9.64458E-4
115.855	9.77637E-4
117.874	9.77855E-4
119.898	9.60609E-4
121.919	9.62110E-4
123.938	9.61384E-4
125.957	9.46740E-4
127.978	9.51980E-4
130.002	9.62533E-4
132.021	9.58043E-4
134.039	9.63078E-4
136.061	9.61892E-4
138.079	9.62013E-4
140.101	9.62618E-4
142.122	9.63647E-4
144.146	9.61154E-4
146.162	9.62146E-4
148.186	9.60875E-4
150.236	9.46171E-4
152.224	9.46800E-4
156.264	9.47429E-4
158.285	9.46026E-4
160.306	9.49160E-4
162.330	9.63066E-4
164.346	9.47175E-4
166.370	9.48434E-4
168.386	9.46945E-4
170.405	9.61940E-4
172.429	9.63405E-4
174.450	9.62231E-4
176.472	9.77431E-4
178.498	9.74599E-4
180.514	9.62194E-4
182.533	9.61747E-4
184.554	9.58588E-4
186.573	9.44936E-4
188.594	9.46062E-4
190.613	9.45106E-4
192.637	9.61129E-4
194.656	9.62908E-4
196.674	9.60669E-4
198.698	9.63090E-4
200.717	9.62642E-4
202.736	9.62134E-4
204.762	9.63126E-4
206.776	9.61444E-4
208.797	9.62582E-4
210.826	9.62485E-4
212.840	9.60791E-4
214.858	9.62170E-4
216.880	9.61928E-4
218.899	9.62098E-4
222.941	9.60294E-4
224.960	9.61977E-4
226.981	9.61613E-4
229.005	9.64179E-4
231.021	9.63961E-4
233.043	9.64954E-4
235.069	9.63429E-4
237.085	9.78968E-4
241.125	9.78012E-4
243.144	9.77468E-4
245.168	9.77032E-4
247.184	9.78012E-4
249.205	9.79162E-4
251.227	9.77383E-4
253.248	9.77492E-4
255.267	9.77177E-4
257.288	9.62679E-4
259.307	9.62243E-4
261.328	9.64143E-4
263.349	9.47127E-4
265.368	9.47333E-4
267.389	9.48349E-4
269.411	9.47127E-4
271.432	9.56894E-4
273.451	9.61250E-4
275.477	9.62424E-4
277.491	9.63320E-4
279.512	9.62376E-4
281.531	9.48083E-4
283.552	9.48894E-4
285.574	9.46473E-4
287.592	9.47236E-4
289.614	9.46764E-4
291.643	9.48035E-4
293.664	9.48724E-4
295.685	9.46328E-4
297.704	9.44973E-4
299.725	9.48724E-4
301.747	9.45529E-4
303.768	9.44948E-4
305.787	9.46909E-4
307.808	9.48688E-4
309.845	9.47103E-4
311.853	9.45662E-4
313.869	9.46098E-4
315.888	9.59726E-4
317.909	9.47538E-4
319.933	9.50237E-4
321.952	9.54001E-4
323.971	9.60960E-4
325.992	9.46836E-4
328.011	9.64131E-4
330.032	9.50503E-4
332.053	9.46038E-4
334.072	9.45832E-4
336.093	9.46643E-4
338.112	9.46038E-4
340.134	9.44767E-4
342.155	9.46812E-4
344.176	9.53493E-4
346.195	9.47768E-4
348.216	9.47078E-4
350.237	9.49414E-4
352.261	9.47417E-4
354.283	9.46921E-4
356.301	9.45638E-4
358.323	9.47151E-4
360.339	9.47768E-4
362.360	9.48107E-4
364.379	9.46909E-4
366.400	9.47405E-4
368.419	9.45106E-4
370.440	9.47127E-4
372.462	9.43641E-4
374.480	9.45783E-4
376.502	9.44852E-4
378.523	9.46715E-4
380.542	9.46195E-4
384.584	9.45566E-4
386.608	9.46352E-4
388.624	9.47708E-4
390.648	9.46703E-4
392.670	9.61747E-4
394.686	9.62594E-4
396.705	9.62037E-4
398.726	9.47187E-4
400.747	9.46643E-4
402.766	9.59907E-4
404.787	9.62921E-4
406.806	9.60875E-4
408.827	9.60694E-4
410.849	9.47308E-4
412.870	9.45687E-4
414.889	9.47320E-4
416.910	9.60367E-4
418.931	9.61831E-4
420.950	9.61505E-4
422.971	9.47732E-4
424.990	9.46062E-4
427.011	9.46280E-4
429.033	9.44827E-4
431.057	9.45118E-4
433.073	9.48047E-4
435.094	9.46558E-4
437.113	9.46062E-4
439.134	9.59181E-4
441.155	9.51157E-4
443.174	9.46292E-4
445.195	9.47393E-4
447.217	9.44222E-4
449.238	9.46558E-4
451.257	9.47587E-4
453.278	9.49656E-4
455.297	9.48035E-4
457.318	9.45675E-4
459.342	9.45905E-4
461.363	9.47466E-4
463.382	9.45057E-4
465.398	9.45820E-4
467.422	9.46715E-4
469.443	9.44912E-4
471.465	9.46437E-4
475.505	9.46679E-4
477.524	9.45263E-4
479.545	9.47417E-4
481.566	9.47986E-4
483.585	9.46824E-4
485.606	9.45626E-4
487.625	9.44876E-4
489.646	9.46655E-4
491.668	9.45142E-4
493.689	9.45759E-4
495.713	9.50225E-4
497.732	9.50758E-4
499.750	9.62122E-4
501.769	9.46013E-4
503.790	9.61601E-4
505.809	9.48022E-4
507.830	9.45082E-4
509.852	9.47877E-4
511.873	9.46546E-4
513.892	9.46933E-4
515.913	9.46437E-4
517.932	9.45517E-4
519.953	9.46389E-4
521.974	9.47623E-4
523.993	9.48095E-4
526.014	9.47708E-4
528.033	9.47478E-4
530.057	9.45529E-4
532.076	9.46776E-4
534.097	9.61262E-4
536.116	9.47538E-4
538.137	9.46824E-4
542.177	9.47708E-4
544.199	9.46752E-4
546.217	9.45723E-4
548.239	9.47284E-4
550.260	9.47538E-4
552.281	9.54763E-4
554.303	9.47175E-4
556.324	9.30958E-4
558.345	9.30377E-4
560.361	9.31345E-4
562.388	9.30546E-4
564.407	9.31442E-4
566.423	9.31067E-4
568.444	9.30534E-4
570.468	9.29469E-4
572.484	9.31914E-4
574.508	9.46425E-4
576.529	9.47103E-4
578.545	9.47659E-4
580.567	9.47441E-4
582.585	9.48216E-4
584.609	9.38764E-4
586.631	9.38474E-4
588.657	9.30825E-4
592.702	9.30195E-4
594.718	9.29469E-4
596.737	9.46800E-4
598.759	9.30050E-4
600.780	9.30668E-4
604.835	9.31539E-4
606.841	9.30329E-4
608.863	9.43714E-4
610.881	9.46776E-4
612.903	9.45094E-4
614.921	9.47175E-4
616.943	9.32858E-4
618.964	9.43980E-4
620.985	9.47308E-4
623.004	9.46134E-4
625.023	9.46982E-4
627.044	9.47272E-4
629.065	9.45989E-4
631.087	9.47780E-4
633.105	9.47030E-4
635.127	9.46740E-4
637.148	9.44307E-4
639.167	9.31418E-4
641.188	9.29917E-4
643.212	9.46292E-4
645.233	9.45941E-4
647.249	9.46159E-4
649.271	9.62207E-4
651.289	9.48821E-4
653.337	9.46861E-4
655.335	9.48494E-4
657.356	9.45808E-4
659.375	9.47006E-4
661.391	9.47611E-4
663.412	9.36816E-4
665.434	9.30813E-4
667.452	9.48168E-4
669.474	9.48470E-4
671.495	9.46873E-4
673.514	9.47853E-4
675.535	9.62025E-4
677.556	9.46401E-4
679.575	9.48325E-4
681.596	9.48567E-4
683.615	9.46207E-4
685.636	9.47224E-4
687.658	9.32386E-4
689.679	9.31309E-4
691.698	9.46945E-4
693.719	9.45336E-4
695.738	9.46122E-4
697.759	9.44452E-4
699.783	9.46401E-4
701.804	9.47708E-4
703.820	9.47248E-4
705.842	9.28489E-4
707.863	9.30571E-4
709.882	9.41899E-4
711.916	9.39611E-4
713.945	9.30365E-4
715.966	9.46086E-4
717.988	9.33863E-4
720.019	9.40894E-4
722.028	9.45469E-4
724.049	9.32507E-4
726.068	9.30329E-4
728.089	9.30910E-4
730.108	9.45989E-4
732.129	9.31781E-4
734.148	9.30825E-4
736.169	9.46740E-4
738.190	9.47333E-4
740.212	9.48264E-4
742.231	9.47708E-4
744.252	9.46352E-4
746.276	9.47671E-4
748.292	9.46243E-4
750.313	9.46994E-4
752.332	9.46340E-4
754.356	9.46655E-4
756.377	9.46413E-4
758.398	9.48361E-4
762.436	9.42564E-4
764.455	9.30752E-4
766.476	9.31599E-4
768.497	9.30389E-4
770.521	9.31938E-4
772.537	9.31406E-4
776.577	9.29663E-4
778.599	9.30728E-4
780.623	9.31103E-4
782.639	9.30776E-4
784.660	9.31031E-4
786.679	9.31200E-4
788.700	9.30123E-4
790.721	9.31926E-4
792.740	9.31539E-4
794.761	9.31103E-4
796.783	9.47393E-4
798.804	9.47853E-4
800.823	9.30534E-4
802.844	9.31733E-4
804.876	9.31950E-4
806.884	9.30861E-4
808.906	9.31841E-4
810.924	9.37953E-4
812.946	9.42528E-4
814.967	9.48240E-4
816.988	9.48676E-4
821.028	9.56167E-4
823.047	9.64833E-4
825.068	9.49160E-4
827.090	9.31962E-4
829.108	9.33294E-4
831.130	9.31490E-4
833.154	9.30861E-4
835.170	9.31539E-4
837.191	9.31636E-4
839.210	9.31490E-4
841.231	9.30655E-4
845.271	9.31273E-4
847.295	9.31648E-4
849.314	9.30861E-4
851.335	9.31769E-4
853.364	9.44246E-4
855.375	9.48240E-4
857.396	9.33838E-4
859.418	9.31914E-4
861.439	9.47103E-4
863.458	9.48022E-4
865.479	9.47865E-4
867.498	9.30849E-4
869.519	9.35036E-4
871.540	9.42915E-4
873.559	9.34758E-4
875.581	9.47877E-4
877.602	9.45529E-4
879.626	9.47732E-4
881.642	9.48022E-4
883.663	9.49281E-4
885.685	9.32350E-4
887.703	9.32096E-4
889.725	9.31430E-4
891.743	9.43472E-4
893.765	9.32640E-4
895.783	9.47998E-4
897.805	9.49148E-4
899.826	9.48156E-4
901.845	9.49257E-4
903.866	9.48519E-4
905.885	9.31006E-4
907.906	9.31152E-4
911.949	9.31793E-4
915.989	9.30994E-4
918.010	9.31866E-4
922.050	9.31333E-4
924.069	9.31841E-4
926.090	9.31636E-4
928.111	9.31418E-4
930.133	9.31152E-4
932.152	9.31297E-4
934.173	9.31418E-4
936.194	9.31309E-4
938.213	9.30982E-4
940.234	9.31769E-4
942.253	9.30619E-4
948.343	9.30728E-4
950.338	9.31188E-4
952.360	9.31055E-4
954.378	9.30849E-4
956.400	9.31648E-4
958.421	9.31224E-4
960.442	9.32108E-4
962.464	9.31841E-4
964.485	9.31236E-4
966.504	9.31914E-4
968.525	9.30498E-4
970.549	9.30897E-4
972.565	9.31006E-4
974.586	9.31285E-4
976.608	9.30559E-4
978.626	9.29990E-4
980.648	9.30510E-4
982.669	9.29639E-4
984.688	9.31454E-4
986.709	9.30825E-4
988.728	9.31103E-4
990.749	9.29699E-4
992.770	9.35375E-4
994.789	9.31091E-4
996.810	9.30510E-4
998.829	9.40107E-4
1000.856	9.47780E-4
1002.872	9.48143E-4
1006.912	9.46812E-4
1008.933	9.46703E-4
1010.952	9.46401E-4
1012.973	9.45783E-4
1014.997	9.46280E-4
1017.013	9.45384E-4
1019.035	9.60682E-4
1021.056	9.45602E-4
1023.077	9.46038E-4
1025.096	9.47381E-4
1027.115	9.48894E-4
1029.136	9.31236E-4
1031.157	9.31551E-4
1033.181	9.46485E-4
1035.202	9.31636E-4
1037.219	9.31394E-4
1039.237	9.29929E-4
1041.259	9.31309E-4
1043.280	9.30692E-4
1045.301	9.43097E-4
1047.320	9.31539E-4
1051.363	9.31248E-4
1053.381	9.31624E-4
1055.405	9.30910E-4
1057.421	9.31200E-4
1059.443	9.31708E-4
1061.464	9.31333E-4
1063.483	9.31975E-4
1065.504	9.31684E-4
1067.523	9.29566E-4
1069.544	9.30970E-4
1071.565	9.30716E-4
1073.587	9.31006E-4
1075.613	9.30462E-4
1077.627	9.28707E-4
1079.651	9.30837E-4
1081.667	9.30958E-4
1085.707	9.31357E-4
1087.728	9.30522E-4
1089.750	9.31490E-4
1091.771	9.32071E-4
1093.790	9.31563E-4
1095.811	9.31067E-4
1097.830	9.29373E-4
1099.851	9.30728E-4
1101.872	9.31006E-4
1103.891	9.31212E-4
1105.915	9.30922E-4
1107.931	9.21627E-4
1109.952	9.31152E-4
1113.995	9.30994E-4
1116.016	9.13918E-4
1118.035	9.31745E-4
1120.054	9.31466E-4
1122.075	9.31672E-4
1124.096	9.31503E-4
1126.115	9.30849E-4
1128.136	9.15019E-4
1130.158	9.31442E-4
1132.179	9.31696E-4
1134.198	9.32096E-4
1136.219	9.31490E-4
1138.238	9.32108E-4
1140.259	9.31636E-4
1142.281	9.31781E-4
1144.299	9.30873E-4
1146.321	9.31079E-4
1150.363	9.31261E-4
1152.382	9.31805E-4
1154.403	9.31164E-4
1156.440	9.30183E-4
1158.446	9.31950E-4
1160.465	9.30692E-4
1162.483	9.31938E-4
1164.505	9.31648E-4
1166.523	9.31309E-4
1168.545	9.31781E-4
1170.566	9.31684E-4
1172.585	9.14329E-4
1174.606	9.14220E-4
1178.646	9.13966E-4
1180.667	9.14232E-4
1186.729	9.14341E-4
1190.769	9.24568E-4
1192.790	9.26456E-4
1194.809	9.18650E-4
1196.830	9.30546E-4
1198.852	9.30401E-4
1202.892	9.16399E-4
1204.913	9.14111E-4
1206.932	9.29143E-4
1208.953	9.26274E-4
1210.974	9.29615E-4
1212.993	9.31176E-4
1215.017	9.14365E-4
1219.054	9.13893E-4
1221.078	9.27243E-4
1223.097	9.31805E-4
1225.118	9.31987E-4
1227.137	9.31745E-4
1229.156	9.31406E-4
1231.177	9.31212E-4
1233.198	9.15830E-4
1235.217	9.24205E-4
1237.238	9.31490E-4
1239.260	9.30922E-4
1241.281	9.25197E-4
1243.300	9.30655E-4
1245.321	9.31708E-4
1249.361	9.31006E-4
1251.382	9.31890E-4
1253.401	9.14329E-4
1255.423	9.08351E-4
1257.444	9.13349E-4
1259.465	9.14220E-4
1261.484	9.31841E-4
1263.505	9.31745E-4
1265.524	9.29481E-4
1267.545	9.14329E-4
1271.585	9.14583E-4
1273.607	9.14099E-4
1275.625	9.13409E-4
1279.668	9.31212E-4
1281.687	9.30837E-4
1283.708	9.31539E-4
1285.729	9.31176E-4
1287.748	9.30813E-4
1289.769	9.31127E-4
1291.791	9.31478E-4
1293.809	9.32011E-4
1295.831	9.31079E-4
1297.852	9.31781E-4
1299.873	9.31236E-4
1301.892	9.31708E-4
1303.911	9.27872E-4
1305.932	9.24737E-4
1307.953	9.31539E-4
1309.975	9.31684E-4
1316.034	9.30994E-4
1318.055	9.31587E-4
1320.076	9.14571E-4
1322.095	9.31466E-4
1324.116	9.31866E-4
1326.135	9.32192E-4
1328.156	9.20211E-4
1330.178	9.31394E-4
1332.199	9.30655E-4
1334.218	9.14329E-4
1336.239	9.14123E-4
1338.258	9.14269E-4
1342.300	9.31164E-4
1344.319	9.16532E-4
1346.343	9.13954E-4
1348.362	9.29360E-4
1350.383	9.14184E-4
1352.402	9.14317E-4
1354.423	9.31708E-4
1356.447	9.30994E-4
1358.463	9.31382E-4
1360.484	9.28065E-4
1362.503	9.14257E-4
1370.588	9.14111E-4
1372.610	9.26492E-4
1374.628	9.32071E-4
1376.647	9.31261E-4
1378.671	9.31430E-4
1380.690	9.13893E-4
1382.714	9.14317E-4
1386.751	9.14015E-4
1388.773	9.13760E-4
1390.794	9.14317E-4
1398.874	9.13954E-4
1400.895	9.29409E-4
1402.914	9.31950E-4
1404.935	9.17125E-4
1406.957	9.14317E-4
1410.997	9.14547E-4
1413.023	9.14317E-4
1415.037	9.13942E-4
1417.058	9.14317E-4
1419.077	9.14208E-4
1423.119	9.13966E-4
1425.236	9.31854E-4
1427.159	9.13676E-4
1429.178	9.13288E-4
1431.202	9.14886E-4
1433.221	9.31176E-4
1435.247	9.30873E-4
1437.266	9.31563E-4
1439.282	9.31720E-4
1441.303	9.30220E-4
1447.362	9.31454E-4
1451.405	9.31079E-4
1455.450	9.31962E-4
1457.466	9.31817E-4
1461.506	9.30934E-4
1463.525	9.31684E-4
1465.549	9.29409E-4
1467.568	9.30607E-4
1469.592	9.31599E-4
1471.610	9.30292E-4
1473.629	9.31103E-4
1475.648	9.14063E-4
1477.672	9.27581E-4
1479.690	9.29373E-4
1481.709	9.13918E-4
1483.733	9.13022E-4
1485.752	9.13966E-4
1487.770	9.14244E-4
1489.794	9.12538E-4
1491.829	9.14232E-4
1493.837	9.13155E-4
1495.851	9.14184E-4
1497.874	9.13639E-4
1499.893	9.13337E-4
1501.917	9.14136E-4
1503.936	9.14305E-4
1505.955	9.13881E-4
1507.978	9.14123E-4
1509.997	9.14257E-4
1514.035	9.13349E-4
1516.059	9.14317E-4
1518.077	8.96672E-4
1520.101	9.12369E-4
1522.120	9.13058E-4
1524.139	9.14099E-4
1526.157	9.04211E-4
1528.186	9.13567E-4
1530.200	9.14232E-4
1532.219	9.14099E-4
1536.261	9.13906E-4
1538.280	9.13482E-4
1540.304	9.13809E-4
1542.323	9.13434E-4
1544.342	9.13760E-4
1546.365	9.13385E-4
1548.384	9.14099E-4
1550.403	9.13567E-4
1552.427	9.13809E-4
1554.445	9.13216E-4
1556.464	9.13724E-4
1558.488	9.13833E-4
1560.507	9.13494E-4
1562.526	9.14075E-4
1564.549	9.21942E-4
1566.568	9.13434E-4
1568.592	9.14123E-4
1570.611	9.28247E-4
1572.630	9.30486E-4
1574.648	9.24895E-4
1576.672	9.13893E-4
1578.691	9.14075E-4
1580.715	9.14293E-4
1582.734	9.22353E-4
1584.752	9.30583E-4
1586.771	9.31382E-4
1588.795	9.31515E-4
1590.814	9.31248E-4
1592.832	9.28828E-4
1594.851	9.16665E-4
1596.875	9.30232E-4
1598.894	9.20332E-4
1600.913	9.29215E-4
1602.936	9.30425E-4
1604.955	9.13458E-4
1606.974	9.13736E-4
1609.003	9.30825E-4
1611.022	9.14281E-4
1613.046	9.13252E-4
1617.088	9.12514E-4
1619.107	9.13736E-4
1621.126	9.12732E-4
1625.173	9.13434E-4
1627.192	9.13954E-4
1629.211	9.13736E-4
1631.235	9.13252E-4
1633.248	9.13143E-4
1635.277	9.16036E-4
1637.291	9.12986E-4
1639.310	9.13567E-4
1643.352	9.12937E-4
1645.371	9.13434E-4
1647.390	9.13833E-4
1649.414	9.13579E-4
1655.475	9.13325E-4
1657.494	9.14039E-4
1659.518	9.12599E-4
1661.536	9.13288E-4
1663.560	9.13397E-4
1665.661	9.12707E-4
1667.598	9.13978E-4
1669.617	9.13579E-4
1673.659	9.13833E-4
1675.678	9.13543E-4
1677.697	9.14160E-4
1679.721	9.13857E-4
1681.739	9.12816E-4
1683.758	9.13373E-4
1685.782	9.14269E-4
1687.801	9.13918E-4
1689.819	9.12344E-4
1691.843	9.14063E-4
1693.862	9.14196E-4
1695.881	9.13361E-4
1697.899	9.13966E-4
1699.923	9.14063E-4
1701.942	9.20610E-4
1703.966	9.14269E-4
1705.985	9.14039E-4
1708.003	9.12974E-4
1710.022	9.13760E-4
1712.046	9.16701E-4
1714.065	9.25524E-4
1716.084	9.30159E-4
1718.107	9.28888E-4
1720.126	9.31091E-4
1722.145	9.29554E-4
1724.169	9.13313E-4
1726.188	9.12453E-4
1728.206	9.13591E-4
1730.230	9.13845E-4
1732.264	9.14269E-4
1734.299	9.13712E-4
1736.317	9.14160E-4
1738.336	9.13869E-4
1740.355	9.13748E-4
1742.373	9.14039E-4
1746.416	9.12514E-4
1748.440	9.13192E-4
1750.459	9.29711E-4
1752.477	9.31127E-4
1754.501	9.28392E-4
1756.520	9.13821E-4
1758.539	9.13954E-4
1760.558	9.31648E-4
1762.581	9.14111E-4
1764.600	9.14281E-4
1766.624	9.13228E-4
1768.643	9.13785E-4
1772.680	9.13603E-4
1774.704	9.17004E-4
1776.723	9.13954E-4
1778.742	9.14184E-4
1780.766	9.12090E-4
1782.784	9.12502E-4
1784.808	9.13337E-4
1786.827	9.13192E-4
1788.846	9.12853E-4
1790.864	9.13821E-4
1792.888	9.14317E-4
1794.907	8.96526E-4
1796.926	9.09028E-4
1798.950	9.12901E-4
1800.968	9.13337E-4
1802.987	9.13071E-4
1805.011	9.13603E-4
1807.030	9.14087E-4
1809.048	9.13700E-4
1811.072	9.16701E-4
1813.091	9.13192E-4
1815.110	9.14087E-4
1819.152	9.13881E-4
1821.171	9.13494E-4
1823.195	9.13869E-4
1825.219	9.14378E-4
1827.233	9.14244E-4
1829.256	9.13313E-4
1831.275	9.13155E-4
1833.294	9.13942E-4
1835.318	9.13373E-4
1837.337	9.13881E-4
1841.374	9.13228E-4
1843.398	9.13954E-4
1845.417	9.13724E-4
1849.464	9.14257E-4
1851.478	9.14002E-4
1853.497	9.13603E-4
1855.521	9.12695E-4
1857.539	9.13845E-4
1859.558	9.14269E-4
1861.582	9.14160E-4
1863.601	9.14063E-4
1865.625	9.31454E-4
1867.643	9.29881E-4
1869.667	9.30450E-4
1873.705	9.14111E-4
1875.723	9.13313E-4
1877.742	9.28332E-4
1879.766	9.30776E-4
1883.804	9.31478E-4
1885.827	9.30837E-4
1887.846	9.29542E-4
1889.865	9.28949E-4
1891.884	9.30619E-4
1893.908	9.13603E-4
1895.926	9.30159E-4
1897.950	9.29990E-4
1899.969	9.46183E-4
1901.988	9.44731E-4
1904.012	9.60863E-4
1906.097	9.46110E-4
1908.049	9.45808E-4
1910.068	9.44573E-4
1912.092	9.45493E-4
1914.110	9.29905E-4
1916.134	9.31176E-4
1918.153	9.30050E-4
1920.172	9.29518E-4
1922.191	9.30292E-4
1924.214	9.29118E-4
1926.233	9.45215E-4
1928.252	9.36961E-4
1930.276	9.30208E-4
1932.294	9.30026E-4
1934.318	9.30982E-4
1936.337	9.30038E-4
1938.356	9.30801E-4
1940.375	9.30704E-4
1942.398	9.31648E-4
1944.417	9.30099E-4
1946.436	9.30571E-4
1948.460	9.29881E-4
1950.479	9.31103E-4
1952.497	9.30619E-4
1954.521	9.44585E-4
1956.540	9.31152E-4
1958.559	9.31430E-4
1960.583	9.30789E-4
1962.601	9.30450E-4
1964.620	9.30716E-4
1968.663	9.14002E-4
1970.681	9.14099E-4
1972.705	9.27472E-4
1974.724	9.14329E-4
1978.762	9.13748E-4
1982.804	8.96575E-4
1984.828	8.96454E-4
1990.884	9.12550E-4
1992.908	9.14123E-4
1994.927	9.13990E-4
1996.946	9.13797E-4
2000.988	9.14220E-4
2003.007	9.13906E-4
2005.036	9.14317E-4
2007.050	9.13760E-4
2009.068	9.14317E-4
2011.092	9.13906E-4
2015.135	9.14317E-4
2017.154	9.14039E-4
2019.172	9.13845E-4
2021.191	9.14317E-4
2025.234	9.14039E-4
2029.276	9.14317E-4
2033.314	9.14002E-4
2035.338	9.14232E-4
2039.375	9.14450E-4
2041.399	9.31527E-4
2043.423	9.14547E-4
2045.442	9.14063E-4
2047.460	9.23939E-4
2049.479	9.31212E-4
2051.498	9.30595E-4
2053.522	9.29966E-4
2055.540	9.29421E-4
2057.570	9.16205E-4
2059.583	9.27400E-4
2061.602	9.30982E-4
2063.621	9.31176E-4
2065.644	9.22728E-4
2067.663	9.15140E-4
2069.682	9.13966E-4
2071.701	9.13567E-4
2073.725	9.14220E-4
2075.743	9.13095E-4
2077.762	9.14220E-4
2079.786	9.14123E-4
2083.829	9.13736E-4
2085.847	9.14099E-4
2087.866	9.14317E-4
2089.885	9.14196E-4
2091.909	9.02541E-4
2093.927	9.13276E-4
2095.946	9.13385E-4
2097.970	9.13881E-4
2099.989	9.13990E-4
2102.008	9.29953E-4
2104.031	9.13942E-4
2106.050	9.13724E-4
2108.069	9.14305E-4
2110.093	9.13664E-4
2112.112	9.14269E-4
2114.130	9.13712E-4
2116.154	9.14148E-4
2118.173	9.14305E-4
2120.192	9.13821E-4
2122.215	9.14910E-4
2124.234	9.13664E-4
2126.253	9.24047E-4
2128.272	9.15443E-4
2130.296	9.13555E-4
2132.314	9.14208E-4
2136.362	9.13639E-4
2138.376	9.14075E-4
2140.394	9.13785E-4
2142.418	9.29251E-4
2144.437	9.17924E-4
2146.523	9.13845E-4
2148.480	9.13482E-4
2152.522	9.13724E-4
2154.541	9.14317E-4
2156.560	9.12647E-4
2158.584	9.13385E-4
2160.608	9.13119E-4
2162.647	9.14136E-4
2164.640	9.14317E-4
2166.664	9.30462E-4
2168.683	9.30292E-4
2170.701	9.30099E-4
2172.725	9.28368E-4
2174.744	9.30958E-4
2176.763	9.29421E-4
2178.787	9.29663E-4
2180.805	9.29869E-4
2182.824	9.21530E-4
2184.848	9.29070E-4
2186.867	9.30050E-4
2188.885	9.31660E-4
2190.909	9.30268E-4
2192.928	9.28429E-4
2194.947	9.31224E-4
2196.965	9.13845E-4
2198.989	9.13639E-4
2201.013	9.14862E-4
2203.032	9.13579E-4
2205.051	9.13216E-4
2207.069	9.14063E-4
2209.093	9.13058E-4
2211.117	9.29506E-4
2213.131	9.28804E-4
2215.150	9.31345E-4
2217.173	9.28586E-4
2219.192	9.21808E-4
2221.216	9.14160E-4
2223.235	9.13567E-4
2229.296	9.13712E-4
2231.315	9.14184E-4
2233.334	9.25246E-4
2235.358	9.29118E-4
2237.376	9.30716E-4
2239.400	9.29445E-4
2241.419	9.30002E-4
2243.438	9.27836E-4
2245.461	9.29554E-4
2247.480	9.31224E-4
2249.499	9.30849E-4
2251.518	9.14365E-4
2253.542	9.20368E-4
2255.560	9.29227E-4
2257.579	9.31575E-4
2259.603	9.13906E-4
2261.622	9.13530E-4
2263.640	9.13990E-4
2265.664	9.14220E-4
2267.683	9.17040E-4
2269.702	9.28852E-4
2271.726	9.29941E-4
2273.744	9.27509E-4
2275.768	9.14402E-4
2277.782	9.14269E-4
2281.825	9.13579E-4
2283.848	9.14244E-4
2287.891	9.14111E-4
2289.905	9.13845E-4
2291.929	9.14172E-4
2293.947	9.14015E-4
2295.971	9.14172E-4
2297.990	9.14015E-4
2300.009	9.14269E-4
2304.051	9.14051E-4
2306.070	9.14232E-4
2308.089	9.13978E-4
2310.113	9.13083E-4
2312.131	9.13942E-4
2314.150	9.22535E-4
2316.174	9.13627E-4
2320.211	9.13228E-4
2322.240	9.14111E-4
2324.254	9.13603E-4
2326.273	9.13700E-4
2328.297	9.13434E-4
2330.315	9.13010E-4
2332.339	9.12913E-4
2334.358	9.13676E-4
2336.377	9.13361E-4
2338.396	9.13603E-4
2340.419	9.12768E-4
2342.443	9.14305E-4
2344.462	9.13627E-4
2346.481	9.13869E-4
2348.500	9.14136E-4
2350.529	9.13688E-4
2352.547	9.14136E-4
2354.561	9.14244E-4
2356.590	9.13833E-4
2358.604	9.14136E-4
2360.627	9.13809E-4
2362.646	9.13664E-4
2364.665	9.14196E-4
2366.689	9.13071E-4
2368.707	9.14148E-4
2370.726	9.14317E-4
2372.745	9.13083E-4
2374.769	9.13918E-4
2376.788	9.14257E-4
2378.806	9.13083E-4
2380.830	9.13869E-4
2382.849	9.14148E-4
2384.868	9.07927E-4
2386.948	9.13458E-4
2388.910	9.14075E-4
2390.929	9.13434E-4
2392.953	9.13724E-4
2394.972	9.13821E-4
2399.009	9.13119E-4
2401.033	9.13688E-4
2403.052	9.14244E-4
2405.071	9.13482E-4
2407.094	9.13906E-4
2409.113	9.13664E-4
2411.132	9.13833E-4
2413.156	9.12417E-4
2415.175	9.13724E-4
2417.193	9.13567E-4
2419.217	9.13095E-4
2421.236	9.14099E-4
2425.279	9.14196E-4
2427.302	9.14087E-4
2429.316	9.14317E-4
2431.340	9.14136E-4
2433.359	9.13966E-4
2435.377	9.13857E-4
2439.420	9.14087E-4
2441.439	9.13664E-4
2443.463	9.14317E-4
2449.524	9.14063E-4
2451.543	9.14305E-4
2453.561	9.13688E-4
2455.585	9.14063E-4
2457.604	9.14317E-4
2461.647	9.13930E-4
2463.665	9.14317E-4
2465.684	9.12683E-4
2467.703	9.14317E-4
2469.727	9.13482E-4
2471.746	9.14063E-4
2473.769	9.14305E-4
2477.807	9.13942E-4
2479.826	9.14269E-4
2483.868	9.13893E-4
2485.887	9.14317E-4
2493.972	9.30764E-4
2495.991	9.14257E-4
2498.010	9.13300E-4
2500.034	9.14196E-4
2502.052	9.32035E-4
2504.071	9.17815E-4
2506.095	9.14293E-4
2510.132	9.14099E-4
2512.156	9.14317E-4
2518.218	9.06983E-4
2520.236	8.96526E-4
2522.255	9.14099E-4
2526.298	9.14317E-4
2528.317	9.14063E-4
2532.359	9.14281E-4
2534.378	9.13906E-4
2536.397	9.14317E-4
2542.463	9.14220E-4
2544.482	9.13627E-4
2546.501	9.26202E-4
2548.525	9.14244E-4
2550.543	9.31769E-4
2552.562	9.31152E-4
2554.581	9.30813E-4
2558.623	9.31224E-4
2560.647	9.31091E-4
2562.666	9.14111E-4
2564.685	9.15031E-4
2566.703	9.14063E-4
2568.727	9.14281E-4
2570.746	9.22244E-4
2572.765	9.31551E-4
2574.789	9.31248E-4
2576.807	9.30922E-4
2578.826	9.29179E-4
2580.850	9.28997E-4
2582.869	9.13893E-4
2584.888	9.14269E-4
2586.911	9.13893E-4
2588.930	9.14136E-4
2590.959	9.13591E-4
2592.973	9.13845E-4
2594.992	9.13434E-4
2597.010	9.14269E-4
2599.034	9.13869E-4
2601.053	9.14317E-4
2603.072	9.13518E-4
2605.096	9.13845E-4
2607.114	9.30353E-4
2609.133	9.31539E-4
2611.157	9.14341E-4
2613.176	9.13446E-4
2615.194	9.31079E-4
2617.218	9.14317E-4
2619.237	9.30365E-4
2621.261	9.30837E-4
2627.379	9.24640E-4
2629.351	9.31430E-4
2631.370	9.14426E-4
2633.394	9.14244E-4
2635.413	9.14075E-4
2639.455	9.14220E-4
2643.493	9.13833E-4
2645.511	9.14220E-4
2647.535	9.13664E-4
2649.554	9.31490E-4
2651.578	9.30087E-4
2653.597	9.14269E-4
2659.658	9.13615E-4
2661.677	9.14208E-4
2663.696	9.13530E-4
2665.745	9.14123E-4
2667.738	9.15128E-4
2669.757	9.30861E-4
2671.781	9.31551E-4
2673.800	9.27981E-4
2675.818	9.14317E-4
2677.842	9.13712E-4
2679.861	9.14317E-4
2687.941	9.13385E-4
2689.970	9.14305E-4
2694.008	9.13772E-4
2698.050	9.14220E-4
2702.088	9.14317E-4
2704.106	9.14595E-4
2706.130	9.14462E-4
2708.149	9.26407E-4
2710.168	9.31454E-4
2712.186	9.30135E-4
2714.210	9.31406E-4
2716.229	9.30425E-4
2718.248	9.31055E-4
2720.272	9.30692E-4
2722.290	9.30292E-4
2724.314	9.30897E-4
2726.328	9.23842E-4
2728.352	9.29941E-4
2730.381	9.31684E-4
2732.394	9.28368E-4
2734.413	9.18626E-4
2736.432	9.30885E-4
2738.451	9.31527E-4
2740.475	9.30425E-4
2742.493	9.14257E-4
2748.555	9.13893E-4
2750.579	9.13155E-4
2754.642	9.14874E-4
2756.660	9.14317E-4
2758.679	9.14220E-4
2760.703	9.14317E-4
2768.783	9.31975E-4
2770.802	9.31539E-4
2772.821	9.31636E-4
2774.845	9.32168E-4
2776.863	9.23067E-4
2778.882	9.13797E-4
2780.906	9.14172E-4
2782.925	9.14317E-4
2786.967	9.14208E-4
2793.029	9.14317E-4
2795.047	9.13869E-4
2797.066	9.14317E-4
2799.090	9.14087E-4
2801.109	9.13833E-4
2803.128	9.13966E-4
2805.151	9.14111E-4
2809.189	9.14317E-4
2811.213	9.14027E-4
2813.232	9.14317E-4
2815.250	9.13918E-4
2817.274	9.14111E-4
2819.298	9.14305E-4
2821.312	9.13434E-4
2823.335	9.14317E-4
2825.365	9.15902E-4
2827.373	9.14317E-4
2829.397	9.13688E-4
2831.416	9.14305E-4
2835.458	9.14148E-4
2837.477	9.14317E-4
2841.520	9.13869E-4
2843.538	9.14063E-4
2845.562	9.14317E-4
2847.581	9.14136E-4
2849.600	9.14305E-4
2859.704	9.14099E-4
2863.746	9.14317E-4
2873.850	9.13845E-4
2875.864	9.14317E-4
2879.906	9.14063E-4
2881.930	9.14317E-4
2885.968	9.29445E-4
2887.987	9.31394E-4
2890.010	9.31587E-4
2892.029	9.32083E-4
2894.053	9.31793E-4
2898.091	9.30317E-4
2900.114	9.31720E-4
2904.152	9.32083E-4
2906.171	9.31636E-4
2908.195	9.31309E-4
2910.218	9.31478E-4
2912.232	9.31878E-4
2916.275	9.14837E-4
2918.293	9.14317E-4
2924.355	9.14850E-4
2926.379	9.14002E-4
2928.397	9.13893E-4
2930.421	9.14317E-4
2942.539	9.14220E-4
2944.558	9.14317E-4
2946.581	9.14063E-4
2948.600	9.01670E-4
2950.629	9.14317E-4
2952.648	9.14196E-4
2954.667	9.14317E-4
2960.723	8.96454E-4
2962.742	8.97422E-4
2964.766	9.14365E-4
2966.784	9.14208E-4
2970.827	9.13942E-4
2972.846	9.14293E-4
2978.907	9.14111E-4
2982.950	9.14317E-4
2984.968	9.14111E-4
2986.987	9.14305E-4
2989.011	9.13688E-4
2993.049	9.14257E-4
2995.072	9.13833E-4
2997.091	9.14317E-4
3003.152	9.14160E-4
3005.171	9.14305E-4
3007.195	9.13821E-4
3009.219	9.14244E-4
3013.256	9.13918E-4
3015.275	9.14317E-4
3025.374	9.14015E-4
3027.398	9.14281E-4
3029.417	9.28102E-4
3031.435	9.14220E-4
3033.459	9.31418E-4
3035.478	9.31587E-4
3037.497	9.31696E-4
3039.521	9.31515E-4
3041.539	9.30522E-4
3043.558	9.14329E-4
3047.601	9.13736E-4
3049.620	9.14317E-4
3051.643	9.14220E-4
3053.662	9.14027E-4
3057.710	9.14293E-4
3059.729	9.14414E-4
3063.766	9.12828E-4
3065.785	9.14123E-4
3067.804	9.13615E-4
3069.827	9.12937E-4
3071.846	9.14075E-4
3073.865	9.14317E-4
3075.894	9.13724E-4
3077.908	9.13821E-4
3081.950	9.14136E-4
3083.969	9.14450E-4
3085.988	9.13918E-4
3088.006	9.14317E-4
3090.030	9.14111E-4
3092.054	9.14269E-4
3094.068	9.13906E-4
3096.092	9.13797E-4
3098.110	9.13930E-4
3100.134	9.14317E-4
3104.172	9.13313E-4
3106.201	9.14087E-4
3108.271	9.14244E-4
3110.233	9.13893E-4
3112.252	9.14305E-4
3118.318	9.31660E-4
3120.337	9.32047E-4
3122.356	9.31309E-4
3124.375	9.14269E-4
3126.399	9.31164E-4
3128.422	9.31805E-4
3130.436	9.26056E-4
3132.460	9.21494E-4
3134.479	9.14148E-4
3136.497	9.32156E-4
3138.521	9.31527E-4
3140.540	9.31938E-4
3144.583	9.31781E-4
3146.601	9.31224E-4
3148.620	9.31708E-4
3150.644	9.31866E-4
3152.663	9.30195E-4
3154.681	9.32192E-4
3156.705	9.32047E-4
3158.724	9.32144E-4
3160.743	9.31769E-4
3162.767	9.32180E-4
3164.791	9.31817E-4
3166.804	9.31539E-4
3168.849	9.31176E-4
3170.847	9.31660E-4
3172.866	9.31539E-4
3174.884	9.31829E-4
3176.908	9.30861E-4
3178.927	9.31914E-4
3180.951	9.31515E-4
3182.970	9.31418E-4
3184.988	9.46280E-4
3187.007	9.48240E-4
3193.068	9.31503E-4
3195.092	9.30619E-4
3197.111	9.31793E-4
3199.130	9.30958E-4
3201.154	9.30595E-4
3203.172	9.31793E-4
3205.191	9.32023E-4
3207.215	9.30655E-4
3209.234	9.31684E-4
3211.252	9.31999E-4
3213.276	9.31466E-4
3215.295	9.31793E-4
3217.314	9.30389E-4
3219.338	9.42891E-4
3221.356	9.34201E-4
3223.375	9.47514E-4
3225.399	9.47926E-4
3227.418	9.47563E-4
3229.452	9.34746E-4
3231.460	9.31999E-4
3233.479	9.31357E-4
3235.498	9.31611E-4
3237.522	9.32059E-4
3239.541	9.43835E-4
3241.559	9.32604E-4
3243.578	9.31503E-4
3247.626	9.30801E-4
3249.645	9.31309E-4
3251.663	9.30026E-4
3253.682	9.31938E-4
3255.701	9.31757E-4
3257.725	9.31636E-4
3259.743	9.32071E-4
3261.762	9.31031E-4
3263.786	9.31708E-4
3265.805	9.31454E-4
3267.823	9.31587E-4
3269.847	9.31841E-4
3275.919	9.30994E-4
3277.927	9.30510E-4
3279.946	9.31599E-4
3281.970	9.30849E-4
3283.989	9.31006E-4
3286.013	9.31236E-4
3288.031	9.31490E-4
3290.050	9.31987E-4
3292.069	9.31866E-4
3294.093	9.31345E-4
3296.112	9.31841E-4
3298.130	9.31103E-4
3300.154	9.32011E-4
3304.192	9.30776E-4
3306.231	9.31309E-4
3308.234	9.31490E-4
3310.253	9.31394E-4
3312.272	9.32047E-4
3318.338	9.30885E-4
3320.357	9.31285E-4
3322.376	9.31926E-4
3324.394	9.32326E-4
3326.429	9.31333E-4
3328.437	9.30304E-4
3332.480	9.31914E-4
3334.498	9.31345E-4
3336.522	9.30401E-4
3338.541	9.31224E-4
3340.560	9.31357E-4
3342.579	9.31176E-4
3344.602	9.31781E-4
3346.621	9.31103E-4
3348.697	9.31248E-4
3350.664	9.31490E-4
3352.683	9.31152E-4
3356.730	9.31345E-4
3358.749	9.31490E-4
3362.787	9.31321E-4
3366.829	9.47187E-4
3368.848	9.48749E-4
3370.867	9.45783E-4
3372.901	9.47091E-4
3374.914	9.48047E-4
3376.928	9.48676E-4
3378.952	9.46340E-4
3380.976	9.47611E-4
3382.994	9.47224E-4
3385.013	9.46582E-4
3387.032	9.48628E-4
3389.051	9.47538E-4
3391.075	9.47296E-4
3393.093	9.47986E-4
3395.112	9.48845E-4
3397.136	9.47115E-4
3399.155	9.47986E-4
3401.184	9.46594E-4
3403.202	9.48107E-4
3405.221	9.46764E-4
3407.235	9.32096E-4
3409.259	9.36283E-4
3411.277	9.46727E-4
3413.296	9.31527E-4
3415.320	9.33185E-4
3417.339	9.48180E-4
3419.358	9.48724E-4
3421.381	9.47587E-4
3423.400	9.47744E-4
3425.419	9.48325E-4
3427.443	9.46861E-4
3429.462	9.44259E-4
3431.480	9.46945E-4
3433.499	9.47490E-4
3435.523	9.48010E-4
3437.542	9.48676E-4
3439.560	9.46231E-4
3441.584	9.30244E-4
3443.603	9.45541E-4
3445.627	9.46945E-4
3447.646	9.47647E-4
3449.664	9.46231E-4
3451.683	9.31660E-4
3453.707	9.46836E-4
3455.726	9.46183E-4
3457.744	9.46667E-4
3459.768	9.46340E-4
3461.787	9.31490E-4
3463.806	9.30861E-4
3465.830	9.30534E-4
3467.848	9.31769E-4
3469.872	9.40979E-4
3471.891	9.31224E-4
3473.910	9.30208E-4
3475.929	9.31248E-4
3477.958	9.13700E-4
3479.971	9.14196E-4
3481.990	9.30571E-4
3484.014	9.30885E-4
3486.038	9.31345E-4
3488.051	9.14051E-4
3490.075	9.29336E-4
3492.094	9.30631E-4
3494.113	9.31624E-4
3496.137	9.30655E-4
3500.174	9.28804E-4
3502.193	9.30450E-4
3504.217	9.31176E-4
3506.235	9.30135E-4
3508.259	9.30559E-4
3510.288	9.14172E-4
3516.344	9.14317E-4
3518.363	9.13978E-4
3520.377	9.13434E-4
3522.401	9.14099E-4
3524.419	9.13434E-4
3526.443	9.13930E-4
3528.462	9.12429E-4
3530.481	9.13712E-4
3532.505	9.14148E-4
3534.523	9.13446E-4
3536.547	9.12889E-4
3538.566	9.13736E-4
3540.585	9.13034E-4
3542.604	9.29893E-4
3544.627	9.30692E-4
3546.651	9.30498E-4
3548.675	9.29324E-4
3550.689	9.31200E-4
3552.713	9.30244E-4
3554.726	9.31696E-4
3556.750	9.30740E-4
3558.769	9.31745E-4
3560.788	9.30317E-4
3562.812	9.31369E-4
3564.830	9.31176E-4
3566.849	9.29917E-4
3568.873	9.31152E-4
3570.892	9.31527E-4
3572.915	9.30897E-4
3574.934	9.31018E-4
3576.953	9.30825E-4
3578.972	9.31599E-4
3580.996	9.30873E-4
3585.038	9.13821E-4
3587.057	9.20308E-4
3589.137	9.13639E-4
3591.094	9.14281E-4
3593.118	9.13845E-4
3595.137	9.31430E-4
3597.156	9.30740E-4
3599.180	9.31466E-4
3601.198	9.30002E-4
3603.217	9.31708E-4
3605.236	9.14184E-4
3607.260	9.13954E-4
3609.279	9.13603E-4
3611.308	9.24120E-4
3613.321	9.31551E-4
3615.340	9.31297E-4
3617.364	9.14341E-4
3619.388	9.14002E-4
3621.406	9.14281E-4
3623.425	9.13434E-4
3625.444	9.31309E-4
3627.463	9.29881E-4
3629.486	9.30183E-4
3631.505	9.29857E-4
3633.524	9.16278E-4
3635.543	9.18868E-4
3637.567	9.26420E-4
3639.585	9.29251E-4
3641.604	9.29941E-4
3643.628	9.15055E-4
3645.647	9.14051E-4
3647.665	9.30038E-4
3649.694	9.30837E-4
3651.718	9.29748E-4
3653.742	9.30546E-4
3655.756	9.29857E-4
3657.775	9.30353E-4
3659.804	9.30220E-4
3661.822	9.14269E-4
3663.841	9.29796E-4
3665.860	9.13797E-4
3667.879	9.14123E-4
3669.897	9.13143E-4
3671.921	9.31987E-4
3673.940	9.23079E-4
3675.959	9.14499E-4
3677.983	9.30958E-4
3680.001	9.29312E-4
3682.020	9.30365E-4
3684.044	9.28828E-4
3686.063	9.29941E-4
3688.081	9.20707E-4
3690.116	9.13506E-4
3692.124	9.22026E-4
3694.143	9.14753E-4
3696.167	9.12853E-4
3698.185	9.13857E-4
3700.204	9.13712E-4
3702.228	9.13978E-4
3704.252	9.13506E-4
3706.265	9.14208E-4
3708.289	9.15915E-4
3710.308	9.14184E-4
3712.327	9.12550E-4
3714.351	9.13833E-4
3718.388	9.13966E-4
3720.412	9.13046E-4
3722.431	9.12502E-4
3724.450	9.13918E-4
3726.473	9.11909E-4
3728.492	8.97240E-4
3730.511	9.14111E-4
3732.530	8.96829E-4
3734.554	9.12550E-4
3736.572	9.13530E-4
3740.615	9.14136E-4
3742.634	9.06826E-4
3744.658	9.14172E-4
3746.676	9.13252E-4
3748.695	9.12768E-4
3750.714	9.14075E-4
3752.738	9.13688E-4
3754.762	9.14039E-4
3756.775	9.13470E-4
3758.799	9.13906E-4
3760.818	9.13615E-4
3762.836	9.13966E-4
3764.860	9.14160E-4
3766.879	9.13361E-4
3768.898	9.14111E-4
3770.927	9.14015E-4
3772.956	9.13446E-4
3774.990	9.29373E-4
3777.009	9.31382E-4
3779.028	9.28223E-4
3781.051	9.29966E-4
3783.081	9.30341E-4
3785.089	9.29433E-4
3787.113	9.31914E-4
3789.137	9.29675E-4
3791.155	9.28332E-4
3793.179	9.30038E-4
3795.193	9.19122E-4
3797.212	9.22837E-4
3799.236	9.29106E-4
3801.254	9.29433E-4
3803.273	9.29022E-4
3805.297	9.13458E-4
3807.316	9.13966E-4
3809.334	9.26226E-4
3811.358	9.30401E-4
3815.396	9.30002E-4
3817.420	9.16011E-4
3819.438	9.13918E-4
3821.457	9.13530E-4
3825.500	9.14232E-4
3831.561	9.13361E-4
3833.580	9.29748E-4
3835.599	9.31781E-4
3837.622	9.30825E-4
3841.665	9.28453E-4
3843.684	9.29966E-4
3845.703	9.29760E-4
3847.726	9.19945E-4
3849.745	9.14172E-4
3851.764	9.13906E-4
3853.783	9.13058E-4
3855.807	9.14136E-4
3857.825	9.13627E-4
3859.844	9.14281E-4
3861.868	9.29832E-4
3863.887	9.13216E-4
3865.905	9.13712E-4
3867.934	9.12853E-4
3869.948	9.13700E-4
3871.967	9.13325E-4
3873.991	9.13506E-4
3876.009	9.14208E-4
3880.052	9.14063E-4
3882.071	9.13458E-4
3884.095	9.28271E-4
3886.119	9.29736E-4
3888.132	9.29179E-4
3890.151	9.30256E-4
3892.170	9.15237E-4
3894.193	9.28949E-4
3896.212	9.28622E-4
3898.236	9.29445E-4
3902.274	9.14075E-4
3904.297	9.14172E-4
3906.316	9.13942E-4
3908.335	9.28295E-4
3910.354	9.22365E-4
3912.378	9.13288E-4
3914.401	9.29566E-4
3916.420	9.13724E-4
3918.439	9.14317E-4
3920.458	9.14087E-4
3922.482	9.13736E-4
3924.500	9.13954E-4
3926.519	9.31466E-4
3928.538	9.14329E-4
3930.562	9.30062E-4
3932.580	9.14341E-4
3934.599	9.30595E-4
3936.623	9.28162E-4
3938.642	9.31091E-4
3940.666	9.13942E-4
3942.684	9.14317E-4
3944.703	9.14511E-4
3946.722	9.13966E-4
3948.746	9.14317E-4
3954.807	9.13906E-4
3956.826	9.13736E-4
3958.845	9.14172E-4
3960.868	9.13639E-4
3962.887	9.13179E-4
3964.906	9.14317E-4
3968.949	9.25645E-4
3970.967	9.14317E-4
3972.991	9.14208E-4
3975.015	9.13930E-4
3977.029	9.31781E-4
3979.047	9.31164E-4
3981.071	9.31345E-4
3983.090	9.30256E-4
3985.114	9.31200E-4
3987.133	9.29143E-4
3989.151	9.31369E-4
3991.170	9.30474E-4
3993.194	9.31273E-4
3995.213	9.30849E-4
3997.232	9.29530E-4
3999.255	9.30232E-4
4001.274	9.31188E-4
4003.293	9.31599E-4
4005.317	9.14365E-4
4007.336	9.28392E-4
4009.354	9.14027E-4
4011.378	9.30038E-4
4013.397	9.14257E-4
4015.416	9.13567E-4
4017.439	9.20961E-4
4019.458	9.14220E-4
4021.477	9.13930E-4
4023.501	9.14099E-4
4025.520	9.14305E-4
4027.538	9.14039E-4
4029.562	9.14317E-4
4031.586	9.13785E-4
4033.600	9.14317E-4
4035.624	9.32108E-4
4037.642	9.30498E-4
4039.661	9.14196E-4
4041.680	9.13010E-4
4043.704	9.13446E-4
4045.722	9.14317E-4
4047.746	9.12998E-4
4049.765	9.21966E-4
4051.784	9.14160E-4
4055.826	9.13869E-4
4057.850	9.14123E-4
4059.864	9.14015E-4
4061.888	9.13785E-4
4065.930	9.14293E-4
4067.949	9.14148E-4
4070.014	9.13869E-4
4071.987	9.13409E-4
4074.011	9.25403E-4
4076.029	9.31660E-4
4078.048	9.30014E-4
4080.072	9.28598E-4
4082.091	9.30413E-4
4084.114	9.30546E-4
4086.133	9.13833E-4
4088.157	9.14305E-4
4092.195	9.30764E-4
4094.213	9.29336E-4
4096.232	9.31006E-4
4098.256	9.30220E-4
4100.275	9.31140E-4
4102.293	9.13821E-4
4104.317	9.18008E-4
4106.341	9.14317E-4
4110.374	9.29905E-4
4112.397	9.31539E-4
4114.416	9.30486E-4
4116.440	9.31975E-4
4118.459	9.30111E-4
4120.483	9.30571E-4
4122.501	9.30450E-4
4124.520	9.31938E-4
4126.539	9.31031E-4
4128.558	9.29953E-4
4130.582	9.30389E-4
4134.624	9.30716E-4
4136.643	9.30982E-4
4138.662	9.29312E-4
4140.680	9.31321E-4
4142.704	9.14825E-4
4144.728	9.28973E-4
4146.742	9.29373E-4
4148.766	9.29627E-4
4150.784	9.28792E-4
4152.803	9.30643E-4
4154.827	9.30014E-4
4156.846	9.14886E-4
4158.870	9.14087E-4
4160.888	9.13518E-4
4162.907	9.13385E-4
4166.950	9.27109E-4
4168.968	9.14293E-4
4170.987	9.16629E-4
4173.011	9.14015E-4
4175.040	9.14293E-4
4177.049	9.13954E-4
4179.072	9.19848E-4
4181.096	9.14039E-4
4183.110	9.29651E-4
4185.134	9.30038E-4
4187.163	9.30716E-4
4189.171	9.23793E-4
4191.195	9.31164E-4
4193.214	9.27460E-4
4195.233	9.30897E-4
4197.257	9.31793E-4
4199.275	9.19110E-4
4201.294	9.14184E-4
4205.337	9.16290E-4
4207.355	9.13724E-4
4209.374	9.12937E-4
4211.398	9.14244E-4
4217.459	9.13494E-4
4219.478	9.14063E-4
4221.497	9.13809E-4
4223.521	9.14317E-4
4225.539	9.31018E-4
4227.558	9.31575E-4
4231.601	9.31684E-4
4233.620	9.19993E-4
4235.643	9.31841E-4
4237.672	9.31611E-4
4239.686	9.14329E-4
4243.724	9.30910E-4
4245.742	9.31031E-4
4249.785	9.30474E-4
4253.828	9.30244E-4
4255.846	9.31636E-4
4257.865	9.30958E-4
4259.884	9.30159E-4
4261.908	9.31575E-4
4263.926	9.31793E-4
4265.950	9.31551E-4
4267.969	9.32047E-4
4269.988	9.30970E-4
4272.006	9.32096E-4
4274.030	9.30837E-4
4276.049	9.30619E-4
4278.068	9.30764E-4
4280.092	9.32096E-4
4282.110	9.30026E-4
4284.134	9.31599E-4
4286.153	9.32132E-4
4288.172	9.30982E-4
4290.191	9.30704E-4
4292.214	9.31708E-4
4294.233	9.30474E-4
4296.252	9.31055E-4
4298.276	9.31817E-4
4300.295	9.30074E-4
4302.329	9.30317E-4
4304.342	9.31200E-4
4306.356	9.30910E-4
4308.380	9.30425E-4
4310.445	9.31152E-4
4312.417	9.31999E-4
4314.436	9.30958E-4
4316.460	9.30413E-4
4318.479	9.30752E-4
4322.521	9.31515E-4
4324.545	9.31164E-4
4326.559	9.30438E-4
4328.577	9.30341E-4
4330.601	9.31515E-4
4332.620	9.30135E-4
4334.644	9.30655E-4
4336.663	9.31454E-4
4338.681	9.31067E-4
4340.705	9.30425E-4
4342.729	9.31006E-4
4344.748	9.31733E-4
4346.767	9.16871E-4
4348.785	9.14317E-4
4350.809	9.14220E-4
4352.828	9.14317E-4
4354.852	9.15140E-4
4356.866	9.31551E-4
4358.884	9.14075E-4
4360.908	9.29421E-4
4362.927	9.15406E-4
4364.951	9.14184E-4
4366.970	9.13518E-4
4368.988	9.13785E-4
4371.007	9.14317E-4
4373.031	9.13833E-4
4377.079	9.29227E-4
4379.092	9.31236E-4
4381.111	9.32180E-4
4383.135	9.31273E-4
4385.154	9.14741E-4
4387.177	9.14305E-4
4389.201	9.14051E-4
4391.215	9.30220E-4
4393.239	9.14378E-4
4395.258	9.13869E-4
4397.276	9.14305E-4
4399.300	9.13179E-4
4401.319	9.14317E-4
4403.338	9.14196E-4
4405.356	9.14317E-4
4411.418	9.19388E-4
4413.442	9.14668E-4
4415.460	9.14257E-4
4419.503	9.14002E-4
4421.522	9.14196E-4
4425.564	9.14317E-4
4427.583	9.13736E-4
4429.602	9.14075E-4
4431.626	9.14257E-4
4433.645	9.13797E-4
4435.663	9.14039E-4
4437.687	9.13071E-4
4439.706	9.20199E-4
4441.725	9.31793E-4
4443.749	9.14329E-4
4449.805	9.14099E-4
4451.834	9.13579E-4
4453.847	9.13942E-4
4455.871	9.14293E-4
4457.890	9.14172E-4
4459.909	9.13458E-4
4461.927	8.96575E-4
4465.975	9.14148E-4
4467.989	9.13397E-4
4470.013	9.14281E-4
4490.216	9.13010E-4
4492.239	9.14232E-4
4494.263	9.14329E-4
4496.277	9.13095E-4
4498.296	9.18492E-4
4500.320	9.13918E-4
4502.338	9.14208E-4
4504.357	9.14317E-4
4506.376	9.13797E-4
4508.400	9.13954E-4
4510.418	9.14160E-4
4512.442	9.13760E-4
4516.480	9.14269E-4
4518.498	9.14486E-4
4520.522	9.13506E-4
4522.541	9.12853E-4
4524.565	9.13470E-4
4526.584	9.13651E-4
4528.602	9.14317E-4
4532.645	9.31345E-4
4534.664	9.31708E-4
4536.688	9.13821E-4
4538.706	9.14317E-4
4544.768	9.14148E-4
4546.787	9.13966E-4
4548.816	9.13518E-4
4550.876	9.13809E-4
4552.853	9.14329E-4
4554.872	9.14063E-4
4556.891	9.14220E-4
4558.914	9.13712E-4
4560.933	9.14317E-4
4562.952	9.13918E-4
4564.976	9.14317E-4
4571.032	9.13942E-4
4573.056	9.13567E-4
4575.075	9.14196E-4
4577.098	9.13422E-4
4579.117	9.14196E-4
4581.136	9.13809E-4
4583.155	9.14305E-4
4585.179	9.13881E-4
4587.197	9.13482E-4
4589.216	9.14317E-4
4591.240	9.13869E-4
4593.259	9.14184E-4
4595.277	9.14317E-4
4597.301	9.14015E-4
4599.320	9.13688E-4
4601.344	9.30583E-4
4603.363	9.31563E-4
4605.381	9.29336E-4
4607.400	9.31188E-4
4609.424	9.13893E-4
4611.443	9.14136E-4
4613.467	9.15769E-4
4615.485	9.31478E-4
4617.504	9.30571E-4
4619.523	9.31031E-4
4621.547	9.28392E-4
4623.566	9.31345E-4
4625.589	9.30232E-4
4627.608	9.29905E-4
4629.627	9.17234E-4
4631.646	9.31587E-4
4633.670	9.13869E-4
4635.688	9.14051E-4
4637.707	9.14305E-4
4641.750	9.13615E-4
4643.773	9.14317E-4
4645.792	9.13482E-4
4647.811	9.13772E-4
4649.830	9.13482E-4
4651.848	9.13893E-4
4653.872	9.14220E-4
4655.891	9.14329E-4
4661.958	9.28562E-4
4663.976	9.17718E-4
4665.995	9.14499E-4
4668.014	9.13688E-4
4670.043	9.14063E-4
4672.067	9.14729E-4
4674.085	9.14317E-4
4678.128	9.13688E-4
4680.147	9.14087E-4
4682.171	9.14317E-4
4692.270	9.14184E-4
4696.312	9.14317E-4
4698.331	9.13966E-4
4700.350	9.14220E-4
4702.374	8.97228E-4
4704.392	8.96454E-4
4716.515	8.96732E-4
4718.534	8.96514E-4
4722.576	9.07552E-4
4724.595	9.14075E-4
4726.614	8.96744E-4
4728.638	8.96635E-4
4730.656	8.96454E-4
4740.760	9.01622E-4
4742.784	8.96442E-4
4758.950	8.96647E-4
4760.968	8.96454E-4
4762.987	8.96345E-4
4765.011	8.96442E-4
4769.049	8.96611E-4
4771.067	8.96454E-4
4781.171	8.96575E-4
4783.190	8.96454E-4
4805.437	9.13482E-4
4807.471	9.06535E-4
4809.480	8.96454E-4
4813.523	9.13276E-4
4815.541	9.13809E-4
4817.560	8.96454E-4
4833.725	9.13978E-4
4835.744	9.13700E-4
4837.763	9.14148E-4
4839.782	9.14317E-4
