Elapsed time [s]	Value [0,70]
0.000	35.00030
1.104	34.99650
13.404	35.00020
15.454	34.99600
25.710	35.00290
31.859	34.99800
33.911	34.99450
40.060	35.00310
42.110	34.99920
54.410	35.00340
62.611	34.99470
64.663	34.99950
68.768	35.00520
72.862	34.99570
74.914	35.00130
76.974	35.00520
89.267	34.99700
91.316	35.00520
95.416	35.00090
107.719	35.00520
120.047	35.00140
124.121	34.99720
126.176	35.00080
128.220	34.99640
130.270	35.00060
134.372	34.99580
150.774	34.99170
152.829	34.99850
156.925	34.99250
163.077	34.99710
171.283	34.99360
173.328	34.98890
175.377	34.99410
197.931	34.98900
199.981	34.99380
210.236	34.98900
212.284	34.99330
228.686	34.98780
230.738	34.99150
238.937	34.99720
255.339	34.99130
267.642	34.99730
271.741	34.99010
275.843	35.00060
292.245	34.99690
294.295	35.00070
298.394	34.99720
306.595	35.00300
310.697	34.99710
323.003	35.00180
335.300	34.99590
347.601	35.00180
357.854	34.99780
378.356	35.00210
390.661	35.00760
392.708	35.00260
394.758	35.00710
417.358	35.00200
427.609	34.99840
435.807	35.00280
448.110	35.00790
452.210	35.00260
456.309	35.00910
458.361	35.00130
462.460	34.99730
466.562	35.00270
468.612	34.99860
487.064	35.00290
491.165	35.00650
493.215	35.00090
509.623	34.99630
511.667	35.00240
515.769	35.00850
517.818	35.00160
521.920	35.00560
523.970	35.00120
528.069	34.99680
532.171	35.00100
538.325	35.01010
540.380	35.00610
554.725	35.00140
556.774	35.00910
558.824	35.00100
562.926	34.99740
575.226	34.99310
579.328	35.00310
583.427	34.99340
585.482	35.00050
616.232	34.99580
618.284	35.00200
630.585	34.99620
634.689	34.99200
638.801	34.99640
669.541	35.00270
673.645	34.99810
681.844	35.00260
690.042	34.99580
698.243	34.99990
708.497	34.99570
712.596	34.99940
716.698	34.99590
720.797	35.00280
735.150	34.99840
743.351	35.00260
749.502	34.99760
761.805	34.99350
767.954	34.99890
770.006	35.00290
772.056	34.99580
778.220	34.99070
780.257	34.99930
786.408	34.99520
794.610	34.99110
796.659	34.99560
804.876	35.00020
811.012	34.99650
825.364	35.00330
829.464	34.99950
854.113	35.00350
864.359	34.99800
872.563	35.00210
878.712	34.99730
882.813	35.00090
899.218	34.99670
905.367	35.00180
919.717	34.99570
921.772	35.00520
923.835	34.99620
934.070	34.99110
936.122	34.99660
938.172	35.00230
940.221	34.99770
948.425	35.00220
950.472	34.99840
952.522	34.99470
958.673	34.99860
960.725	34.99370
962.780	34.99860
973.026	35.00390
987.378	34.99300
989.428	34.99800
991.478	35.00340
1028.384	34.99980
1030.436	35.00570
1044.786	35.00970
1048.888	35.00380
1052.987	35.00980
1055.040	35.00590
1057.089	34.99950
1059.139	35.00560
1063.241	35.01130
1065.301	35.00660
1075.541	34.99950
1077.591	35.00480
1098.095	34.99810
1100.145	35.00190
1108.346	34.99730
1110.395	35.00300
1114.497	35.00800
1120.649	35.00340
1132.949	35.00990
1135.001	35.00190
1141.150	35.00680
1143.200	35.00180
1149.351	35.00720
1155.505	35.00210
1159.602	34.99850
1176.007	35.00250
1182.156	35.00630
1186.258	35.00070
1200.610	35.00530
1206.759	35.00030
1208.809	34.99520
1210.861	35.00140
1212.913	34.99560
1221.112	35.00040
1229.315	35.00680
1231.365	34.99450
1233.417	35.00290
1237.517	34.99910
1241.616	35.00290
1243.665	34.99850
1266.260	34.99460
1272.412	35.00100
1276.511	34.99630
1286.762	35.00120
1290.864	34.99770
1297.015	34.99260
1299.065	34.99820
1307.266	35.00490
1311.365	34.99450
1315.467	34.99940
1325.723	34.99580
1327.770	35.00330
1329.820	34.99480
1333.922	34.99930
1340.073	34.99440
1342.123	34.99800
1356.473	35.00270
1366.726	35.00630
1372.878	35.00240
1374.927	34.99850
1381.076	35.00520
1383.128	35.01250
1385.211	35.00730
1387.228	35.00340
1397.481	34.99930
1405.682	35.00370
1422.084	34.99780
1430.283	35.00400
1436.434	34.99970
1438.484	34.99440
1440.536	35.00020
1446.685	34.99380
1448.737	34.99830
1467.187	34.99400
1471.291	34.99910
1473.341	34.99410
1479.490	35.00130
1483.594	34.99590
1487.698	34.99190
1489.748	34.99580
1506.145	34.99010
1508.195	34.99690
1510.244	34.99220
1530.746	34.99590
1536.900	34.99970
1538.950	34.99360
1553.302	35.00120
1555.352	34.99360
1557.407	34.98730
1559.456	34.99160
1565.605	34.99580
1567.655	34.99210
1575.853	34.99560
1582.007	34.99920
1584.057	34.99550
1604.559	35.00160
1608.663	34.99350
1612.762	35.00600
1614.812	34.99510
1616.862	35.00410
1620.961	34.99900
1625.060	34.99330
1629.165	35.00060
1633.269	34.99310
1635.313	34.99780
1641.462	34.99390
1645.562	34.99740
1647.616	34.99340
1649.666	34.99730
1655.815	34.99210
1668.118	34.98770
1674.267	34.98390
1678.428	34.98990
1686.611	34.99340
1688.661	34.98830
1692.765	34.99320
1694.815	34.98920
1698.914	34.99280
1703.013	34.98590
1705.063	34.99250
1729.674	34.99600
1746.071	34.98930
1756.330	34.99280
1760.424	34.98720
1762.473	34.99110
1774.776	34.99890
1776.826	34.99460
1778.876	34.99020
1780.930	34.99410
1799.377	34.99760
1801.427	35.00230
1823.983	35.00600
1830.132	35.00100
1844.485	35.00640
1846.534	35.01060
1848.584	35.00470
1850.633	35.00070
1854.738	35.00590
1860.887	35.00980
1864.986	35.00530
1881.393	35.00920
1903.950	35.01280
1918.297	35.00730
1926.496	35.01260
1928.545	35.01680
1934.699	35.01130
1944.953	35.00580
1957.251	35.00970
1959.305	35.00420
1969.554	35.00840
1975.713	35.00400
1981.857	35.00910
1983.906	35.00440
1994.154	35.01020
1998.259	35.00600
2000.308	35.01020
2006.463	35.00480
2026.959	34.99930
2029.014	34.99540
2031.068	35.00320
2033.118	34.99890
2039.262	35.00650
2041.311	35.00290
2043.366	34.99680
2045.416	35.00400
2051.565	34.99870
2055.664	35.00310
2057.719	34.99890
2063.873	35.00290
2065.917	34.99920
2067.972	35.00430
2072.087	34.99960
2074.121	35.00460
2076.171	35.00080
2082.325	35.00460
2100.813	35.01230
2102.862	35.00650
2109.016	35.01060
2111.061	35.00570
2117.215	35.00200
2119.265	35.00840
2135.667	35.00370
2137.717	35.00750
2147.970	35.00370
2164.372	35.00860
2166.432	35.00190
2172.571	35.00780
2180.779	35.01190
2182.824	35.00650
2184.874	35.01050
2199.226	35.00370
2201.276	35.00770
2209.480	35.00340
2213.579	35.00720
2215.628	35.01190
2223.832	35.00660
2229.981	35.01070
2234.085	35.00430
2240.234	35.01000
2242.284	35.00420
2250.483	34.99860
2254.587	35.00220
2268.934	34.99860
2270.989	35.00290
2285.342	35.00680
2293.540	35.00330
2297.640	35.01070
2299.689	35.00470
2322.251	35.00920
2330.449	35.00360
2332.494	35.00880
2336.598	35.00350
2342.747	35.01040
2350.946	35.00580
2355.050	35.01060
2361.209	35.00700
2369.413	35.01150
2379.656	35.00470
2383.755	35.00960
2385.805	35.00380
2391.959	35.00970
2394.004	35.00480
2402.207	35.00940
2404.257	35.00350
2414.505	35.00950
2416.555	35.01340
2418.609	35.00790
2422.709	34.99800
2424.764	35.00440
2426.808	34.99720
2428.858	35.00240
2430.912	35.00850
2432.962	35.00330
2437.061	35.01080
2439.111	35.00480
2445.260	35.01070
2447.310	35.00320
2449.364	35.00970
2455.513	35.00110
2457.563	35.00510
2461.662	35.01060
2465.767	35.00540
2469.866	35.00910
2478.064	35.00310
2482.164	35.00780
2486.268	35.00330
2494.467	35.00860
2496.516	35.00190
2500.621	34.99780
2502.670	35.00490
2504.720	35.00090
2512.919	35.00630
2514.973	35.01000
2517.064	34.99610
2519.114	35.00350
2521.163	34.99840
2527.317	35.00580
2529.367	35.00210
2531.417	35.00570
2533.472	34.99880
2537.566	35.00450
2541.670	35.00080
2549.869	35.00650
2551.918	35.00170
2570.370	35.00620
2572.420	35.00160
2613.428	34.99800
2623.681	35.00470
2625.731	34.99940
2627.781	35.00480
2640.084	34.99890
2646.232	35.00380
2658.535	34.99940
2681.092	35.00420
2683.136	34.99770
2685.191	35.00340
2699.538	34.99780
2722.095	35.00350
2738.497	34.99480
2742.596	35.00230
2748.745	34.99790
2752.850	35.00140
2769.252	34.99650
2781.550	35.00060
2785.654	34.99510
2804.106	34.99990
2810.265	34.99290
2814.354	34.99770
2822.563	34.99360
2824.613	34.99950
2838.965	34.99560
2843.075	35.00050
2847.169	35.00530
2849.213	35.00040
2851.263	34.99660
2855.362	35.00320
2861.511	34.99500
2863.561	35.00160
2871.765	34.99740
2877.914	35.00170
2894.321	34.99810
2900.470	35.00540
2906.624	35.00150
2912.768	34.99730
2914.822	35.00160
2916.872	34.99730
2918.922	35.00090
2923.021	34.99740
2931.225	35.00400
2933.274	34.99830
2939.470	34.99420
2945.624	34.99920
2951.767	34.99430
2964.070	34.99950
2968.170	34.99490
2974.324	34.99870
2980.473	35.00260
2996.875	34.99770
3005.079	35.00230
3007.128	34.99880
3017.376	34.99270
3025.585	34.99620
3029.684	35.00070
3033.779	34.99380
3050.181	34.98960
3052.230	34.99590
3054.285	34.99100
3056.340	34.98690
3074.787	34.99420
3076.836	34.98920
3078.886	34.99670
3080.936	34.98780
3109.662	34.99270
3115.795	34.98600
3119.894	34.99010
3130.148	34.99490
3134.252	34.99080
3142.445	34.99460
3146.545	34.99040
3148.594	34.99390
3150.649	34.98730
3152.699	34.99730
3154.764	34.99210
3156.803	34.99820
3158.853	34.99200
3160.902	34.98830
3162.952	34.99230
3171.151	34.98810
3173.200	34.99610
3175.250	34.99140
3177.300	34.99610
3195.757	34.99980
3203.960	34.99450
3206.010	34.99930
3214.208	34.99070
3216.258	34.99900
3218.308	35.00360
3222.407	35.00830
3224.457	35.00240
3228.561	35.00640
3238.809	35.00100
3253.167	35.00450
3279.817	35.00030
3281.872	35.00530
3288.016	34.99950
3290.066	35.00530
3292.120	35.00110
3296.220	35.00460
3302.369	34.99720
3304.418	35.00330
3310.572	34.99700
3318.771	35.00410
3322.875	34.99990
3335.178	35.00400
3337.223	34.99910
3357.771	35.00290
3361.870	34.99530
3368.024	35.00060
3406.977	34.99640
3411.077	35.00190
3413.126	34.99570
3421.325	35.00080
3429.528	35.00480
3433.628	34.99620
3435.677	35.00180
3445.931	34.99740
3450.030	35.00090
3454.134	34.99740
3476.686	34.99320
3480.785	34.99730
3491.054	35.00150
3495.137	34.99780
3501.291	34.99240
3505.391	34.99880
3507.440	35.00250
3509.490	34.99720
3523.843	35.00160
3529.992	34.99420
3532.041	35.00250
3542.295	34.99590
3550.498	35.00760
3552.548	35.00190
3556.647	34.99580
3566.900	35.00290
3568.950	34.99910
3573.049	35.00690
3575.099	34.99930
3587.402	34.99320
3597.650	34.99830
3605.854	34.99030
3609.958	34.99490
3618.157	34.98980
3620.206	34.99340
3624.306	34.99810
3626.371	34.99100
3630.470	34.99670
3640.708	34.99190
3642.758	34.99810
3644.807	34.99330
3650.961	34.99700
3657.110	34.99290
3661.215	34.99680
3667.364	35.00080
3669.413	34.99690
3679.667	34.99260
3687.865	34.99610
3694.014	35.00040
3696.064	35.00410
3700.168	35.00040
3710.416	34.99570
3716.570	35.00430
3718.620	34.99920
3722.719	35.00530
3726.824	34.99800
3728.873	35.00170
3743.221	35.00820
3749.375	35.00080
3765.777	35.00530
3767.827	34.99480
3769.876	35.00040
3780.171	35.00400
3790.424	34.99810
3794.523	35.00180
3800.672	35.00670
3802.722	34.99860
3804.777	35.00390
3808.876	34.99660
3810.926	35.00210
3823.229	34.99810
3833.477	35.00230
3837.581	34.99740
3849.879	35.00180
3856.033	34.99830
3858.088	35.00230
3862.187	34.99580
3866.281	35.00040
3874.485	34.99540
3876.535	35.00030
3882.684	34.99600
3886.788	35.00230
3894.987	34.99590
3899.086	35.00110
3905.240	34.99750
3909.339	35.00360
3911.389	34.99840
3919.593	35.00440
3921.642	35.00060
3927.796	34.99600
3946.243	35.00300
3948.293	34.99900
3958.546	35.00500
3962.645	34.99890
3972.904	34.99440
3974.948	35.00160
3976.998	34.99620
3979.047	35.00100
3993.400	35.00660
3997.499	35.00290
4005.703	34.99820
4007.753	35.00830
4011.852	35.00040
4030.304	35.00450
4034.408	34.99730
4038.507	34.99290
4042.607	34.99850
4052.860	34.99450
4059.009	35.00190
4071.312	34.99700
4081.565	35.00200
4089.764	34.99720
4110.265	35.00270
4114.370	34.99840
4118.469	35.00210
4126.668	34.99790
4132.822	35.00220
4138.976	35.01010
4141.020	34.99910
4167.681	35.00260
4169.725	34.99810
4184.078	35.00570
4188.177	34.99760
4190.232	35.00240
4204.621	34.99560
4206.676	35.00000
4229.227	34.99530
4233.326	35.00320
4235.376	34.99770
4251.783	35.00350
4253.828	34.99580
4257.932	35.00250
4262.031	34.99880
4274.334	35.00540
4282.543	34.99890
4284.588	35.00400
4288.687	34.99960
4305.089	34.99510
4317.397	34.99940
4319.436	34.99520
4323.541	34.99960
4325.591	34.99440
4335.844	35.00100
4337.894	34.99650
4346.108	34.99160
4364.544	34.99580
4372.748	34.98990
4376.847	34.99410
4387.105	35.00050
4389.150	34.99640
4397.348	35.00190
4399.403	34.99550
4401.448	35.00200
4403.502	34.99800
4405.552	35.00260
4411.701	34.99700
4430.194	35.00100
4438.362	35.00630
4440.411	34.99840
4442.461	35.00520
4448.610	35.00100
4465.012	35.00500
4469.111	34.99920
4471.161	35.00330
4473.211	35.00900
4475.260	35.00190
4479.365	35.00650
4481.414	35.00290
4487.563	35.00840
4489.613	35.00220
4510.115	35.00840
4516.269	35.00480
4520.368	34.99940
4522.423	35.00360
4534.720	34.99760
4536.770	35.00370
4538.820	35.00760
4540.869	35.00340
4542.919	34.99940
4551.123	35.00570
4553.172	35.00030
4557.272	35.00440
4559.326	35.00830
4563.426	35.00360
4565.475	35.00740
4567.525	35.00350
4602.379	35.00710
4616.732	34.99970
4620.877	35.00410
4622.927	34.99960
4633.175	34.98960
4635.225	34.99490
4637.280	34.99980
4651.632	34.99610
4653.682	35.00100
4655.731	34.99630
4661.880	35.00030
4665.985	34.99550
4668.034	35.00400
4670.084	35.00020
4678.283	34.99650
4698.789	35.00140
4700.839	34.99780
4706.988	34.99360
4725.440	34.99740
4739.792	34.99200
4741.847	34.99740
4745.946	34.99140
4756.195	34.99550
4770.547	34.98920
4774.652	34.99530
4784.900	34.98850
4786.949	34.99710
4793.098	34.99080
4795.153	34.99590
4797.203	35.00060
4801.302	34.99520
4807.456	35.00160
4809.506	34.99690
4819.754	35.00090
4821.804	34.99740
4827.958	34.99240
4830.007	34.99890
4840.255	35.00550
