Elapsed time [s]	Value [0,100]
0.000	3.651800
1.377	3.791100
3.429	3.672680
5.479	3.680660
7.528	3.696030
9.578	3.763900
11.630	3.799480
13.680	3.655680
15.732	3.787460
17.782	3.835920
19.831	3.772900
21.881	3.776730
23.933	3.715620
25.983	3.591780
28.051	3.719870
30.082	3.707450
32.132	3.768460
34.184	3.879230
36.234	3.771360
38.283	3.780980
40.335	3.624920
42.385	3.775410
44.442	3.724200
46.484	3.672570
48.537	3.740510
50.586	3.748010
52.636	3.727930
54.688	3.653550
56.738	3.639670
58.787	3.798160
60.837	3.735350
62.889	3.893220
64.939	3.779130
66.989	3.761960
69.038	3.667200
71.088	3.726370
73.140	3.832570
75.190	3.737180
77.239	3.672130
79.289	3.708220
81.341	3.620010
83.391	3.767650
85.440	3.686090
87.490	3.745640
89.542	3.831990
91.592	3.687650
93.642	3.669130
95.691	3.787710
97.743	3.821360
99.793	3.871650
101.843	3.771540
103.892	3.760630
105.944	3.766230
107.994	3.679490
110.044	3.761450
112.096	3.678080
114.146	3.637520
116.203	3.652600
118.247	3.739060
120.297	3.786790
122.347	3.780790
124.396	3.894210
126.446	3.825080
128.498	3.864650
130.548	3.677330
132.597	3.786900
134.647	3.840300
136.697	3.726080
138.749	3.820780
140.799	3.902660
142.848	3.837660
144.898	3.806780
146.950	3.729970
149.000	3.787580
151.049	3.839360
153.099	3.716580
155.151	3.753580
157.201	3.921580
159.250	3.816500
161.303	3.775160
163.352	3.730640
165.402	3.797590
167.452	3.748650
169.504	3.733690
171.553	3.846910
173.603	3.913920
175.653	3.801080
177.705	3.871870
179.755	3.813970
181.804	3.778340
183.854	3.755280
185.906	3.710920
187.953	3.708250
190.005	3.796830
192.055	3.779060
194.107	3.847700
196.157	3.807970
198.206	3.822260
200.272	3.817460
202.306	3.801790
204.358	3.751210
206.408	3.713210
208.457	3.771350
210.507	3.864080
212.559	3.772650
214.609	3.730660
216.658	3.687860
218.711	3.744270
220.760	3.770410
222.810	3.782680
224.859	3.884550
226.912	3.883450
228.964	3.926790
231.011	3.833310
233.063	3.757120
235.154	3.802070
237.206	3.813550
239.258	3.575170
241.303	3.668400
243.355	3.797640
245.405	3.732910
247.454	3.835850
249.507	3.784360
251.556	3.708050
253.611	3.839440
255.668	3.772930
257.715	3.814740
259.757	3.851740
261.807	3.878040
263.859	3.818000
265.909	3.792900
267.966	3.627130
270.008	3.859780
272.058	3.874130
274.110	3.777020
276.160	3.672670
278.212	3.595920
280.259	3.692670
282.311	3.757830
284.361	3.763120
286.410	3.855510
288.460	3.624500
290.512	3.837120
292.562	3.882600
294.611	3.771920
296.661	3.724110
298.711	3.887140
300.763	3.806060
302.813	3.697640
304.862	3.782220
306.914	3.680840
308.964	3.711940
311.014	3.924710
313.063	3.820410
315.116	3.718260
317.165	3.766300
319.215	3.746550
321.285	3.784090
323.317	3.764830
325.366	3.745430
327.416	3.677930
329.468	3.733220
331.518	3.729380
333.567	3.680790
335.617	3.932370
337.667	3.884540
339.719	3.824730
341.769	3.866800
343.818	3.971690
345.868	3.802880
347.920	3.689890
349.972	3.774180
352.019	3.743330
354.069	3.812720
356.121	3.730750
358.171	3.815550
360.236	3.864950
362.270	3.827850
364.322	3.828310
366.372	3.827270
368.422	3.855980
370.474	3.764290
372.523	3.808080
374.573	3.729080
376.623	3.759110
378.675	3.756310
380.725	3.797000
382.774	3.795060
384.824	3.719040
386.876	3.696320
388.926	3.688940
390.975	3.673660
393.025	3.717650
395.077	3.696410
397.127	3.721020
399.176	3.700490
401.229	3.694000
403.281	3.786250
405.328	3.659490
407.380	3.757160
409.430	3.737300
411.479	3.693260
413.529	3.708520
415.581	3.802290
417.631	3.861910
419.681	3.812720
421.730	3.791970
423.780	3.722200
425.832	3.853700
427.882	3.898650
429.931	3.844350
431.984	3.818250
434.033	3.798340
436.083	3.713060
438.135	3.685580
440.185	3.738020
442.234	3.748450
444.284	3.716580
446.336	3.766270
448.386	3.634960
450.435	3.696650
452.485	3.766850
454.537	3.767270
456.587	3.667790
458.637	3.789250
460.686	3.768890
462.736	3.847880
464.788	3.864510
466.838	3.722690
468.887	3.852310
470.937	3.914160
472.989	3.780250
475.046	3.760710
477.088	3.745440
479.141	3.825760
481.190	3.857640
483.240	3.775900
485.290	3.826170
487.339	3.699830
489.391	3.688220
491.441	3.591360
493.491	3.844190
495.543	3.754460
497.592	3.750420
499.642	3.797180
501.692	3.715770
503.744	3.835740
505.794	3.833180
507.843	3.768590
509.893	3.811710
511.945	3.701460
513.995	3.717200
516.044	3.594160
518.094	3.769610
520.144	3.684910
522.196	3.639490
524.245	3.751250
526.295	3.780810
528.345	3.901730
530.397	3.858070
532.447	3.759130
534.496	3.696950
536.546	3.695190
538.598	3.567770
540.648	3.672930
542.697	3.721380
544.747	3.788430
546.799	3.749730
548.849	3.734160
550.898	3.696150
552.951	3.742620
554.998	3.887630
557.050	3.623890
559.100	3.832220
561.152	3.909220
563.201	3.878130
565.251	3.788440
567.301	3.908430
569.353	3.781190
571.403	3.848450
573.452	3.810910
575.502	3.895160
577.554	3.802900
579.604	3.653240
581.653	3.720280
583.742	3.858800
585.755	3.684980
587.805	3.679990
589.854	3.727520
591.904	3.825640
593.954	3.706820
596.006	3.839690
598.056	3.765280
600.105	3.739780
602.155	3.736340
604.207	3.808200
606.257	3.717590
608.306	3.764750
610.359	3.790460
612.408	3.757140
614.458	3.829430
616.507	3.869520
618.560	3.721910
620.609	3.708230
622.659	3.784280
624.709	3.789840
626.761	3.676740
628.810	3.802640
630.860	3.852450
632.912	3.877740
634.962	3.883550
637.012	3.924370
639.061	3.714540
643.163	3.657730
645.213	3.786200
647.262	3.820170
649.312	3.829520
651.364	3.868920
653.414	3.825300
655.505	3.730670
657.557	3.796910
659.606	3.883740
661.656	3.756530
663.706	3.684600
665.758	3.685470
667.808	3.717530
669.857	3.659970
671.917	3.731070
673.959	3.809930
676.009	3.808690
678.058	3.792420
680.108	3.738550
682.160	3.723750
684.210	3.665420
686.259	3.706610
688.309	3.806680
690.359	3.872900
692.411	3.875240
694.461	3.837330
696.510	3.884330
698.562	3.778710
700.612	3.835610
702.662	3.818840
704.711	3.796330
706.764	3.729290
708.813	3.810990
710.863	3.749970
712.915	3.643140
714.965	3.767880
717.014	3.838100
719.064	3.733200
721.116	3.648770
723.166	3.710500
725.215	3.734900
727.265	3.699030
729.315	3.795330
731.367	3.690950
733.417	3.686230
735.466	3.856270
737.516	3.797900
739.568	3.896040
741.618	3.747390
743.667	3.644870
745.717	3.724390
747.769	3.747950
749.819	3.804010
751.871	3.788440
753.918	3.797960
755.970	3.726400
758.020	3.851070
760.070	3.908010
762.122	3.939270
764.171	3.903520
766.221	3.828560
768.271	3.719480
770.323	3.717620
772.373	3.814080
774.422	3.856390
776.472	3.847800
778.524	3.797720
780.574	3.713410
782.623	3.703490
784.673	3.746930
786.725	3.898920
788.775	3.822050
790.824	3.763620
792.874	3.814190
794.924	3.886400
796.976	3.807800
799.026	3.746930
801.075	3.777760
803.125	3.759200
805.177	3.695360
807.227	3.626150
809.276	3.773570
811.326	3.824030
813.378	3.881260
815.428	3.693330
817.477	3.796590
819.530	3.828400
821.579	3.770890
823.629	3.778200
825.679	3.711660
827.731	3.784240
829.780	3.830290
831.830	3.883850
833.882	3.669410
835.932	3.789010
837.982	3.769490
840.031	3.718940
842.081	3.874560
844.133	3.834720
846.183	3.803990
848.232	3.837460
850.290	3.803320
852.339	3.746200
854.389	3.655440
856.439	3.727950
858.491	3.738780
860.540	3.749930
862.590	3.723830
864.645	3.795290
868.747	3.917130
870.796	3.795250
872.846	3.774730
874.896	3.748990
876.948	3.764600
878.997	3.874860
881.047	3.754770
883.097	3.732940
885.149	3.793680
887.196	3.796300
889.248	3.680740
891.298	3.739810
893.350	3.821050
895.400	3.714720
897.449	3.811500
899.499	3.874170
901.551	3.827490
903.601	3.958020
905.650	3.679300
907.703	3.715180
909.750	3.674770
911.802	3.739580
913.852	3.708880
915.901	3.844360
917.951	3.759260
920.003	3.924440
922.053	3.683420
924.102	3.890670
926.155	3.993420
928.204	3.786900
930.254	3.795500
932.303	3.891400
934.356	3.968990
936.405	3.712010
938.455	3.659290
940.507	3.808160
942.557	3.890770
944.606	3.880360
946.656	3.820670
948.708	3.692350
950.758	3.823820
952.808	3.836720
954.857	3.853040
956.907	3.827980
958.959	3.804660
961.009	3.893400
963.058	3.813430
965.108	3.845160
967.160	3.696560
969.210	3.714090
971.259	3.701070
973.309	3.668250
975.361	3.781640
977.411	3.760520
979.461	3.757180
981.510	3.753030
983.575	3.745720
985.612	3.805420
987.662	3.942640
989.714	3.825280
991.764	3.717050
993.813	3.754460
995.863	3.743440
997.915	3.674390
999.965	3.736780
1002.014	3.831330
1004.064	3.734750
1006.116	3.808520
1008.166	3.772190
1010.215	3.780800
1012.265	3.760250
1014.317	3.742600
1016.367	3.746560
1018.417	3.737470
1020.466	3.728480
1022.516	3.751180
1024.568	3.733000
1026.618	3.744810
1028.667	3.846800
1030.717	3.757930
1032.769	3.674760
1034.819	3.767870
1036.868	3.755040
1038.918	3.768300
1040.970	3.726640
1043.020	3.709550
1045.070	3.675210
1047.122	3.745680
1049.171	3.744950
1051.221	3.725210
1053.271	3.662530
1055.323	3.784070
1057.373	3.921090
1059.422	3.710420
1061.472	3.662340
1063.524	3.608630
1065.574	3.795910
1067.623	3.751730
1069.673	3.730530
1071.725	3.816580
1073.775	3.786790
1075.858	3.908430
1077.907	3.765570
1079.960	3.742850
1082.007	3.861960
1084.059	3.722720
1086.109	3.769990
1088.158	3.703460
1090.221	3.840160
1092.270	3.678370
1094.315	3.759310
1096.367	3.865570
1098.419	3.932770
1100.461	3.809590
1102.511	3.765670
1104.563	3.782040
1106.613	3.716700
1108.662	3.876430
1110.712	3.706350
1112.764	3.685090
1114.814	3.658140
1116.863	3.657300
1118.944	3.592500
1120.963	3.793300
1123.015	3.767170
1125.065	3.770000
1127.117	3.802740
1129.164	3.711210
1131.216	3.762110
1133.266	3.579700
1135.315	3.865630
1137.365	3.776570
1139.417	3.708860
1141.467	3.629950
1143.516	3.770440
1145.569	3.832730
1147.618	3.788150
1149.668	3.604580
1151.720	3.627310
1153.767	3.644330
1155.819	3.849770
1157.869	3.833600
1159.919	3.811730
1161.971	3.926160
1164.021	3.753460
1166.070	3.799400
1168.120	3.822910
1170.172	3.744740
1172.222	3.820290
1174.271	3.716480
1176.321	3.690770
1178.373	3.745820
1180.423	3.700000
1182.472	3.633940
1184.522	3.779040
1186.572	3.818800
1188.624	3.832510
1190.674	3.812890
1192.723	3.910910
1194.773	3.790340
1196.825	3.762590
1198.875	3.776190
1200.924	3.621350
1202.974	3.714260
1205.026	3.642930
1207.076	3.809140
1209.125	3.905150
1211.178	3.730250
1213.227	3.882940
1215.277	3.816520
1217.327	3.744830
1219.376	3.771230
1221.428	3.739770
1223.478	3.791230
1225.530	3.768970
1227.580	3.705540
1229.630	3.620170
1231.679	3.863530
1233.729	3.721140
1235.781	3.765420
1237.831	3.772610
1239.880	3.800790
1241.930	3.679810
1243.982	3.820960
1246.032	3.740220
1248.081	3.804910
1250.131	3.884600
1252.183	3.771730
1254.233	3.825590
1256.283	3.839260
1258.332	3.755960
1260.382	3.708470
1262.434	3.788530
1264.484	3.844520
1266.533	3.822400
1268.586	3.855520
1270.635	3.792870
1272.685	3.683150
1274.734	3.749820
1276.787	3.791990
1278.836	3.755080
1280.886	3.729310
1282.938	3.754090
1284.988	3.775530
1287.037	3.599060
1289.087	3.838910
1291.139	3.761680
1293.189	3.824320
1295.239	3.825620
1297.306	3.847500
1299.338	3.769300
1301.390	3.660130
1303.440	3.770280
1305.489	3.747940
1307.539	3.610740
1309.591	3.696920
1311.641	3.937540
1313.690	3.823540
1315.740	3.766570
1317.792	3.723820
1319.842	3.671840
1321.892	3.700590
1323.941	3.746300
1325.993	3.850690
1328.043	3.722430
1330.093	3.920840
1332.142	3.797100
1334.195	3.715990
1336.244	3.723230
1338.294	3.774710
1340.346	3.849680
1342.396	3.797040
1344.445	3.765880
1346.495	3.811670
1348.547	3.745820
1350.597	3.788470
1352.646	3.703730
1354.696	3.770950
1356.748	3.727280
1358.798	3.720120
1360.848	3.728740
1362.897	3.699490
1364.947	3.803260
1366.999	3.625610
1369.049	3.748210
1371.098	3.711940
1373.148	3.784200
1375.200	3.876370
1377.250	3.785480
1379.299	3.724910
1381.349	3.650670
1383.401	3.504500
1385.451	3.687290
1387.501	3.772580
1389.553	3.727600
1391.602	3.733160
1393.652	3.754610
1395.702	3.716610
1397.754	3.853380
1399.803	3.860790
1401.853	3.724470
1403.903	3.801460
1405.955	3.733660
1408.007	3.823430
1410.054	3.657080
1412.104	3.739040
1414.156	3.778900
1416.206	3.749600
1418.255	3.687730
1420.305	3.775930
1422.357	3.806710
1424.407	3.852930
1426.456	3.809270
1428.506	3.871520
1430.556	3.652460
1432.608	3.729950
1434.660	3.715870
1436.707	3.773200
1438.757	3.890490
1440.809	3.746450
1442.859	3.872420
1444.908	3.771500
1446.961	3.894810
1449.010	3.758750
1451.060	3.745820
1453.109	3.743140
1455.162	3.868650
1457.211	3.754250
1459.261	3.849150
1461.311	3.852630
1463.360	3.719660
1465.410	3.803380
1467.460	3.833020
1469.514	3.782480
1471.564	3.724840
1473.614	3.853970
1475.663	3.720230
1477.713	3.760500
1479.762	3.675450
1481.812	3.732100
1483.867	3.782070
1485.917	3.802880
1487.966	3.831060
1490.016	3.804310
1492.065	3.816090
1494.115	3.767120
1496.211	3.811120
1498.261	3.786580
1500.310	3.876210
1502.360	3.786320
1504.410	3.820560
1506.464	3.893660
1508.509	3.648550
1510.564	3.831160
1512.613	3.824300
1514.663	3.848510
1516.713	3.810910
1518.762	3.724440
1520.812	3.862390
1522.862	3.825070
1524.916	3.818650
1526.966	3.751060
1529.016	3.720680
1531.065	3.716360
1533.115	3.784550
1535.164	3.797510
1537.214	3.674960
1539.269	3.874540
1541.319	3.797480
1543.368	3.879560
1545.449	3.784540
1547.467	3.765610
1549.517	3.797180
1551.567	3.776810
1553.616	3.710030
1555.666	3.943880
1557.721	3.983730
1559.770	3.833360
1561.820	3.916580
1563.870	3.785630
1565.919	3.803600
1567.969	3.835250
1570.019	3.783730
1572.068	3.813880
1574.123	3.831320
1576.173	3.745700
1578.222	3.742410
1580.272	3.759100
1582.322	3.780000
1584.371	3.781960
1586.421	3.874730
1588.470	3.816230
1590.525	3.784920
1592.575	3.896690
1594.625	3.749720
1596.674	3.800880
1598.724	3.779860
1600.773	3.843760
1602.823	3.766050
1604.878	3.690590
1606.928	3.739330
1608.977	3.838910
1611.027	3.826780
1613.076	3.609430
1615.126	3.864080
1617.176	3.681860
1619.230	3.652520
1621.275	3.843760
1623.325	3.829140
1625.379	3.973780
1627.429	4.003830
1629.479	3.742800
1631.528	3.809880
1633.578	3.942000
1635.628	3.785640
1637.677	3.849090
1639.732	3.905360
1641.782	3.889540
1643.831	3.784360
1645.881	3.776000
1647.931	3.854430
1649.980	3.762890
1652.030	3.806620
1654.079	3.814410
1656.134	3.883020
1658.184	3.813370
1660.234	3.936440
1662.283	3.900820
1664.333	3.836090
1666.382	3.923440
1668.432	3.954740
1670.482	3.856160
1672.537	3.923280
1674.586	3.972520
1676.636	3.885540
1678.685	3.812160
1680.735	3.808900
1682.785	3.825290
1684.834	3.841490
1686.889	3.764750
1688.939	3.897010
1690.988	3.854630
1693.038	3.840250
1695.088	3.893740
1697.137	3.906650
1699.187	3.829100
1701.237	3.857860
1703.291	3.900030
1705.341	3.773820
1707.391	3.780870
1709.440	3.857910
1711.490	3.838020
1713.540	3.878590
1715.589	3.852920
1717.639	3.812610
1719.688	3.820310
1721.743	3.759260
1723.793	3.841740
1725.843	3.901660
1727.892	3.833790
1729.978	3.771380
1731.991	3.756830
1734.041	3.815140
1736.091	3.819040
1738.145	3.773330
1740.195	3.749580
1742.245	3.895220
1744.294	3.927630
1746.344	3.967860
1748.399	3.903990
1750.443	3.938700
1752.498	3.975780
1754.548	3.886670
1756.597	3.840730
1758.647	3.920630
1760.697	3.985940
1762.746	3.861580
1764.796	3.917220
1766.846	3.879250
1768.900	3.802190
1770.950	3.844980
1773.000	3.830760
1775.065	3.671340
1777.099	3.939400
1779.149	3.869500
1781.198	3.796400
1783.248	3.778110
1785.297	3.841230
1787.352	3.871040
1789.402	3.896050
1791.457	3.772960
1793.501	3.862380
1795.551	3.921230
1797.600	3.930710
1799.650	3.813320
1801.700	3.700600
1803.754	3.881750
1805.804	3.759510
1807.854	3.806960
1809.903	3.823740
1811.953	3.758800
1814.003	3.714540
1816.052	3.871140
1818.107	3.767770
1820.157	3.880770
1822.206	3.771090
1824.256	3.735210
1826.306	3.795740
1828.355	3.810980
1830.405	3.914010
1832.455	3.889320
1834.509	3.820990
1836.559	3.845090
1838.609	3.899300
1840.663	3.872200
1842.708	3.786940
1844.757	3.713240
1846.817	3.722890
1848.862	3.796450
1850.912	3.948110
1852.961	3.823270
1855.011	3.761350
1857.060	3.798270
1859.110	3.763470
1861.160	3.660200
1863.209	3.780700
1865.259	3.856010
1867.314	3.943970
1869.363	3.864910
1871.413	3.853010
1873.463	3.793750
1875.512	3.854760
1877.562	3.755510
1879.612	3.761760
1881.666	3.749510
1883.711	3.776700
1885.766	3.728060
1887.815	3.833830
1889.865	3.779170
1891.915	3.761930
1893.964	3.801030
1896.014	3.726910
1898.064	3.867990
1900.118	3.754570
1902.168	3.773970
1904.218	3.729720
1906.267	3.771660
1908.317	3.821950
1910.366	3.644520
1912.416	3.795990
1914.466	3.761920
1916.562	3.730350
1918.611	3.908650
1920.661	3.872180
1922.711	3.754230
1924.765	3.712950
1926.820	3.698140
1928.875	3.637850
1930.914	3.660660
1932.964	3.617620
1935.014	3.778450
1937.063	3.853670
1939.113	3.762090
1941.163	3.758490
1943.217	3.861680
1945.267	3.898650
1947.317	3.809770
1949.366	3.890260
1951.416	3.817910
1953.465	3.827320
1955.515	3.815130
1957.565	3.762730
1959.620	3.820190
1961.669	3.825290
1963.719	3.770040
1965.768	3.757500
1967.818	3.821530
1969.868	3.733500
1971.917	3.755910
1973.972	3.711740
1976.022	3.860010
1978.071	3.814530
1980.121	3.738790
1982.171	3.745300
1984.220	3.800210
1986.280	3.842830
1988.320	3.694850
1990.374	3.730800
1992.424	3.824580
1994.474	3.670260
1996.523	3.751060
1998.573	3.706810
2000.623	3.729460
2002.672	3.655010
2004.722	3.696780
2006.772	3.863060
2008.826	3.806540
2010.876	3.864330
2012.926	3.814520
2014.975	3.811470
2017.025	3.805300
2019.074	3.807530
2021.124	3.810450
2023.179	3.694970
2025.229	3.822340
2027.278	3.883590
2029.328	3.876310
2031.377	3.793910
2033.427	3.875770
2035.477	3.815450
2037.532	3.870190
2039.581	3.628570
2041.631	3.737550
2043.680	3.837990
2045.730	3.702700
2047.780	3.733690
2049.829	3.718970
2051.879	3.919550
2053.929	3.869330
2055.983	3.715910
2058.033	3.837950
2060.083	3.676340
2062.132	3.778370
2064.182	3.732810
2066.232	3.762240
2068.281	3.713040
2070.331	3.757880
2072.380	3.762330
2074.435	3.735800
2076.485	3.792630
2078.535	3.767830
2080.584	3.707370
2082.634	3.709170
2084.683	3.693430
2086.733	3.729580
2088.788	3.856260
2090.838	3.706300
2092.887	3.679300
2094.937	3.796020
2096.986	3.767450
2099.036	3.670560
2101.086	3.561970
2103.140	3.727890
2105.190	3.774680
2107.240	3.835800
2109.289	3.691560
2111.344	3.737710
2113.389	3.714910
2115.438	3.844580
2117.488	3.849990
2119.538	3.688530
2121.592	3.767060
2123.642	3.766130
2125.692	3.718300
2127.741	3.732230
2129.791	3.701430
2131.841	3.722870
2133.895	3.757480
2135.940	3.847670
2137.995	3.733600
2140.044	3.705300
2142.094	3.702980
2144.144	3.805280
2146.193	3.789890
2148.243	3.797090
2150.292	3.770560
2152.347	3.838750
2154.397	3.870780
2156.446	3.734210
2158.496	3.843510
2160.546	3.705660
2162.595	3.752890
2164.645	3.631800
2166.695	3.691300
2168.749	3.729410
2170.799	3.761840
2172.849	3.661710
2174.898	3.722460
2176.948	3.612470
2178.998	3.696510
2181.047	3.577060
2183.097	3.672020
2185.147	3.613720
2187.201	3.705590
2189.251	3.704240
2191.301	3.756860
2193.361	3.682610
2195.400	3.659560
2197.450	3.690510
2199.499	3.816040
2201.554	3.713040
2203.604	3.851690
2205.653	3.724380
2207.703	3.783390
2209.752	3.771850
2211.802	3.723200
2213.852	3.695430
2215.901	3.645260
2217.956	3.707120
2220.006	3.698780
2222.055	3.666670
2224.105	3.750720
2226.155	3.705460
2228.204	3.738530
2230.254	3.621540
2232.304	3.643720
2234.358	3.836110
2236.408	3.755520
2238.458	3.676840
2240.507	3.684650
2242.557	3.769060
2244.607	3.735830
2246.656	3.726200
2248.706	3.678030
2250.756	3.898880
2252.810	3.805810
2254.860	3.740250
2256.910	3.693470
2258.959	3.773110
2261.009	3.765670
2263.059	3.647030
2265.108	3.597240
2267.163	3.697290
2269.213	3.831390
2271.262	3.722560
2273.327	3.699760
2275.361	3.638670
2277.411	3.668830
2279.461	3.776230
2281.516	3.811510
2283.565	3.736080
2285.615	3.635890
2287.664	3.628720
2289.714	3.688420
2291.764	3.705180
2293.813	3.766850
2295.863	3.714280
2297.913	3.590970
2299.967	3.754740
2302.017	3.743560
2304.067	3.778950
2306.116	3.785740
2308.166	3.650900
2310.216	3.640540
2312.265	3.703240
2314.315	3.712310
2316.370	3.692360
2318.419	3.768170
2320.469	3.641960
2322.519	3.607940
2324.568	3.684030
2326.618	3.649920
2328.667	3.733300
2330.722	3.744570
2332.772	3.529470
2334.822	3.652690
2336.912	3.728990
2338.962	3.704920
2341.012	3.724110
2343.066	3.576810
2345.116	3.616170
2347.166	3.627700
2349.215	3.630240
2351.265	3.753230
2353.315	3.747980
2355.364	3.586580
2357.414	3.640460
2359.469	3.726280
2361.518	3.746080
2363.568	3.708100
2365.618	3.731070
2367.667	3.643020
2369.717	3.576170
2371.767	3.582220
2373.821	3.652220
2375.871	3.667600
2377.921	3.681640
2379.970	3.799860
2382.020	3.694940
2384.069	3.614190
2386.119	3.740790
2388.169	3.683460
2390.224	3.797350
2392.273	3.684610
2394.323	3.710540
2396.372	3.679010
2398.422	3.757220
2400.472	3.651720
2402.521	3.619060
2404.571	3.788050
2406.621	3.669290
2408.675	3.734710
2410.725	3.665420
2412.775	3.636190
2414.824	3.578600
2416.874	3.533260
2418.924	3.681570
2420.973	3.748270
2423.028	3.866850
2425.078	3.671350
2427.127	3.784830
2429.177	3.638130
2431.227	3.490830
2433.276	3.656350
2435.326	3.733990
2437.375	3.538120
2439.430	3.685790
2441.480	3.615130
2443.530	3.709960
2445.579	3.519470
2447.629	3.690180
2449.678	3.600250
2451.728	3.638710
2453.778	3.661890
2455.843	3.746660
2457.882	3.712780
2459.932	3.700180
2461.981	3.542630
2464.031	3.549460
2466.081	3.591030
2468.130	3.722230
2470.180	3.586380
2472.235	3.613930
2474.284	3.686370
2476.334	3.698350
2478.384	3.736380
2480.433	3.645140
2482.483	3.564510
2484.533	3.725840
2486.587	3.754500
2488.637	3.759590
2490.687	3.673740
2492.736	3.622810
2494.786	3.557800
2496.836	3.728960
2498.885	3.764140
2500.935	3.811660
2502.984	3.630720
2505.039	3.674890
2507.166	3.637720
2509.139	3.640950
2511.188	3.660620
2513.238	3.543940
2515.287	3.656820
2517.337	3.876680
2519.387	3.657720
2521.441	3.762870
2523.491	3.720390
2525.541	3.645550
2527.590	3.636460
2529.640	3.609100
2531.690	3.572700
2533.739	3.758320
2535.789	3.705090
2537.844	3.574370
2539.893	3.628890
2541.943	3.679110
2543.993	3.600790
2546.042	3.637340
2548.092	3.698930
2550.142	3.564060
2552.196	3.701550
2554.246	3.652720
2556.296	3.652280
2558.345	3.788930
2560.395	3.611680
2562.445	3.691670
2564.494	3.613410
2566.544	3.691020
2568.593	3.588410
2570.648	3.578950
2572.698	3.712560
2574.747	3.708270
2576.797	3.647470
2578.847	3.611520
2580.896	3.626100
2582.946	3.700070
2584.996	3.687380
2587.050	3.619900
2589.100	3.649810
2591.150	3.604220
2593.199	3.597150
2595.249	3.674450
2597.299	3.672850
2599.348	3.665880
2601.403	3.670500
2603.458	3.620270
2605.502	3.621320
2607.552	3.711220
2609.602	3.693500
2611.651	3.640540
2613.701	3.687200
2615.751	3.820540
2617.805	3.645710
2619.855	3.752490
2621.905	3.632830
2623.954	3.537430
2626.004	3.656470
2628.054	3.568650
2630.103	3.677700
2632.153	3.581730
2634.208	3.677060
2636.257	3.621610
2638.307	3.661510
2640.356	3.755360
2642.406	3.685810
2644.456	3.617650
2646.505	3.603820
2648.555	3.612770
2650.610	3.638200
2652.659	3.627450
2654.709	3.689580
2656.764	3.612790
2658.808	3.717860
2660.858	3.710260
2662.908	3.675480
2664.962	3.702820
2667.012	3.687560
2669.062	3.652230
2671.111	3.593840
2673.161	3.690270
2675.211	3.628090
2677.260	3.643370
2679.310	3.660510
2681.360	3.578360
2683.414	3.746950
2685.464	3.547760
2687.514	3.599580
2689.563	3.641160
2691.613	3.555660
2693.662	3.631160
2695.712	3.620050
2697.767	3.611210
2699.817	3.742080
2701.866	3.646610
2703.916	3.659710
2705.996	3.691070
2708.015	3.706280
2710.065	3.754730
2712.114	3.670410
2714.164	3.729450
2716.219	3.658110
2718.268	3.726250
2720.318	3.566860
2722.368	3.552420
2724.417	3.673190
2726.467	3.552900
2728.517	3.587550
2730.571	3.695700
2732.621	3.675120
2734.671	3.699640
2736.720	3.650570
2738.770	3.788950
2740.820	3.764540
2742.869	3.559800
2744.919	3.637700
2746.968	3.569440
2749.023	3.715850
2751.073	3.764380
2753.123	3.586680
2755.172	3.590270
2757.263	3.598170
2759.318	3.569690
2761.367	3.659380
2763.417	3.594530
2765.467	3.714180
2767.516	3.659690
2769.566	3.754680
2771.616	3.685980
2773.670	3.654500
2775.720	3.642660
2777.770	3.659270
2779.824	3.676240
2781.869	3.659420
2783.919	3.654690
2785.968	3.723060
2788.018	3.654270
2790.073	3.734120
2792.122	3.696960
2794.172	3.702380
2796.222	3.645950
2798.271	3.599550
2800.321	3.659620
2802.370	3.641740
2804.420	3.553720
2806.475	3.673640
2808.525	3.557860
2810.574	3.701890
2812.624	3.745470
2814.673	3.638730
2816.733	3.692550
2818.783	3.727010
2820.833	3.704670
2822.882	3.752250
2824.932	3.614450
2826.982	3.710820
2829.036	3.650800
2831.086	3.629750
2833.136	3.564340
2835.185	3.662080
2837.235	3.723890
2839.285	3.690020
2841.334	3.667710
2843.389	3.611480
2845.433	3.658450
2847.488	3.525620
2849.538	3.655400
2851.588	3.734910
2853.637	3.635390
2855.702	3.646210
2857.736	3.695560
2859.791	3.674530
2861.841	3.778000
2863.890	3.617680
2865.940	3.673060
2867.990	3.591610
2870.039	3.673570
2872.089	3.696410
2874.139	3.629450
2876.193	3.609800
2878.243	3.638710
2880.288	3.620450
2882.342	3.590350
2884.392	3.582260
2886.442	3.677140
2888.491	3.632650
2890.541	3.611290
2892.591	3.670350
2894.645	3.698360
2896.695	3.712720
2898.745	3.605460
2900.794	3.535960
2902.844	3.619420
2904.894	3.591610
2906.943	3.681000
2908.998	3.657940
2911.048	3.740640
2913.097	3.753230
2915.147	3.686020
2917.196	3.735270
2919.246	3.628060
2921.296	3.605050
2923.351	3.641800
2925.400	3.688740
2927.450	3.609300
2929.499	3.644070
2931.549	3.660790
2933.599	3.693880
2935.648	3.758240
2937.708	3.668830
2939.748	3.770210
2941.802	3.723050
2943.852	3.634530
2945.902	3.678710
2947.951	3.720530
2950.001	3.658050
2952.051	3.687350
2954.105	3.698760
2956.150	3.755540
2958.200	3.781230
2960.254	3.676950
2962.304	3.574540
2964.354	3.603270
2966.403	3.535630
2968.453	3.694660
2970.513	3.624430
2972.552	3.654440
2974.607	3.627020
2976.657	3.672200
2978.706	3.648840
2980.756	3.508140
2982.805	3.618480
2984.855	3.593190
2986.905	3.564790
2988.960	3.708710
2991.009	3.700320
2993.059	3.659600
2995.108	3.587470
2997.158	3.756840
2999.208	3.684960
3001.257	3.744160
3003.307	3.688930
3005.357	3.578100
3007.411	3.668420
3009.461	3.606160
3011.511	3.683960
3013.560	3.721740
3015.610	3.744430
3017.660	3.827710
3019.709	3.736170
3021.759	3.726720
3023.814	3.652000
3025.863	3.742570
3027.913	3.655450
3029.963	3.616960
3032.012	3.650220
3034.062	3.728470
3036.111	3.654440
3038.166	3.679970
3040.216	3.735200
3042.266	3.736020
3044.315	3.723470
3046.365	3.730420
3048.414	3.718730
3050.464	3.800490
3052.514	3.637490
3054.569	3.825210
3056.618	3.831950
3058.668	3.843000
3060.717	3.706300
3062.767	3.800640
3064.817	3.805920
3066.866	3.748290
3068.916	3.741460
3070.966	3.687210
3073.020	3.719540
3075.070	3.582750
3077.120	3.692230
3079.169	3.540270
3081.234	3.802540
3083.269	3.743680
3085.318	3.863450
3087.373	3.871270
3089.423	3.791120
3091.472	3.778760
3093.527	3.686100
3095.572	3.657360
3097.626	3.720180
3099.671	3.723610
3101.720	3.696970
3103.775	3.711980
3105.825	3.669820
3107.875	3.702100
3109.924	3.657830
3111.974	3.715390
3114.023	3.731860
3116.073	3.842820
3118.123	3.811920
3120.177	3.760560
3122.227	3.759510
3124.277	3.733230
3126.326	3.705180
3128.376	3.692410
3130.426	3.578310
3132.475	3.705270
3134.525	3.766440
3136.575	3.804030
3138.629	3.780400
3140.679	3.676100
3142.729	3.749490
3144.778	3.696910
3146.828	3.784650
3148.888	3.686900
3150.927	3.796760
3152.982	3.592490
3155.032	3.750410
3157.081	3.623960
3159.131	3.810920
3161.181	3.825250
3163.230	3.748160
3165.280	3.660820
3167.329	3.727790
3169.384	3.818280
3171.434	3.847450
3173.483	3.640390
3175.533	3.758380
3177.614	3.698480
3179.668	3.671510
3181.718	3.743000
3183.768	3.657540
3185.817	3.696180
3187.867	3.712330
3189.922	3.727860
3191.971	3.712750
3194.021	3.842560
3196.071	3.714830
3198.120	3.733120
3200.170	3.704210
3202.220	3.801420
3204.269	3.839310
3206.324	3.695160
3208.374	3.654610
3210.423	3.729710
3212.473	3.760760
3214.523	3.912880
3216.572	3.583960
3218.622	3.588230
3220.671	3.627680
3222.726	3.584730
3224.776	3.648300
3226.826	3.691660
3228.875	3.574280
3230.925	3.633830
3232.974	3.631690
3235.024	3.744800
3237.074	3.741150
3239.129	3.726890
3241.178	3.835490
3243.228	3.794730
3245.277	3.760360
3247.327	3.730290
3249.377	3.739000
3251.426	3.710800
3253.476	3.704460
3255.531	3.749950
3257.580	3.679240
3259.630	3.659740
3261.680	3.740260
3263.729	3.713970
3265.779	3.685310
3267.829	3.703330
3269.883	3.747140
3271.933	3.728870
3273.983	3.749280
3276.032	3.755120
3278.082	3.738630
3280.132	3.769530
3282.181	3.591570
3284.231	3.636500
3286.280	3.745670
3288.335	3.743600
3290.385	3.664870
3292.435	3.797900
3294.484	3.722220
3296.534	3.666540
3298.583	3.679450
3300.633	3.605300
3302.683	3.845500
3304.738	3.656310
3306.787	3.716250
3308.837	3.676850
3310.886	3.831720
3312.936	3.786550
3314.986	3.732750
3317.035	3.635530
3319.085	3.578530
3321.140	3.655250
3323.189	3.759910
3325.239	3.712210
3327.289	3.685170
3329.338	3.826220
3331.388	3.809720
3333.438	3.660760
3335.492	3.632860
3337.542	3.767650
3339.592	3.752220
3341.641	3.733090
3343.691	3.753360
3345.741	3.836020
3347.790	3.647910
3349.840	3.685400
3351.889	3.781830
3353.944	3.735330
3355.994	3.687260
3358.044	3.680880
3360.093	3.737080
3362.143	3.822080
3364.192	3.860480
3366.242	3.776720
3368.292	3.653930
3370.346	3.652000
3372.396	3.730450
3374.446	3.706470
3376.495	3.686440
3378.545	3.648980
3380.595	3.770310
3382.644	3.640440
3384.699	3.737570
3386.749	3.639670
3388.798	3.642650
3390.848	3.699310
3392.898	3.658560
3394.947	3.802400
3396.997	3.694360
3399.047	3.737040
3401.101	3.800320
3403.151	3.720210
3405.201	3.705960
3407.250	3.793620
3409.300	3.706790
3411.350	3.647290
3413.399	3.788900
3415.449	3.737610
3417.498	3.793860
3419.553	3.741370
3421.603	3.663720
3423.652	3.632580
3425.702	3.640320
3427.752	3.694940
3429.801	3.637530
3431.856	3.694010
3433.906	3.851150
3435.971	3.673290
3438.005	3.665360
3440.055	3.752280
3442.104	3.691450
3444.154	3.723410
3446.204	3.774130
3448.258	3.646400
3450.308	3.712820
3452.358	3.750030
3454.407	3.769680
3456.457	3.802080
3458.507	3.774930
3460.556	3.827680
3462.606	3.685610
3464.656	3.701060
3466.715	3.727200
3468.760	3.798750
3470.810	3.774420
3472.859	3.777460
3474.909	3.827760
3476.958	3.875260
3479.008	3.749950
3481.058	3.680310
3483.113	3.671920
3485.162	3.701000
3487.212	3.682640
3489.261	3.688680
3491.311	3.642100
3493.361	3.709750
3495.410	3.702170
3497.460	3.743000
3499.515	3.867220
3501.564	3.814600
3503.614	3.782380
3505.664	3.687320
3507.713	3.602720
3509.763	3.758720
3511.813	3.719630
3513.867	3.679230
3515.917	3.754020
3517.967	3.791140
3520.016	3.771980
3522.066	3.739000
3524.116	3.641690
3526.165	3.720160
3528.215	3.701670
3530.265	3.789010
3532.319	3.607490
3534.369	3.653880
3536.419	3.605680
3538.468	3.754720
3540.518	3.705020
3542.567	3.910820
3544.617	3.840820
3546.682	3.704950
3548.722	3.750880
3550.771	3.541620
3552.821	3.609830
3554.870	3.687440
3556.920	3.858600
3558.970	3.829300
3561.019	3.774920
3563.074	3.829300
3565.124	3.727230
3567.173	3.583550
3569.233	3.725890
3571.273	3.571800
3573.322	3.620380
3575.372	3.750510
3577.432	3.780960
3579.471	3.760540
3581.526	3.721410
3583.576	3.777740
3585.625	3.735480
3587.675	3.866120
3589.725	3.783900
3591.774	3.790420
3593.824	3.805330
3595.873	3.757030
3597.969	3.703580
3600.019	3.773690
3602.069	3.807950
3604.124	3.832610
3606.173	3.876990
3608.223	3.813100
3610.272	3.823610
3612.322	3.677070
3614.372	3.717950
3616.421	3.715730
3618.471	3.884430
3620.521	3.817380
3622.575	3.773080
3624.625	3.697300
3626.675	3.808570
3628.724	3.804630
3630.774	3.698230
3632.824	3.761700
3634.873	3.781710
3636.923	3.864580
3638.973	3.787340
3641.027	3.784110
3643.077	3.629020
3645.127	3.760770
3647.176	3.762780
3649.252	3.730750
3651.275	3.637020
3653.325	3.774290
3655.380	3.705810
3657.430	3.701460
3659.479	3.829860
3661.529	3.711510
3663.578	3.724140
3665.628	3.712240
3667.678	3.612630
3669.733	3.656130
3671.782	3.751790
3673.837	3.781410
3675.887	3.747410
3677.931	3.722570
3679.981	3.853020
3682.030	3.755550
3684.080	3.768060
3686.130	3.810500
3688.184	3.691220
3690.234	3.752800
3692.284	3.765770
3694.333	3.664490
3696.383	3.599820
3698.433	3.693860
3700.482	3.714890
3702.532	3.710630
3704.587	3.687910
3706.636	3.717450
3708.686	3.748820
3710.736	3.848250
3712.785	3.749000
3714.845	3.812630
3716.884	3.644920
3718.939	3.795020
3720.989	3.734430
3723.039	3.625970
3725.088	3.666670
3727.138	3.803450
3729.187	3.693840
3731.237	3.710780
3733.287	3.692230
3735.341	3.664470
3737.391	3.819840
3739.441	3.708850
3741.490	3.703850
3743.540	3.611960
3745.590	3.711690
3747.639	3.676630
3749.689	3.815070
3751.739	3.911700
3753.793	3.710940
3755.843	3.819040
3757.893	3.823140
3759.942	3.806880
3761.992	3.724180
3764.042	3.694710
3766.091	3.679200
3768.141	3.946810
3770.196	3.753320
3772.245	3.714200
3774.295	3.757470
3776.345	3.713090
3778.394	3.695380
3780.444	3.717900
3782.493	3.735290
3784.548	3.703350
3786.598	3.711090
3788.647	3.784820
3790.697	3.866260
3792.747	3.899620
3794.796	3.694790
3796.846	3.701630
3798.896	3.715520
3800.950	3.612020
3803.000	3.834300
3805.050	3.727910
3807.099	3.760570
3809.149	3.875370
3811.199	3.730880
3813.253	3.639900
3815.298	3.759820
3817.348	3.763580
3819.402	3.692140
3821.452	3.779490
3823.502	3.827700
3825.551	3.774780
3827.601	3.705300
3829.651	3.764070
3831.700	3.743260
3833.755	3.691080
3835.805	3.659230
3837.854	3.803890
3839.904	3.800950
3841.954	3.705230
3844.003	3.786340
3846.053	3.759470
3848.108	3.768110
3850.157	3.694060
3852.207	3.689700
3854.256	3.800330
3856.306	3.786680
3858.356	3.625260
3860.405	3.766230
3862.455	3.853480
3864.505	3.756100
3866.559	3.709580
3870.659	3.727610
3872.714	3.853350
3874.763	3.863910
3876.808	3.715610
3878.857	3.775060
3880.907	3.703900
3882.962	3.796810
3885.011	3.782590
3887.061	3.663020
3889.111	3.681670
3891.160	3.762260
3893.210	3.777250
3895.260	3.845040
3897.314	3.782120
3899.364	3.676550
3901.414	3.729860
3903.463	3.780180
3905.513	3.732360
3907.562	3.817140
3909.612	3.625110
3911.662	3.785230
3913.717	3.774020
3915.766	3.752730
3917.816	3.698920
3919.865	3.690300
3921.915	3.753300
3923.965	3.807510
3926.014	3.843980
3928.064	3.848350
3930.114	3.821360
3932.168	3.748710
3934.218	3.774240
3936.268	3.770380
3938.317	3.779920
3940.367	3.707220
3942.417	3.791750
3944.466	3.777880
3946.516	3.732200
3948.571	3.751170
3950.620	3.737400
3952.670	3.694340
3954.720	3.750880
3956.769	3.807760
3958.819	3.604030
3960.868	3.685320
3962.923	3.798820
3964.973	3.821960
3967.023	3.720600
3969.072	3.756230
3971.122	3.782880
3973.171	3.880990
3975.221	3.682660
3977.271	3.823180
3979.326	3.702360
3981.375	3.795830
3983.425	3.746440
3985.474	3.725400
3987.524	3.757390
3989.574	3.644400
3991.623	3.675480
3993.673	3.636700
3995.723	3.684010
3997.777	3.720180
3999.827	3.704450
4001.877	3.741810
4003.926	3.788870
4005.976	3.854980
4008.026	3.605130
4010.075	3.558330
4012.130	3.850120
4014.180	3.718750
4016.229	3.828120
4018.320	3.801850
4020.375	3.775330
4022.425	3.648500
4024.474	3.771160
4026.524	3.761460
4028.573	3.657540
4030.623	3.704080
4032.673	3.744050
4034.722	3.904370
4036.772	3.848410
4038.827	3.897870
4040.876	3.855380
4042.926	3.728130
4044.976	3.812280
4047.025	3.723480
4049.075	3.769140
4051.125	3.787200
4053.179	3.827450
4055.229	3.829530
4057.279	3.729090
4059.328	3.645220
4061.378	3.686390
4063.428	3.770050
4065.477	3.647930
4067.527	3.746330
4069.576	3.764290
4071.631	3.728900
4073.681	3.816140
4075.731	3.821860
4077.780	3.713180
4079.830	3.814560
4081.879	3.654670
4083.929	3.719400
4085.984	3.653220
4088.034	3.732370
4090.083	3.839290
4092.133	3.885710
4094.182	3.695950
4096.232	3.748350
4098.282	3.783480
4100.331	3.743750
4102.381	3.771490
4104.436	3.808540
4106.485	3.729450
4108.535	3.718670
4110.585	3.638940
4112.634	3.674790
4114.689	3.788350
4116.734	3.748760
4118.788	3.749860
4120.838	3.622310
4122.888	3.698400
4124.937	3.768360
4126.987	3.826190
4129.037	3.787710
4131.091	3.794810
4133.141	3.712460
4135.191	3.729920
4137.240	3.690270
4139.290	3.570570
4141.340	3.828160
4143.389	3.793430
4145.439	3.808630
4147.488	3.794160
4149.543	3.773720
4151.593	3.789160
4153.642	3.744110
4155.692	3.732220
4157.742	3.777590
4159.791	3.706150
4161.841	3.707760
4163.891	3.803660
4165.945	3.691760
4167.995	3.679220
4170.045	3.812890
4172.094	3.815680
4174.144	3.692750
4176.194	3.743770
4178.248	3.726720
4180.298	3.739890
4182.348	3.726930
4184.397	3.618220
4186.447	3.670120
4188.497	3.848150
4190.546	3.646490
4192.596	3.747310
4194.646	3.728790
4196.700	3.741760
4198.750	3.709350
4200.800	3.733120
4202.849	3.804370
4204.899	3.895210
4206.949	3.737300
4208.998	3.777110
4211.048	3.662800
4213.103	3.775060
4215.152	3.803030
4217.202	3.850310
4219.251	3.895660
4221.301	3.806520
4223.351	3.774830
4225.400	3.723100
4227.450	3.782990
4229.505	3.844960
4231.554	3.750430
4233.604	3.624500
4235.654	3.779220
4237.709	3.751960
4239.758	3.790610
4241.808	3.735000
4243.857	3.776940
4245.907	3.737900
4247.957	3.729660
4250.006	3.680560
4252.056	3.679830
4254.106	3.798430
4256.160	3.796430
4258.210	3.726770
4260.260	3.636360
4262.309	3.815790
4264.359	3.802200
4266.409	3.700570
4268.458	3.724310
4270.508	3.833730
4272.557	3.734140
4274.612	3.639900
4276.662	3.668760
4278.712	3.551120
4280.761	3.710240
4282.811	3.808230
4284.860	3.691610
4286.910	3.683300
4288.960	3.810720
4291.015	3.740370
4293.064	3.784590
4295.114	3.853630
4297.163	3.763550
4299.213	3.787240
4301.263	3.765230
4303.312	3.822810
4305.367	3.822060
4307.417	3.904830
4309.466	3.860120
4311.516	3.804230
4313.566	3.892210
4315.615	3.808650
4317.665	3.644320
4319.715	3.788830
4321.769	3.830680
4323.819	3.665680
4325.869	3.820580
4327.918	3.748580
4329.968	3.788100
4332.018	3.783570
4334.067	3.656830
4336.117	3.657900
4338.166	3.781160
4340.221	3.761310
4342.271	3.893890
4344.321	3.849980
4346.370	3.847020
4348.420	3.827020
4350.469	3.821330
4354.574	3.800120
4356.623	3.793330
4358.673	3.825110
4360.723	3.782680
4362.772	3.831570
4364.822	3.683970
4366.872	3.711270
4368.926	3.736190
4370.976	3.841460
4373.026	3.855130
4375.075	3.822410
4377.125	3.725280
4379.175	3.741470
4381.224	3.823380
4383.274	3.758040
4385.324	3.737490
4387.378	3.666090
4389.428	3.784160
4391.478	3.759930
4393.527	3.725300
4395.577	3.836510
4397.627	3.671830
4399.676	3.799230
4401.726	3.667710
4403.781	3.785430
4405.830	3.661330
4407.880	3.687280
4409.929	3.713100
4411.979	3.839610
4414.029	3.835210
4416.078	3.785290
4418.133	3.855540
4420.183	3.797410
4422.232	3.776950
4424.282	3.761250
4426.332	3.797840
4428.381	3.797300
4430.431	3.649990
4432.481	3.710800
4434.535	3.696960
4436.585	3.681840
4438.671	3.653650
4440.726	3.818760
4442.775	3.717410
4444.825	3.764370
4446.874	3.703430
4448.924	3.766800
4450.974	3.779750
4453.029	3.800460
4455.078	3.807890
4457.128	3.779160
4459.177	3.813410
4461.227	3.823230
4463.277	3.683590
4465.326	3.685500
4467.376	3.710450
4469.426	3.816530
4471.480	3.735640
4473.530	3.614960
4475.580	3.756720
4477.629	3.765430
4479.679	3.666000
4481.729	3.762200
4483.778	3.721180
4485.828	3.799650
4487.883	3.626590
4489.932	3.828120
4491.982	3.735720
4494.032	3.805500
4496.081	3.744350
4498.131	3.833150
4500.180	3.799010
4502.235	3.834830
4504.285	3.769470
4506.335	3.802040
4508.384	3.754650
4510.434	3.653260
4512.483	3.629300
4514.533	3.640930
4516.583	3.735680
4518.637	3.690530
4520.687	3.848900
4522.737	3.756830
4524.786	3.798460
4526.836	3.676180
4528.886	3.712410
4530.935	3.827620
4532.985	3.811480
4535.035	3.843370
4537.089	3.700680
4539.139	3.650160
4541.189	3.760070
4543.238	3.831860
4545.288	3.791370
4547.353	3.792630
4549.387	3.758100
4551.437	3.652360
4553.492	3.795690
4555.541	3.844900
4557.591	3.716420
4559.641	3.557060
4561.690	3.753780
4563.740	3.750970
4565.789	3.654900
4567.844	3.836220
4569.894	3.737860
4571.944	3.714460
4573.993	3.825590
4576.043	3.729040
4578.092	3.701320
4580.142	3.781860
4582.192	3.724890
4584.246	3.745280
4586.296	3.764280
4588.346	3.811570
4590.395	3.655810
4592.445	3.852740
4594.495	3.779280
4596.544	3.718710
4598.594	3.811360
4600.644	3.719650
4602.698	3.597920
4604.748	3.601940
4606.798	3.644270
4608.847	3.786760
4610.979	3.764990
4612.947	3.713160
4614.996	3.842430
4617.051	3.838910
4619.101	3.767380
4621.150	3.719970
4623.200	3.786830
4625.250	3.756280
4627.299	3.892580
4629.349	3.798970
4631.404	3.718980
4633.453	4.005590
4635.503	3.826030
4637.552	3.681600
4639.602	3.779370
4641.652	3.797710
4643.701	3.805050
4645.751	3.637620
4647.801	3.772040
4649.855	3.735930
4651.905	3.750320
4653.955	3.702430
4656.004	3.764050
4658.054	3.711850
4660.104	3.738960
4662.153	3.704790
4664.203	3.691150
4666.258	3.848620
4668.307	3.667710
4670.357	3.706730
4672.407	3.781380
4674.456	3.728880
4676.506	3.726910
4678.556	3.835600
4680.610	3.735310
4682.660	3.873230
4684.710	3.853170
4686.759	3.851200
4688.809	3.759580
4690.858	3.852390
4692.908	3.807200
4694.958	3.652000
4697.013	3.823230
4699.062	3.669610
4701.112	3.790010
4703.161	3.727990
4705.211	3.834290
4707.261	3.876390
4709.310	3.772070
4711.360	3.756700
4713.410	3.889400
4715.464	3.762570
4717.514	3.681960
4719.564	3.810170
4721.613	3.795640
4723.663	3.762880
4725.713	3.703710
4727.762	3.813500
4729.812	3.734070
4731.867	3.722340
4733.916	3.701840
4735.966	3.703050
4738.026	3.770750
4740.065	3.870800
4742.115	3.741960
4744.170	3.784520
4746.219	3.944750
4748.269	3.786730
4750.319	3.784160
4752.368	3.869720
4754.418	3.697610
4756.473	3.714830
4758.522	3.830270
4760.572	3.800520
4762.622	3.733820
4764.671	3.752820
4766.721	3.822950
4768.770	3.770030
4770.820	3.853290
4772.870	3.818810
4774.925	3.823060
4776.974	3.727460
4779.024	3.739940
4781.073	3.750010
4783.123	3.726900
4785.173	3.959100
4787.227	3.768060
4789.277	3.696490
4791.327	3.783230
4793.382	3.900240
4795.431	3.717030
4797.481	3.675830
4799.530	3.802760
4801.580	3.815500
4803.630	3.800720
4805.679	3.765720
4807.729	3.682680
4809.779	3.806040
4811.833	3.715830
4813.883	3.888050
4815.933	3.818720
4817.982	3.777210
4820.032	3.746300
4822.082	3.740840
4824.131	3.766530
4826.186	3.778170
4828.236	3.882580
4830.285	3.768600
4832.335	3.637630
4834.385	3.704750
4836.434	3.710060
4838.484	3.722170
4840.533	3.765310
