Elapsed time [s]	Value [0,100]
0.000	25.02600
1.323	25.16360
3.365	25.03970
5.445	25.05180
7.467	25.06020
9.545	25.10210
11.605	25.04040
13.644	25.21830
15.665	25.09130
17.707	25.07880
19.767	25.16710
21.806	25.04400
23.928	25.14540
25.967	25.12490
28.033	24.91010
30.108	25.18750
32.152	25.12990
34.207	25.00540
36.252	25.17380
38.288	24.94240
40.310	25.22030
42.349	24.98050
44.419	24.92560
46.451	25.11980
48.470	25.01510
50.550	25.03090
52.649	25.13880
54.711	25.10510
56.771	25.09780
58.813	25.24720
60.891	24.88350
62.933	25.03540
64.972	25.15110
67.014	25.08220
69.033	25.14040
71.072	25.17710
73.114	25.06890
75.179	24.98110
77.260	25.19900
79.335	24.94700
81.357	25.10310
83.437	25.00990
85.541	25.06880
87.606	25.16160
89.681	25.08430
91.821	24.99680
93.904	25.08430
95.962	25.14560
98.021	25.15810
100.063	24.97560
102.121	25.03150
104.163	25.14470
106.264	25.02760
108.324	25.04450
110.404	25.03790
112.444	25.11460
116.587	25.06340
118.711	25.08490
120.748	25.20530
122.828	25.04440
126.909	25.25540
128.967	24.91640
131.009	25.11160
133.089	25.05410
135.198	25.02850
137.261	25.22270
139.341	25.04330
141.401	25.05380
143.440	25.17610
145.482	25.06090
147.540	25.01590
149.623	25.17160
151.706	24.98400
153.784	25.09430
155.846	25.13940
157.886	24.94020
159.907	25.14800
161.988	25.11790
164.068	25.05820
166.128	25.11300
170.248	25.07440
172.331	24.88830
174.391	25.21620
176.430	24.98860
178.472	25.13570
180.512	25.01290
182.551	25.14930
184.631	25.01930
186.653	25.23780
188.723	24.95110
190.762	25.00990
192.825	25.04520
194.885	25.06780
196.965	25.20350
199.025	25.08620
201.085	25.02380
203.127	25.17450
205.184	25.07040
207.247	24.94090
209.307	25.05110
211.387	25.09870
215.448	25.09530
217.529	25.20970
219.571	25.11390
221.628	24.98780
223.688	25.17510
225.750	24.96950
227.790	25.19640
229.860	25.27300
231.943	24.91750
234.003	25.09960
236.042	25.08260
238.123	24.98580
240.162	25.21960
242.204	25.00630
244.323	25.09380
246.368	25.23850
248.484	24.91480
250.503	25.26040
252.545	24.98350
254.605	25.07610
256.706	25.14180
258.787	25.10920
260.932	25.06610
265.028	25.01960
267.129	25.15790
269.192	25.18370
271.211	24.93750
273.273	25.16660
275.338	25.04010
277.419	25.15880
279.461	24.97370
281.541	25.21180
283.619	24.88620
285.720	25.22560
287.762	24.94010
289.802	25.08030
291.841	25.09570
293.883	25.08220
295.943	25.11320
298.023	24.95510
300.042	25.17640
302.123	25.02920
304.185	25.12050
306.224	25.17050
308.264	25.05840
310.303	25.13740
312.366	25.07380
314.405	25.06980
316.444	25.00970
318.486	25.12060
320.580	24.98290
322.601	25.02490
324.661	25.19390
326.741	25.04090
328.822	25.02740
330.861	25.10470
332.903	25.03440
335.020	25.01440
337.100	25.02680
339.181	25.20050
341.225	25.01170
343.311	25.06940
345.260	25.17770
347.302	25.03860
349.341	25.00970
351.401	25.29420
353.443	25.05000
355.462	24.94880
357.525	25.07440
359.584	25.00200
361.639	25.17020
363.722	25.07800
365.803	25.13680
367.863	25.15420
369.941	25.10410
372.003	25.02450
374.063	25.12040
376.082	25.09390
378.142	25.00960
380.222	25.11090
382.285	25.05900
384.327	25.15930
386.446	24.91380
388.467	25.16570
390.527	24.98890
392.567	25.07890
394.678	25.07430
396.717	25.01870
398.757	25.17980
400.819	24.99200
402.882	25.13550
404.962	24.95030
407.022	25.14020
409.082	25.06850
411.142	25.09950
413.181	25.11370
415.221	25.24070
417.322	24.98500
419.364	25.20840
421.424	25.20220
423.445	24.94660
425.484	25.08120
427.544	25.05840
429.625	25.06630
431.726	25.10310
433.791	25.08340
435.869	25.02460
437.926	24.94690
440.025	25.05160
442.067	25.10150
444.127	25.13880
446.148	25.07460
448.187	25.03640
450.273	25.22200
452.354	24.99970
454.388	25.12270
456.448	25.08080
458.490	25.01250
460.550	25.05920
462.610	25.07200
464.690	25.06180
466.753	25.19320
468.792	25.00410
470.834	25.20170
472.873	25.06160
474.895	24.97660
476.934	25.02440
478.994	25.03070
481.056	25.18840
483.096	25.17480
485.135	25.05270
487.218	24.95980
489.257	25.04110
491.317	25.07320
493.377	24.88070
495.419	25.15890
497.459	25.11800
499.498	25.02220
501.548	25.00570
503.623	25.22230
505.783	24.94530
507.864	25.12730
509.906	25.05960
511.984	25.15960
514.085	25.19650
516.165	25.07170
518.228	25.12980
520.267	25.19480
522.348	24.97600
524.408	25.09210
526.488	25.16000
528.510	24.92550
530.590	25.16310
532.611	24.94120
534.651	25.13810
536.713	25.05980
538.753	25.02340
540.792	25.14790
542.834	25.13360
544.901	25.16170
546.982	25.06130
549.024	25.02520
551.104	24.90290
553.164	25.19550
555.186	25.04460
557.284	25.18930
559.326	25.11330
561.425	24.96940
563.467	25.03070
565.568	25.07020
567.648	25.10260
569.688	24.95020
571.727	25.03580
573.790	24.98590
575.880	25.15750
577.902	25.13090
579.982	25.02140
582.042	25.11450
584.084	25.18650
586.185	25.13700
588.225	25.03540
590.284	25.18340
592.324	24.99060
594.399	24.92150
596.480	25.16020
598.560	25.04100
600.602	25.19590
602.665	25.02600
604.725	25.12160
606.764	25.03530
608.803	25.02000
610.884	25.13460
612.944	24.95490
615.004	25.10520
617.066	25.05960
619.126	25.15220
621.240	25.08540
623.321	25.03190
625.427	25.11390
627.466	25.00920
629.488	25.11300
631.568	25.02800
633.718	25.13420
635.817	25.15570
637.859	25.02730
639.898	25.05370
641.940	25.20540
644.000	24.95740
646.080	25.17670
648.197	25.09190
650.242	25.14640
652.340	25.19990
654.382	25.29610
656.421	25.22390
658.502	25.46030
660.562	25.43670
662.583	25.47930
664.664	25.42080
666.703	25.55840
668.724	25.31690
670.823	25.51890
672.883	25.42290
675.005	25.58950
677.064	25.41690
679.104	25.67460
681.189	25.48460
683.226	25.59060
685.268	25.33990
687.326	25.52490
689.365	25.55880
691.443	25.39540
693.536	25.49190
695.578	25.45450
697.643	25.53670
699.703	25.50260
701.784	25.43400
703.844	25.41370
705.886	25.51440
707.984	25.41250
710.047	25.37260
712.107	25.58150
714.148	25.47830
716.229	25.54490
718.268	25.37110
720.331	25.60350
722.370	25.45340
724.412	25.45860
726.451	25.55870
728.527	25.55160
730.607	25.52890
732.688	25.45570
734.830	25.47800
736.870	25.49370
738.888	25.40310
740.930	25.41130
742.970	25.67740
745.089	25.51530
747.187	25.49870
749.268	25.53260
751.361	25.44150
753.421	25.51150
755.484	25.44990
757.523	25.54060
759.604	25.45740
761.684	25.49160
763.723	25.50460
765.763	25.49420
767.843	25.35350
769.888	25.65860
771.925	25.49490
773.984	25.47960
778.086	25.35110
780.162	25.66170
782.209	25.48910
784.227	25.43500
786.318	25.53400
788.389	25.44640
790.449	25.53670
792.547	25.61810
794.610	25.43660
796.649	25.46100
798.673	25.53810
800.715	25.38580
802.772	25.60150
804.832	25.45890
806.918	25.41370
809.019	25.55940
811.079	25.45980
813.195	25.44150
815.240	25.54940
817.313	25.41990
819.393	25.50170
821.417	25.43860
823.495	25.57390
825.573	25.36460
827.659	25.44410
829.719	25.65420
831.761	25.49710
833.836	25.60670
835.919	25.53850
838.018	25.43730
840.078	25.52860
842.137	25.54060
844.177	25.42710
846.219	25.45500
848.279	25.67560
850.318	25.44490
852.339	25.49040
854.410	25.56760
856.490	25.47640
858.573	25.54880
860.610	25.54320
862.675	25.39820
864.732	25.56380
866.754	25.55180
868.814	25.52220
870.894	25.55920
872.936	25.57530
875.006	25.46650
879.080	25.62300
881.122	25.45950
883.156	25.54490
885.221	25.40800
887.281	25.62200
889.377	25.47070
891.463	25.58420
893.502	25.62010
895.598	25.27780
897.666	25.63990
899.741	25.48040
901.801	25.59930
903.840	25.38350
905.882	25.55230
907.942	25.43340
909.961	25.61580
912.005	25.52240
914.022	25.58240
916.133	25.50000
918.193	25.67260
920.253	25.40980
922.274	25.54830
924.316	25.53650
926.355	25.38060
928.397	25.44640
930.419	25.51420
932.479	25.44730
934.580	25.58700
936.642	25.65060
938.661	25.38020
940.721	25.66020
942.781	25.52730
944.823	25.39740
946.903	25.56810
948.943	25.44920
950.982	25.52570
953.024	25.66440
955.063	25.45150
957.123	25.55590
959.204	25.43270
961.243	25.51060
963.324	25.57650
965.386	25.39530
967.464	25.53750
969.547	25.59030
971.646	25.44380
973.688	25.52410
975.727	25.53650
977.807	25.60170
979.847	25.37650
981.907	25.61970
983.949	25.55080
985.967	25.40070
988.007	25.70990
990.064	25.40830
992.103	25.52990
994.166	25.38840
996.308	25.48230
998.389	25.50730
1000.428	25.51140
1002.467	25.56990
1004.548	25.45970
1006.629	25.45180
1008.668	25.46940
1010.715	25.54560
1012.749	25.43740
1014.770	25.66490
1016.810	25.34090
1018.849	25.58360
1020.935	25.49780
1022.974	25.62310
1025.016	25.60760
1027.094	25.44460
1029.157	25.47330
1031.196	25.49940
1033.256	25.50670
1035.300	25.44740
1037.337	25.48260
1039.379	25.50620
1041.400	25.52580
1043.481	25.54710
1045.541	25.53350
1049.663	25.69220
1051.793	25.51810
1053.814	25.55370
1055.933	25.42750
1058.014	25.62620
1060.112	25.37150
1062.193	25.54100
1064.273	25.65200
1066.354	25.42740
1068.398	25.68090
1070.435	25.53290
1072.516	25.49110
1074.617	25.45430
1076.656	25.63050
1078.716	25.37710
1080.776	25.62630
1082.836	25.42820
1084.860	25.50140
1086.938	25.47860
1088.977	25.57950
1091.040	25.59640
1093.061	25.43580
1095.139	25.61300
1097.181	25.30350
1099.261	25.67210
1101.303	25.47550
1103.343	25.50380
1105.423	25.55830
1107.465	25.45260
1109.525	25.54250
1111.693	25.51950
1113.753	25.45710
1115.813	25.62880
1117.873	25.44350
1119.933	25.57940
1121.975	25.56840
1124.014	25.38170
1126.053	25.63640
1128.126	25.43300
1130.176	25.47030
1132.215	25.65600
1134.236	25.45310
1136.312	25.59270
1138.336	25.57010
1140.437	25.59950
1142.458	25.44430
1144.549	25.75860
1146.650	25.40620
1148.689	25.53480
1150.770	25.59010
1152.809	25.34110
1154.929	25.48630
1157.009	25.62680
1159.051	25.43170
1161.111	25.60090
1163.212	25.49750
1165.272	25.41170
1167.350	25.65410
1169.412	25.42460
1171.493	25.51560
1175.654	25.52430
1177.693	25.57150
1179.753	25.56810
1181.813	25.66890
1183.855	25.59600
1185.915	25.55860
1187.954	25.43260
1189.996	25.57530
1192.056	25.34210
1194.116	25.56040
1196.156	25.62580
1198.218	25.49130
1200.257	25.49880
1202.297	25.60610
1204.339	25.46510
1206.399	25.55440
1208.441	25.58700
1210.480	25.42730
1212.558	25.52970
1214.638	25.46900
1216.729	25.63400
1218.789	25.48270
1220.849	25.56490
1222.888	25.53010
1224.928	25.49790
1226.988	25.56150
1229.048	25.50180
1231.128	25.46620
1233.209	25.63040
1235.227	25.58670
1237.290	25.43480
1239.329	25.73040
1241.389	25.49880
1243.429	25.51300
1245.470	25.46520
1247.510	25.65000
1249.590	25.63960
1251.650	25.45370
1253.674	25.54060
1255.711	25.49230
1257.750	25.63930
1259.792	25.47200
1261.834	25.44190
1263.894	25.66730
1265.987	25.41880
1268.068	25.61280
1270.149	25.48240
1272.188	25.55370
1274.268	25.41250
1276.367	25.65300
1278.406	25.44560
1280.448	25.73590
1282.570	25.47300
1284.591	25.56800
1286.672	25.46330
1288.742	25.51500
1290.781	25.51760
1292.852	25.59800
1294.891	25.69450
1296.933	25.45030
1298.972	25.37990
1301.032	25.80550
1303.113	25.34260
1305.155	25.75980
1307.235	25.47220
1309.295	25.44360
1311.334	25.55070
1313.394	25.51450
1317.476	25.60780
1319.535	25.60190
1321.557	25.53460
1323.617	25.56020
1325.677	25.61480
1327.716	25.42390
1329.776	25.62040
1331.797	25.58440
1333.857	25.39600
1335.943	25.51380
1337.964	25.64300
1340.004	25.39340
1342.084	25.59770
1344.147	25.67060
1346.284	25.29990
1348.354	25.59270
1350.414	25.55250
1352.484	25.59420
1354.575	25.33660
1356.656	25.68650
1358.736	25.47650
1360.817	25.62630
1362.879	25.38170
1364.898	25.63790
1366.981	25.59740
1369.020	25.42600
1371.080	25.58940
1373.161	25.40070
1375.203	25.52630
1377.224	25.42840
1379.323	25.65920
1381.403	25.48560
1383.466	25.42790
1385.505	25.72890
1387.547	25.45450
1389.607	25.55280
1391.626	25.58910
1393.724	25.52030
1395.784	25.48680
1397.867	25.43600
1399.888	25.46800
1402.046	25.63090
1404.106	25.63550
1406.146	25.51260
1408.262	25.47930
1410.304	25.50350
1412.364	25.64270
1414.488	25.47610
1416.528	25.50700
1418.588	25.57460
1420.629	25.67490
1422.669	25.57130
1424.749	25.45870
1426.812	25.45480
1428.851	25.55810
1430.929	25.52010
1432.971	25.65210
1435.031	25.53680
1437.091	25.64160
1439.112	25.44070
1443.255	25.49300
1445.295	25.64200
1447.334	25.42500
1449.394	25.66120
1451.474	25.48610
1453.534	25.49810
1455.615	25.51690
1457.716	25.62290
1459.758	25.44490
1461.836	25.50320
1463.896	25.46340
1465.976	25.65860
1468.036	25.51970
1470.076	25.57300
1472.172	25.49280
1474.309	25.52750
1476.348	25.42560
1478.387	25.57930
1480.427	25.50420
1482.466	25.57720
1484.567	25.55550
1486.607	25.50890
1488.728	25.56080
1490.788	25.64630
1492.833	25.52890
1494.913	25.56920
1496.973	25.55210
1499.007	25.55870
1501.052	25.39180
1503.132	25.52680
1505.172	25.67340
1507.237	25.35100
1509.317	25.60650
1511.398	25.50660
1513.437	25.55440
1515.554	25.53560
1517.598	25.59220
1519.674	25.35680
1521.775	25.64640
1523.835	25.49510
1525.879	25.41690
1527.924	25.69980
1529.963	25.53930
1532.085	25.50640
1534.165	25.51110
1536.267	25.58080
1538.306	25.50950
1540.325	25.52240
1542.405	25.63410
1544.444	25.42500
1546.489	25.59640
1548.590	25.49900
1550.629	25.51160
1552.689	25.61340
1554.749	25.55720
1556.809	25.61870
1558.828	25.35490
1560.970	25.62840
1562.989	25.46520
1565.034	25.52200
1567.073	25.50410
1569.169	25.59980
1571.234	25.51320
1575.395	25.38270
1577.414	25.67590
1579.494	25.52780
1581.534	25.39070
1583.578	25.64260
1585.638	25.38830
1587.719	25.59130
1589.737	25.54600
1591.818	25.44640
1593.857	25.62160
1595.907	25.56440
1597.946	25.59740
1599.970	25.44850
1602.030	25.62650
1604.111	25.58170
1608.230	25.59100
1610.290	25.48880
1612.392	25.51010
1614.410	25.48640
1616.450	25.48240
1618.551	25.57110
1620.590	25.36160
1622.650	25.61030
1624.694	25.40210
1626.790	25.50020
1628.871	25.62100
1630.952	25.58520
1633.032	25.48660
1635.077	25.52380
1637.116	25.51980
1639.135	25.66430
1641.215	25.31130
1643.296	25.58750
1645.397	25.52190
1647.457	25.68580
1649.496	25.47470
1651.561	25.53740
1653.631	25.61640
1655.666	25.53220
1657.690	25.54750
1661.789	25.49800
1663.849	25.64810
1665.888	25.47430
1667.948	25.55840
1670.023	25.50510
1672.150	25.55780
1674.190	25.67540
1676.229	25.34390
1678.273	25.53320
1680.292	25.66170
1682.414	25.50820
1684.453	25.42460
1686.534	25.61210
1688.614	25.49950
1690.695	25.43400
1692.755	25.65170
1694.794	25.55520
1696.875	25.44080
1698.935	25.68190
1701.015	25.51870
1703.157	25.46200
1705.197	25.64360
1707.236	25.42660
1709.301	25.71990
1711.341	25.52120
1713.421	25.58190
1715.466	25.45510
1717.505	25.50760
1719.565	25.60540
1721.584	25.50770
1723.685	25.60070
1725.770	25.51590
1727.846	25.52370
1729.890	25.56720
1731.966	25.59230
1734.046	25.47540
1736.111	25.47180
1738.192	25.49570
1740.272	25.55790
1742.312	25.39020
1744.392	25.62090
1746.473	25.65320
1748.533	25.42850
1750.593	25.50920
1752.632	25.62240
1754.692	25.51930
1756.752	25.56860
1758.796	25.64080
1760.836	25.39850
1762.896	25.56900
1764.956	25.39360
1767.015	25.53840
1769.075	25.62000
1771.135	25.56430
1773.236	25.52860
1775.286	25.60820
1777.346	25.37860
1779.385	25.59230
1781.425	25.67440
1783.485	25.65710
1785.565	25.58590
1787.589	25.56240
1789.628	25.51970
1791.688	25.63670
1793.769	25.60560
1795.808	25.34600
1797.848	25.56490
1799.913	25.49340
1801.952	25.56920
1803.991	25.54550
1806.031	25.48640
1808.070	25.54300
1810.151	25.62240
1812.190	25.50150
1814.234	25.58090
1816.284	25.64690
1818.344	25.61220
1820.404	25.46670
1822.464	25.53240
1824.529	25.45650
1826.543	25.56550
1828.587	25.50680
1830.637	25.48990
1832.707	25.48540
1834.746	25.67260
1836.858	25.52330
1838.902	25.50690
1840.941	25.65870
1843.022	25.46990
1845.041	25.37360
1847.085	25.75570
1849.125	25.41550
1851.164	25.55340
1853.203	25.60900
1855.284	25.52450
1857.323	25.59690
1859.404	25.52400
1861.428	25.60080
1863.487	25.61950
1865.547	25.53120
1867.587	25.62040
1869.626	25.57190
1871.671	25.41750
1873.731	25.44830
1875.790	25.62250
1877.871	25.52380
1879.993	25.60550
1882.011	25.49230
1884.071	25.67080
1886.152	25.45700
1888.212	25.66230
1890.251	25.48250
1892.337	25.58400
1894.381	25.56050
1896.472	25.59240
1898.512	25.60440
1900.582	25.49580
1902.611	25.49900
1904.655	25.58740
1906.736	25.51180
1908.811	25.47620
1910.835	25.53460
1912.895	25.64270
1914.976	25.36900
1917.056	25.62350
1919.095	25.50580
1921.161	25.60720
1923.257	25.57810
1925.337	25.50680
1927.459	25.52210
1929.498	25.51550
1931.579	25.48400
1933.659	25.41760
1935.699	25.71490
1937.779	25.59330
1939.844	25.69870
1941.904	25.59960
1943.923	25.41200
1945.983	25.44370
1948.022	25.65580
1950.072	25.39300
1952.152	25.51470
1954.192	25.54060
1956.252	25.49770
1958.332	25.45620
1960.371	25.68190
1962.437	25.41880
1964.476	25.70630
1966.515	25.47640
1968.616	25.58450
1970.635	25.47440
1972.680	25.52410
1974.719	25.61360
1976.779	25.48000
1978.818	25.63700
1980.858	25.65350
1982.897	25.44770
1984.957	25.59990
1987.001	25.57880
1989.061	25.61570
1991.101	25.52460
1993.160	25.51560
1995.200	25.36670
1997.265	25.62310
1999.325	25.50030
2001.426	25.58650
2003.486	25.60950
2005.546	25.57450
2007.668	25.65070
2009.707	25.51150
2011.767	25.51920
2013.889	25.52880
2015.969	25.47320
2018.029	25.67210
2020.048	25.62720
2022.149	25.42140
2024.188	25.69990
2026.305	25.49400
2028.272	25.36060
2030.373	25.71970
2032.433	25.56070
2034.472	25.53150
2036.491	25.52800
2038.531	25.57040
2040.611	25.54170
2042.692	25.45020
2044.772	25.72330
2046.853	25.42860
2048.933	25.50280
2050.973	25.56680
2053.033	25.57170
2055.092	25.60450
2057.194	25.55470
2059.233	25.49940
2061.272	25.53760
2063.317	25.46260
2065.382	25.58910
2067.462	25.60610
2069.522	25.47550
2071.582	25.54690
2073.714	25.44230
2075.815	25.60160
2077.896	25.54070
2079.935	25.39230
2081.995	25.70580
2084.035	25.46110
2086.115	25.58680
2088.154	25.50950
2090.214	25.55100
2092.295	25.60970
2094.339	25.54910
2096.399	25.44210
2098.464	25.63190
2100.504	25.50090
2102.538	25.54380
2104.618	25.61860
2106.678	25.52120
2112.802	25.49170
2114.841	25.50920
2116.983	25.60870
2119.043	25.52900
2121.083	25.56160
2123.142	25.44400
2125.182	25.61150
2127.242	25.59770
2129.333	25.62320
2131.372	25.50960
2133.514	25.57820
2137.655	25.49280
2139.694	25.70320
2141.754	25.51940
2143.778	25.46400
2145.817	25.87680
2147.918	25.50210
2149.958	25.40590
2152.018	25.59290
2154.057	25.49790
2156.081	25.46590
2158.120	25.42910
2160.160	25.70130
2162.199	25.54580
2164.259	25.58400
2166.319	25.59640
2168.420	25.52440
2170.480	25.62190
2172.519	25.48350
2174.584	25.56330
2176.624	25.48040
2178.642	25.66750
2180.723	25.58830
2182.767	25.39920
2184.822	25.65040
2186.887	25.37120
2188.947	25.48700
2190.997	25.62140
2193.062	25.51880
2195.142	25.55530
2197.259	25.58850
2199.340	25.44710
2201.420	25.65080
2203.521	25.43870
2205.602	25.65300
2207.662	25.68700
2209.742	25.53080
2211.802	25.57430
2213.821	25.62700
2215.901	25.42760
2217.925	25.39350
2219.965	25.61730
2222.004	25.54390
2224.085	25.64090
2226.124	25.51640
2228.168	25.62680
2230.208	25.55280
2232.268	25.58900
2234.291	25.51180
2236.351	25.57260
2238.468	25.51450
2240.507	25.54340
2242.547	25.61170
2244.586	25.53500
2246.651	25.46180
2248.711	25.63880
2250.786	25.67850
2252.810	25.41520
2254.870	25.54970
2256.930	25.65630
2259.011	25.48650
2261.071	25.56970
2263.110	25.69310
2265.191	25.48820
2267.256	25.54420
2269.316	25.70350
2271.375	25.44860
2273.456	25.58690
2275.537	25.41200
2277.597	25.59450
2279.636	25.60660
2281.701	25.47410
2283.781	25.56670
2285.816	25.41670
2287.881	25.58480
2289.961	25.58050
2292.021	25.55890
2294.102	25.52680
2296.162	25.58300
2298.222	25.55940
2300.282	25.57050
2302.341	25.52500
2304.432	25.60790
2306.492	25.53790
2310.592	25.67110
2312.626	25.48010
2314.727	25.55770
2316.807	25.53860
2318.888	25.42430
2320.948	25.56680
2323.049	25.54530
2325.088	25.59260
2327.133	25.49510
2329.172	25.57530
2331.212	25.54370
2333.271	25.67910
2335.311	25.59900
2337.330	25.51070
2339.410	25.55790
2341.455	25.47270
2343.494	25.52340
2345.554	25.55680
2347.593	25.58720
2349.653	25.40350
2351.672	25.63730
2353.732	25.45020
2355.771	25.64770
2357.893	25.46530
2359.937	25.65710
2361.997	25.38070
2364.057	25.54590
2366.117	25.75350
2368.177	25.50710
2370.258	25.43220
2372.359	25.74230
2374.439	25.54230
2376.510	25.55850
2378.569	25.52390
2380.650	25.51570
2382.669	25.50510
2384.754	25.60240
2386.830	25.61390
2388.890	25.55320
2390.934	25.55870
2393.015	25.67090
2395.095	25.57140
2397.155	25.56120
2401.213	25.45940
2403.253	25.53080
2405.333	25.55150
2407.393	25.58860
2409.432	25.52560
2411.498	25.72650
2413.537	25.45250
2415.556	25.57700
2417.646	25.62320
2419.706	25.47280
2421.746	25.49120
2423.811	25.55750
2425.850	25.69870
2427.910	25.37520
2429.991	25.68170
2432.030	25.58980
2434.095	25.46610
2436.196	25.63780
2438.287	25.46530
2440.368	25.68200
2442.407	25.50020
2444.451	25.68880
2446.491	25.44770
2448.571	25.55330
2450.611	25.47630
2452.634	25.59740
2454.710	25.43660
2456.790	25.61760
2458.830	25.49430
2460.895	25.47450
2462.970	25.49700
2465.015	25.50480
2467.054	25.49770
2469.093	25.62860
2471.133	25.55430
2473.234	25.49300
2475.294	25.57840
2477.364	25.58540
2479.455	25.49870
2481.546	25.56520
2483.585	25.62490
2485.624	25.53940
2487.725	25.48510
2489.785	25.66240
2491.825	25.53070
2493.885	25.45980
2495.965	25.53190
2498.046	25.47880
2500.147	25.68770
2502.186	25.63150
2504.210	25.61270
2506.270	25.52860
2510.369	25.53980
2512.450	25.64600
2514.510	25.35420
2516.549	25.50460
2518.609	25.59240
2520.654	25.56550
2522.672	25.49710
2524.712	25.65970
2526.772	25.60800
2528.852	25.55960
2530.933	25.53120
2532.993	25.45430
2535.053	25.69360
2537.092	25.50320
2539.131	25.64820
2541.176	25.54820
2543.236	25.72760
2545.254	25.40670
2547.294	25.62680
2549.390	25.46440
2551.429	25.49960
2553.510	25.55330
2555.569	25.79770
2557.624	25.36430
2559.664	25.65020
2561.744	25.61850
2563.804	25.63470
2565.864	25.51970
2567.888	25.57590
2569.907	25.44900
2571.987	25.54570
2574.047	25.51050
2576.086	25.75990
2578.208	25.36230
2580.248	25.66890
2582.349	25.46000
2584.409	25.48510
2586.510	25.66350
2588.554	25.50050
2590.594	25.51840
2592.653	25.53740
2594.713	25.61100
2596.732	25.56300
2598.875	25.57730
2600.914	25.57060
2603.030	25.35080
2605.090	25.55170
2607.171	25.56650
2609.231	25.69090
2611.337	25.46990
2613.376	25.62620
2615.483	25.45280
2617.625	25.50230
2619.664	25.66450
2621.704	25.47930
2623.784	25.59880
2625.844	25.75170
2627.904	25.43660
2629.969	25.50130
2632.009	25.52790
2634.069	25.51390
2636.087	25.41460
2638.147	25.68620
2640.192	25.50620
2642.231	25.56440
2644.250	25.59340
2646.351	25.46660
2648.390	25.59930
2650.450	25.58060
2652.495	25.66610
2654.534	25.42540
2656.635	25.59310
2658.674	25.51690
2660.734	25.54150
2662.758	25.61130
2664.834	25.55090
2666.914	25.59620
2668.995	25.51620
2671.034	25.48860
2673.058	25.74600
2675.139	25.45830
2677.240	25.57120
2679.320	25.61970
2681.360	25.61130
2683.404	25.57850
2685.464	25.43880
2687.503	25.64190
2689.584	25.50090
2691.623	25.64490
2693.662	25.62010
2695.722	25.47780
2697.746	25.59080
2699.765	25.44480
2701.804	25.60520
2703.952	25.48370
2705.996	25.62380
2708.031	25.32680
2710.111	25.62020
2712.197	25.48330
2714.252	25.56400
2716.296	25.55090
2718.377	25.56490
2720.473	25.43570
2722.538	25.69420
2724.618	25.38520
2726.637	25.60410
2730.777	25.52870
2732.817	25.66220
2734.887	25.39870
2736.942	25.77750
2739.002	25.39360
2741.062	25.62370
2743.142	25.68050
2745.202	25.50670
2747.241	25.64980
2749.265	25.55170
2751.305	25.58760
2753.365	25.39090
2755.425	25.64020
2757.464	25.53300
2759.524	25.42890
2761.584	25.55480
2763.628	25.59820
2765.688	25.52850
2767.769	25.57430
2769.849	25.58770
2771.889	25.40340
2773.928	25.59950
2775.967	25.48980
2778.032	25.62130
2780.092	25.45080
2782.152	25.68060
2784.192	25.44830
2786.231	25.62670
2788.296	25.47130
2790.392	25.51520
2792.457	25.45790
2794.496	25.63790
2796.515	25.66840
2798.606	25.44750
2800.666	25.64680
2802.746	25.59620
2804.848	25.44220
2806.887	25.54980
2808.931	25.50690
2810.991	25.65340
2813.072	25.48450
2815.111	25.56720
2817.192	25.48790
2819.252	25.56600
2821.291	25.61380
2823.335	25.45720
2825.375	25.45420
2827.435	25.68060
2829.495	25.42910
2831.575	25.62460
2833.620	25.27370
2835.664	25.64230
2837.698	25.58860
2839.779	25.53870
2841.798	25.64650
2843.899	25.65150
2845.959	25.47310
2847.998	25.53740
2850.115	25.80370
2852.154	25.36510
2854.255	25.57910
2856.294	25.58350
2858.437	25.51380
2860.497	25.56260
2862.577	25.52720
2866.677	25.54820
2868.762	25.55640
2870.802	25.55140
2872.820	25.62730
2874.901	25.38810
2876.981	25.61530
2879.021	25.58160
2881.060	25.63980
2883.105	25.56180
2885.164	25.42040
2887.240	25.69110
2889.284	25.47520
2891.344	25.64730
2893.384	25.57220
2895.423	25.55880
2897.462	25.59930
2899.502	25.52700
2901.526	25.48420
2903.585	25.68010
2905.666	25.53760
2907.705	25.48330
2909.765	25.49200
2911.825	25.49700
2913.890	25.59220
2915.955	25.55290
2918.031	25.54970
2920.111	25.43900
2922.176	25.53150
2924.216	25.64650
2926.276	25.48710
2928.315	25.59080
2930.375	25.46030
2932.435	25.62730
2934.495	25.51320
2936.519	25.53020
2938.599	25.64040
2942.699	25.41880
2944.800	25.60580
2946.839	25.52730
2948.899	25.55880
2950.918	25.62170
2953.039	25.46320
2955.058	25.64360
2957.159	25.60430
2959.291	25.45820
2961.351	25.47680
2963.411	25.63520
2965.492	25.50750
2967.510	25.59450
2969.653	25.45420
2971.692	25.42290
2973.731	25.71490
2975.791	25.39330
2977.851	25.55000
2979.875	25.65600
2981.971	25.50230
2983.995	25.45550
2986.096	25.70970
2988.156	25.52500
2990.216	25.58420
2992.276	25.56450
2994.315	25.50090
2996.355	25.60610
2998.394	25.46200
3000.439	25.57120
3002.519	25.62200
3004.579	25.33650
3006.623	25.67720
3008.699	25.59550
3010.723	25.50840
3012.803	25.71950
3014.827	25.51970
3016.903	25.50550
3019.004	25.62430
3021.064	25.52800
3023.103	25.47230
3025.184	25.59000
3027.223	25.58270
3029.298	25.36300
3031.338	25.48830
3033.392	25.56170
3035.494	25.55120
3037.574	25.45840
3039.655	25.67890
3041.699	25.62350
3043.759	25.39770
3045.840	25.66860
3047.920	25.50100
3049.980	25.63290
3052.040	25.50710
3054.079	25.68380
3056.160	25.52590
3058.199	25.49180
3060.238	25.51940
3062.278	25.53790
3064.338	25.46670
3066.403	25.64510
3068.483	25.52360
3070.559	25.38300
3072.603	25.56040
3074.663	25.53900
3076.723	25.35970
3078.742	25.56040
3080.822	25.53910
3082.903	25.63750
3084.942	25.57610
3086.982	25.68210
3089.026	25.50280
3091.065	25.52560
3093.131	25.43590
3095.170	25.44960
3097.209	25.72780
3099.290	25.42650
3101.350	25.51490
3103.389	25.66750
3105.454	25.51000
3107.529	25.49810
3109.595	25.47180
3111.613	25.42290
3113.632	25.55070
3115.692	25.51120
3117.773	25.54790
3119.832	25.52240
3121.877	25.55530
3123.937	25.63410
3125.997	25.48470
3128.057	25.72910
3130.096	25.46360
3132.156	25.64520
3134.175	25.52690
3136.219	25.33650
3138.336	25.70790
3140.396	25.48430
3142.435	25.43870
3144.516	25.63240
3146.601	25.41090
3148.641	25.50650
3150.680	25.58300
3152.719	25.51610
3154.820	25.50050
3156.922	25.54250
3159.023	25.43090
3161.083	25.55460
3163.163	25.56650
3165.203	25.59500
3167.283	25.45260
3169.364	25.53340
3171.444	25.49360
3173.468	25.43330
3175.507	25.66410
3177.547	25.53050
3181.728	25.60710
3183.788	25.41600
3185.869	25.50840
3187.929	25.43280
3189.989	25.63020
3192.007	25.53470
3194.088	25.54740
3196.153	25.59390
3198.192	25.64230
3200.273	25.44150
3202.354	25.56800
3204.434	25.41510
3206.473	25.68960
3208.492	25.44330
3210.531	25.54280
3212.591	25.47840
3214.693	25.62040
3216.799	25.46160
3218.864	25.57860
3220.903	25.58640
3222.963	25.45380
3225.023	25.61470
3227.062	25.50400
3229.086	25.50760
3231.105	25.47370
3233.175	25.56960
3235.215	25.57350
3237.254	25.52450
3239.314	25.48970
3241.394	25.56520
3243.475	25.63480
3245.556	25.44070
3247.600	25.61650
3249.660	25.43220
3251.699	25.70040
3253.739	25.47270
3255.778	25.36810
3257.822	25.53340
3259.929	25.56650
3261.973	25.46480
3264.013	25.51920
3266.093	25.58120
3268.132	25.61510
3270.249	25.47620
3272.309	25.48810
3274.348	25.61220
3276.377	25.59820
3278.458	25.43500
3280.544	25.53870
3282.640	25.44500
3284.699	25.40170
3286.744	25.65980
3288.783	25.53080
3290.823	25.48880
3292.888	25.53610
3294.984	25.42230
3297.028	25.54140
3299.088	25.51000
3301.148	25.61410
3303.249	25.46090
3305.309	25.54570
3307.390	25.49050
3309.408	25.62110
3311.468	25.63410
3313.569	25.49270
3315.629	25.60730
3317.710	25.53360
3319.790	25.47430
3321.850	25.50340
3323.931	25.59580
3326.114	25.39030
3328.174	25.52580
3330.234	25.66990
3332.258	25.54940
3334.318	25.51330
3336.337	25.62690
3338.397	25.47440
3340.416	25.57520
3342.460	25.53970
3344.479	25.48230
3346.565	25.42480
3348.697	25.55560
3350.705	25.51810
3352.724	25.52070
3354.804	25.52780
3356.864	25.51910
3358.986	25.49590
3361.005	25.55460
3363.065	25.52960
3365.145	25.47950
3367.210	25.39820
3369.250	25.46880
3371.310	25.59070
3373.369	25.41610
3375.388	25.51430
3377.469	25.47800
3379.570	25.60690
3381.589	25.50440
3383.628	25.57350
3385.708	25.45670
3387.748	25.49680
3389.875	25.58500
3391.914	25.47400
3393.953	25.55120
3396.013	25.54060
3398.073	25.62840
3400.113	25.53590
3402.152	25.46540
3404.217	25.38660
3406.277	25.41360
3408.316	25.56330
3410.340	25.61580
3412.379	25.42670
3414.398	25.56470
3416.438	25.59020
3418.518	25.48190
3420.599	25.48590
3422.679	25.43850
3424.780	25.69860
3426.840	25.34420
3428.880	25.50070
3430.940	25.60140
3433.020	25.55250
3435.059	25.56570
3437.119	25.52930
3439.179	25.48820
3443.299	25.54490
3445.380	25.46020
3447.424	25.53400
3449.484	25.43160
3451.523	25.48530
3453.583	25.56490
3455.659	25.44570
3457.739	25.58130
3459.815	25.42960
3461.839	25.44690
3463.919	25.53870
3465.979	25.61530
3468.018	25.42610
3470.120	25.69210
3472.179	25.57250
3474.198	25.43230
3476.238	25.60660
3478.297	25.40280
3480.399	25.53550
3482.443	25.56460
3484.503	25.41670
3486.563	25.62230
3488.582	25.58340
3490.642	25.54550
3492.763	25.65070
3494.823	25.41730
3496.883	25.68510
3498.984	25.48600
3501.044	25.57700
3503.068	25.50960
3505.164	25.55720
3509.269	25.41220
3511.329	25.62930
3513.409	25.36040
3515.474	25.35040
3517.534	25.70510
3519.594	25.47570
3521.695	25.52830
3523.755	25.57900
3525.815	25.36140
3527.875	25.56400
3529.956	25.50110
3532.057	25.48650
3538.278	25.54020
3540.363	25.53190
3542.403	25.48500
3544.457	25.53510
3546.517	25.51240
3548.577	25.48010
3550.642	25.62160
3552.677	25.41710
3554.762	25.46040
3556.822	25.55740
3558.877	25.41310
3560.916	25.52720
3562.976	25.49580
3565.021	25.48760
3567.081	25.55190
3569.120	25.51270
3571.139	25.49290
3573.163	25.36360
3575.223	25.64630
3577.262	25.41960
3579.322	25.47720
3581.402	25.64540
3583.483	25.41850
3585.564	25.50700
3587.623	25.46810
3589.683	25.52960
3591.743	25.59220
3593.803	25.63090
3595.843	25.51670
3597.866	25.55540
3599.906	25.57900
3601.966	25.61660
3604.046	25.36510
3606.127	25.75210
3608.187	25.45280
3610.226	25.40320
3612.265	25.66650
3614.305	25.49700
3616.349	25.52490
3618.409	25.58950
3620.546	25.41080
3622.627	25.62160
3624.666	25.52380
3626.690	25.49200
3628.729	25.63980
3630.805	25.55340
3632.885	25.53460
3634.925	25.50560
3636.985	25.53140
3639.029	25.39610
3641.089	25.66610
3643.113	25.41420
3645.209	25.55750
3647.274	25.50990
3649.308	25.54720
3651.389	25.32440
3653.469	25.58260
3655.529	25.41450
3657.610	25.40550
3659.649	25.50670
3661.688	25.51220
3663.754	25.49650
3665.772	25.41740
3669.933	25.59990
3672.014	25.41610
3674.033	25.46850
3676.093	25.58950
3678.137	25.46890
3680.212	25.60310
3682.257	25.33120
3684.337	25.60680
3686.377	25.47040
3688.416	25.44060
3690.497	25.55570
3692.557	25.53980
3694.601	25.48060
3696.661	25.55910
3698.731	25.38180
3700.832	25.63660
3702.877	25.56260
3704.916	25.63840
3706.997	25.43700
3709.015	25.50040
3711.075	25.48590
3713.115	25.57450
3715.154	25.36080
3717.199	25.61220
3719.238	25.40030
3721.334	25.51270
3723.414	25.48710
3725.454	25.49820
3727.539	25.54500
3729.579	25.53800
3731.659	25.48970
3733.760	25.52460
3735.820	25.51720
3737.901	25.48630
3739.940	25.54620
3742.021	25.58950
3744.081	25.53000
3746.182	25.60820
3748.262	25.57770
3750.364	25.41350
3752.449	25.51510
3754.463	25.45510
3756.523	25.65950
3758.583	25.45730
3760.607	25.45170
3762.672	25.64010
3764.732	25.43430
3766.771	25.65650
3768.810	25.41440
3770.942	25.57080
3772.992	25.53160
3775.011	25.41960
3777.096	25.52950
3779.177	25.65500
3781.257	25.51790
3783.297	25.47640
3787.375	25.54070
3789.497	25.58210
3791.537	25.40290
3793.596	25.61360
3795.636	25.43810
3797.680	25.65650
3799.730	25.43910
3801.759	25.47840
3803.819	25.42390
3805.879	25.63750
3807.918	25.37920
3810.009	25.57320
3812.084	25.52260
3814.124	25.39070
3816.142	25.41030
3818.228	25.63480
3820.309	25.43670
3822.389	25.61230
3824.429	25.53800
3826.489	25.44400
3828.548	25.59610
3830.608	25.46060
3832.632	25.50660
3834.672	25.51450
3836.711	25.46690
3838.791	25.54280
3840.851	25.58320
3842.891	25.40960
3844.930	25.60000
3846.995	25.42240
3849.055	25.53580
3851.115	25.55230
3853.154	25.42940
3855.214	25.54190
3857.238	25.48110
3859.314	25.53450
3861.358	25.56660
3863.433	25.44330
3865.524	25.54690
3867.605	25.62980
3869.665	25.39150
3871.709	25.54630
3873.749	25.52770
3875.860	25.46030
3877.956	25.52250
3880.037	25.53840
3882.076	25.24960
3884.110	25.64960
3886.119	25.43300
3888.178	25.51340
3890.218	25.36990
3892.237	25.60500
3894.276	25.26160
3896.315	25.64570
3898.380	25.34800
3900.471	25.57820
3904.612	25.32530
3906.656	25.61940
3908.773	25.51750
3910.833	25.44270
3912.913	25.34560
3914.994	25.66830
3917.054	25.47770
3919.114	25.42150
3921.158	25.43130
3923.197	25.53060
3925.257	25.43620
3927.338	25.52560
3929.418	25.64280
3931.514	25.61780
3933.569	25.39290
3935.557	25.59090
3937.638	25.53520
3939.744	25.46810
3941.768	25.61180
3943.828	25.55870
3945.888	25.47800
3947.906	25.52240
3949.946	25.42890
3951.990	25.48130
3954.071	25.52780
3956.089	25.58490
3958.149	25.47340
3960.189	25.47630
3962.213	25.46960
3964.303	25.66350
3966.384	25.37060
3968.506	25.56520
3970.545	25.43680
3972.646	25.59890
3974.727	25.40790
3976.787	25.51470
3978.888	25.58000
3980.927	25.57670
3982.987	25.44160
3985.032	25.52250
3987.071	25.48480
3989.110	25.53700
3991.227	25.45030
3993.271	25.58310
3995.352	25.46360
3997.412	25.53950
3999.451	25.41240
4001.490	25.45170
4003.592	25.41930
4005.677	25.53230
4007.737	25.49730
4009.905	25.37730
4011.878	25.49040
4013.958	25.49490
4015.998	25.51230
4018.099	25.48760
4020.159	25.51180
4022.219	25.46910
4024.258	25.45560
4026.338	25.53070
4028.398	25.37750
4030.458	25.44130
4032.498	25.53770
4034.542	25.44520
4036.581	25.54750
4040.701	25.55120
4042.761	25.42780
4044.862	25.43390
4046.927	25.56090
4048.957	25.54110
4051.016	25.45270
4053.061	25.44960
4055.167	25.37990
4057.222	25.64730
4059.328	25.35630
4061.362	25.53540
4063.443	25.46770
4065.488	25.45740
4067.547	25.42830
4069.607	25.53830
4071.667	25.27340
4073.707	25.55980
4075.767	25.48820
4077.806	25.62940
4079.850	25.46210
4081.910	25.46910
4083.970	25.62620
4086.030	25.30820
4088.070	25.53770
4090.150	25.43240
4092.189	25.52300
4094.229	25.40500
4096.289	25.52540
4098.333	25.59210
4100.388	25.39210
4102.489	25.49900
4104.570	25.59310
4106.630	25.39070
4108.710	25.48420
4110.801	25.60300
4112.840	25.47350
4114.874	25.65670
4116.914	25.38440
4119.015	25.57220
4121.034	25.44520
4123.114	25.45710
4125.154	25.51040
4127.234	25.54230
4129.315	25.42070
4131.380	25.46430
4133.398	25.50630
4135.458	25.51670
4137.477	25.47030
4139.516	25.57540
4141.540	25.34130
4143.621	25.61550
4145.701	25.39690
4147.761	25.54410
4149.842	25.56150
4151.881	25.41570
4153.982	25.49990
4156.006	25.55290
4158.102	25.38060
4160.142	25.50220
4162.181	25.60840
4164.241	25.47050
4166.301	25.54250
4168.325	25.44610
4170.385	25.46040
4172.424	25.50260
4174.546	25.45840
4176.564	25.63480
4178.604	25.39420
4180.664	25.47400
4182.729	25.66510
4184.768	25.38930
4186.828	25.52550
4188.888	25.44090
4190.927	25.48890
4192.967	25.50260
4195.047	25.38640
4197.128	25.48760
4199.167	25.55810
4201.232	25.50640
4203.272	25.52240
4205.290	25.50070
4207.309	25.71980
4209.348	25.41380
4211.413	25.58390
4213.453	25.47740
4215.538	25.57440
4217.578	25.43890
4221.739	25.54430
4223.799	25.47500
4225.900	25.57600
4227.960	25.44020
4230.025	25.51770
4232.064	25.59190
4234.104	25.47600
4236.194	25.57340
4238.234	25.36060
4240.273	25.47060
4242.333	25.58540
4244.434	25.49480
4246.494	25.52770
4248.554	25.51880
4250.619	25.59590
4252.658	25.39240
4254.718	25.50490
4256.758	25.46940
4258.807	25.61310
4260.847	25.43790
4262.881	25.57090
4264.977	25.44150
4267.021	25.50940
4269.071	25.47000
4271.110	25.57590
4273.191	25.51190
4275.251	25.48750
4277.275	25.47250
4279.355	25.57280
4281.456	25.49360
4283.558	25.53110
4285.623	25.46660
4287.677	25.64770
4289.779	25.39430
4291.818	25.40070
4293.837	25.50430
4295.855	25.49430
4298.018	25.49940
4300.119	25.54850
4302.179	25.50700
4304.219	25.51480
4306.284	25.47240
4308.359	25.54770
4310.445	25.41380
4314.503	25.54280
4316.563	25.51050
4318.602	25.48260
4320.642	25.56300
4322.681	25.27820
4324.725	25.51070
4326.744	25.57040
4328.804	25.34470
4330.885	25.55260
4332.924	25.42110
4335.004	25.51860
4337.064	25.44680
4339.088	25.61590
4341.169	25.41080
4343.229	25.51890
4345.289	25.49660
4347.410	25.48750
4349.491	25.53820
4351.571	25.45160
4353.611	25.57100
4355.650	25.47250
4357.731	25.40160
4361.815	25.55770
4363.895	25.53350
4365.934	25.54890
4367.974	25.40310
4370.054	25.57480
4372.135	25.55610
4374.195	25.39900
4376.255	25.45940
4378.294	25.60180
4380.375	25.39710
4382.419	25.68850
4384.458	25.47150
4386.493	25.39480
4388.583	25.44260
4390.643	25.42270
4392.703	25.47370
4394.743	25.40060
4396.767	25.43020
4398.842	25.17960
4400.886	25.39940
4402.988	25.20360
4405.047	25.32340
4407.128	25.14160
4409.209	25.40890
4411.325	25.14670
4413.364	25.28660
4415.409	25.25150
4417.484	25.09900
4419.565	25.21470
4421.604	25.27930
4423.726	25.07950
4425.812	25.14640
4427.887	25.14310
4429.906	25.12260
4431.986	25.21450
4434.020	25.09690
4436.039	25.18610
4438.161	25.10710
4440.200	25.17340
4442.240	25.10520
4444.325	24.98800
4446.385	25.30280
4448.466	24.87870
4450.546	25.18710
4452.606	25.04190
4454.646	25.09760
4456.706	25.07940
4458.745	25.13050
4460.908	24.98590
4462.947	25.19040
4464.986	25.15140
4467.108	25.01410
4469.168	25.19380
4471.207	25.07010
4473.267	25.05790
4475.389	25.03690
4477.428	25.13940
4479.514	25.02720
4481.553	25.11570
4483.577	25.05620
4485.658	25.13220
4487.697	25.03570
4489.742	25.16860
4491.781	25.05270
4493.820	24.85830
4495.860	25.15360
4497.878	25.10460
4499.980	25.08270
4502.019	25.07360
4504.058	25.17740
4506.139	25.05940
4508.225	24.98870
4510.259	25.05160
4512.283	25.22930
4514.343	24.91910
4516.387	25.18470
4518.426	25.18100
4520.445	24.92900
4522.505	25.19750
4524.586	24.91710
4526.604	25.09310
4528.685	25.00160
4530.765	25.05760
4532.877	25.07900
4534.921	25.04850
4537.022	25.12600
4539.139	25.05130
4543.341	25.29420
4545.381	24.98610
4547.405	25.14220
4549.464	25.17620
4551.504	24.95610
4553.523	24.97710
4555.582	25.26750
4557.601	24.93050
4559.646	25.20180
4561.685	24.99500
4563.724	25.27510
4565.748	24.92390
4567.788	25.22150
4569.884	25.00970
4571.928	25.02220
4573.988	25.10450
4576.027	25.08670
4578.128	25.09660
4580.188	25.02740
4582.284	25.08910
4584.324	25.18740
4586.404	25.04160
4588.423	25.00970
4590.545	25.15320
4592.625	24.95560
4594.685	25.10170
4596.745	25.17840
4598.867	25.07720
4600.927	25.12380
4602.966	25.17010
4605.005	24.91220
4607.065	25.12730
4609.089	25.00060
4611.170	25.03070
4613.209	25.32190
4615.269	24.86820
4617.308	25.22170
4619.348	25.09970
4621.408	25.04980
4623.473	25.02340
4625.533	25.11440
4627.572	25.08540
4629.653	25.04330
4631.692	25.21860
4633.711	25.00650
4635.755	25.10020
4637.815	25.07300
4639.875	25.19380
4641.914	25.09320
4643.933	24.99180
4646.019	25.15110
4648.038	25.08280
4650.139	25.10060
4652.219	25.05670
4654.279	25.11840
4656.360	25.14990
4658.420	25.07020
4660.459	25.04160
4662.540	25.09830
4664.584	25.12900
4666.623	25.03760
4668.683	25.11220
4670.723	24.98000
4672.783	25.08680
4674.822	25.01920
4676.877	25.17520
4678.978	25.07520
4681.017	25.11400
4683.098	25.03940
4685.158	25.20040
4687.176	24.92200
4689.216	25.00600
4691.276	25.24390
4693.361	24.98870
4695.401	25.10040
4697.461	25.06830
4699.500	24.99360
4701.617	25.15270
4705.778	24.98690
4707.822	25.09490
4709.882	25.05840
4711.973	24.96810
4714.002	25.16270
4716.088	25.08570
4718.184	25.05990
4720.243	24.97180
4722.324	25.01760
4724.369	25.10840
4726.444	25.01800
4728.509	25.07990
4730.548	25.07550
4732.608	25.10330
4734.678	25.00550
4736.728	25.17170
4738.809	25.01710
4740.910	25.09540
4742.970	25.04080
4745.009	25.16110
4747.054	24.99430
4749.113	25.04730
4751.153	25.20280
4753.213	24.99400
4755.293	25.13740
4757.394	25.14700
4759.434	24.97790
4761.494	25.16760
4763.512	25.00730
4765.614	25.12340
4767.674	25.09390
4769.795	25.13700
4771.876	25.10060
4773.956	25.20650
4775.996	25.10250
4778.035	25.08830
4780.079	25.12860
4782.119	25.24420
4784.199	25.09140
4786.218	25.19040
4788.278	25.03710
4790.338	25.02030
4792.388	25.24710
4794.417	24.91200
4796.502	25.20420
4798.542	25.00480
4800.581	25.21470
4802.662	24.99320
4804.763	25.12330
4806.802	25.06930
4810.881	24.99020
4812.920	25.00130
4814.985	25.08310
4817.024	25.07970
4819.064	25.09920
4821.160	25.22110
4823.199	25.10220
4825.259	24.99420
4827.324	25.09290
4829.384	25.11380
4831.480	25.06400
4833.540	25.13320
4835.559	25.20800
4837.680	25.12950
4839.740	25.08610
