Elapsed time [s]	Value [0,100]
0.000	17.01860
0.164	16.89490
2.201	16.93870
4.261	16.96030
6.303	16.99120
8.347	16.98640
10.361	16.92030
12.403	16.98260
14.442	17.02720
16.484	17.09240
18.503	17.07840
20.542	16.86460
22.563	17.01320
24.603	17.00600
26.645	17.00880
28.725	16.92180
30.746	17.06720
32.786	17.08300
34.807	17.09140
36.826	16.99220
38.865	16.86630
40.907	17.05310
43.003	16.84820
45.104	17.01730
47.144	17.07110
49.211	16.87740
51.292	16.90550
53.393	16.92210
55.473	17.15330
57.554	16.93700
59.673	16.89420
61.694	17.05480
63.754	16.91310
65.835	16.82360
67.918	16.93340
69.996	16.98810
72.077	16.90820
74.116	16.94110
76.178	17.17540
78.259	16.98150
80.319	17.09280
82.340	17.01130
84.418	16.89120
86.499	17.01380
88.579	17.11250
90.680	17.13610
92.800	16.87180
94.847	17.11220
96.940	16.90430
99.021	16.99330
101.083	17.00110
103.122	17.02250
105.223	17.11980
107.304	16.81710
109.385	16.91940
111.445	16.99470
113.486	16.98320
115.544	16.87000
117.627	17.04550
119.705	16.97160
121.788	17.01330
123.827	17.09560
125.869	16.99800
127.909	17.13890
129.948	17.02840
132.008	16.99930
134.088	16.98840
136.130	17.16050
138.208	16.91910
140.289	16.93960
142.331	16.91050
144.352	17.06550
146.433	17.08910
148.472	17.04230
150.532	16.97840
152.574	17.00670
154.634	16.99920
156.655	17.05520
158.694	17.02230
160.813	16.92170
162.876	16.80380
164.918	17.04400
166.996	16.91960
169.056	16.96930
171.118	17.10060
173.158	17.05020
175.218	16.94470
177.257	17.00750
179.337	17.06560
181.418	16.96860
183.501	17.01830
185.561	17.09510
187.580	16.91960
189.622	16.86370
191.640	17.00540
193.680	16.92130
195.742	17.06350
197.820	16.90880
199.901	16.94670
201.981	17.07120
204.062	16.99750
206.163	16.98080
208.184	17.01380
210.244	17.02050
212.263	16.96620
214.325	17.10470
216.406	16.94780
218.487	16.87070
220.526	16.96260
222.627	16.86650
224.690	16.98560
226.770	17.16940
228.871	16.93010
230.911	16.90660
232.970	16.94610
234.992	16.95920
237.031	17.05210
239.130	16.84280
241.192	16.94040
245.333	17.01950
247.372	16.92300
249.411	16.95490
251.471	16.99630
253.513	16.95210
255.553	16.92710
257.571	17.01680
259.652	17.07690
261.694	16.85280
263.733	16.99050
265.793	17.02700
267.835	17.05430
269.895	16.96330
271.934	17.00730
273.981	16.86580
276.062	16.95290
278.101	17.15380
280.161	17.09180
282.203	16.92420
284.263	17.14240
286.343	16.78830
288.403	16.95500
290.476	17.00780
292.534	16.98080
294.596	16.89480
296.638	17.00170
298.680	17.04810
300.719	17.00360
302.761	16.79290
304.839	16.89270
306.917	16.99930
308.959	16.96910
310.998	17.06580
313.079	16.97400
315.159	17.01310
317.240	16.99060
319.279	16.88060
321.360	17.16130
323.461	16.99070
325.521	16.93570
327.599	16.93060
329.661	16.84790
331.724	16.92960
333.763	17.02350
335.823	17.08760
337.868	16.87830
339.925	17.04630
342.003	16.98490
344.076	17.00480
346.177	16.85840
348.296	17.11590
350.397	16.97980
352.436	17.01870
354.496	17.08270
356.556	16.81910
358.598	17.01760
360.697	17.07340
362.777	17.10310
364.858	17.10010
366.900	17.03610
368.960	16.86080
371.020	16.92440
373.059	17.03240
375.119	16.88500
377.161	16.98250
379.182	16.96110
381.222	17.06700
383.281	16.90890
385.362	17.07620
387.445	17.08550
389.484	16.99010
391.503	17.21700
393.545	17.06060
395.605	16.86090
397.683	17.01760
399.766	17.01190
401.805	17.02490
403.827	17.05890
405.918	16.88370
408.037	16.88580
410.097	17.07510
412.139	16.84960
414.157	17.04930
416.238	16.82170
418.280	16.98600
420.319	16.92870
422.400	17.17300
424.501	17.10000
426.561	16.96350
428.600	17.00610
430.642	16.94530
432.679	16.94020
434.700	16.99010
436.791	17.01350
438.810	16.95370
440.911	16.92660
442.971	17.08650
445.010	16.92150
447.073	16.98000
449.114	16.93400
451.213	17.09950
453.296	17.00260
455.415	17.04830
457.457	16.81770
459.517	17.00250
461.556	16.97740
463.658	16.96720
465.697	17.08360
467.826	16.95670
469.886	16.89970
471.977	17.10590
474.037	17.07310
476.076	17.07080
478.157	16.93660
480.217	17.10570
482.297	17.00080
484.360	16.94920
486.399	17.02030
488.459	17.07110
490.540	16.91900
492.620	16.98470
494.680	17.00260
496.761	17.04220
498.841	17.01600
500.883	16.84730
502.923	17.12720
504.983	17.04290
507.063	17.13090
509.102	17.00470
511.165	17.01470
513.243	17.03440
515.285	16.92010
517.324	17.03240
519.405	17.05850
521.465	16.96800
523.628	16.99640
525.566	17.01210
527.608	17.06460
529.671	16.99930
531.757	17.03610
533.798	17.05410
535.820	16.89650
537.880	16.97720
539.978	17.06170
542.059	16.89240
544.101	16.92110
546.161	16.95800
548.200	17.17630
550.242	16.96450
552.302	16.98800
554.416	16.95360
556.458	16.86660
558.559	17.21090
560.598	16.92680
562.679	16.93600
564.759	16.89020
566.819	17.04700
568.882	17.04520
570.942	17.12060
573.002	16.97190
575.062	17.06720
577.121	17.01810
579.181	16.90630
581.244	17.03440
583.327	16.93370
585.397	16.92290
589.558	17.11520
591.600	16.87800
593.640	17.04640
595.700	16.94460
597.721	17.00050
599.799	16.97730
601.820	17.15620
603.901	16.99770
605.940	17.07710
608.062	16.97210
610.083	17.10490
612.161	17.01710
614.221	17.09020
616.263	17.15120
618.302	16.91080
620.383	16.99410
622.445	17.00710
624.497	16.90690
626.578	17.01380
628.617	16.96220
630.639	16.90550
632.701	17.09100
634.782	17.05650
636.821	16.98460
638.922	16.99140
641.003	17.18280
643.063	16.92660
645.143	16.83060
647.242	16.94690
649.330	17.10790
651.372	16.91110
653.411	16.94380
655.471	16.98290
657.513	17.04870
659.552	16.88840
661.633	16.99520
663.713	16.85250
665.753	16.94830
667.813	16.87960
669.855	17.04390
671.935	16.93990
673.998	16.90160
676.058	17.02160
678.097	16.91210
680.157	16.90240
682.217	16.93740
684.259	16.84910
686.314	16.99650
688.376	16.99860
690.415	16.91150
692.496	17.03420
694.556	16.89610
696.616	16.96520
698.676	17.00780
700.718	16.99070
702.816	16.91680
704.876	16.89770
706.939	16.95300
709.019	16.89780
711.038	17.20750
713.098	16.95520
715.119	16.90490
717.159	16.96050
719.203	16.84110
721.322	16.92180
723.367	16.93720
725.383	16.95610
727.422	16.96230
729.492	16.92810
731.542	16.98990
733.602	16.97310
735.644	16.95740
737.665	16.73140
739.725	16.92710
741.767	16.95030
743.891	16.90330
745.905	16.90120
748.006	17.06360
750.027	16.95400
752.108	16.95140
754.147	17.00640
756.228	17.02710
758.308	16.99470
760.350	16.89880
762.410	17.07250
764.511	16.91000
766.574	16.99080
768.634	16.77260
770.673	16.96020
772.800	16.93760
774.839	16.92950
776.902	16.90620
778.941	16.94880
781.001	16.90000
783.043	17.00670
785.124	16.88870
787.163	16.78330
789.223	16.89720
791.283	16.87250
793.345	16.92030
795.405	16.91790
797.465	16.90330
799.525	16.89980
801.588	16.99160
803.648	16.98800
805.707	16.95870
807.747	17.00010
809.830	16.99400
811.869	16.80340
813.909	16.88800
815.951	17.10130
818.010	16.84840
820.050	16.84610
822.107	17.01040
824.165	16.94610
826.250	16.95720
828.310	17.05560
830.419	16.91680
832.502	16.99900
834.541	16.87640
836.563	16.99180
838.602	16.92910
840.644	16.90680
842.686	16.97110
844.725	17.06550
846.806	16.78980
848.866	17.01710
850.926	16.99250
852.968	17.00510
855.028	16.90490
857.067	16.84520
859.189	16.96530
861.233	16.86980
863.270	16.93130
865.350	16.95320
867.431	17.03280
869.509	17.00180
871.551	16.91580
873.611	16.80300
875.691	17.01240
877.733	17.18460
879.793	16.96310
881.832	16.91240
883.918	16.90550
885.957	16.89370
888.092	17.09130
890.201	16.88780
892.343	17.03490
894.383	16.94660
896.443	16.88550
898.482	16.99640
900.544	16.94090
902.584	16.99690
904.682	16.81140
906.745	16.90360
908.787	16.95630
910.826	16.91040
912.865	16.95380
914.933	17.10940
916.967	16.96900
919.086	16.87240
921.128	16.80170
923.188	16.82140
925.248	16.99460
927.329	16.95490
931.451	16.93300
933.511	16.94300
935.612	17.09170
937.652	17.00470
939.712	16.96230
941.774	16.83000
943.834	17.04150
945.933	17.06200
948.072	16.97560
950.194	16.93990
952.233	16.94960
954.255	16.98680
956.294	16.97960
958.336	16.89500
960.396	16.99630
962.476	16.96600
964.557	16.76620
966.578	16.95990
968.620	17.02190
970.680	16.87900
972.737	17.07260
974.839	16.95970
976.899	16.86780
978.920	17.11590
980.998	16.84510
983.081	16.89230
985.159	16.81970
987.221	17.03540
989.240	16.98310
991.323	16.95080
993.404	16.89780
995.484	17.05230
997.524	16.73820
999.584	16.76730
1001.646	16.96440
1003.665	16.98040
1005.745	17.01090
1007.890	16.90210
1009.966	16.98640
1011.995	17.00030
1014.075	16.89160
1016.135	17.19990
1018.174	16.89660
1020.214	17.03510
1022.297	16.95210
1024.316	17.03050
1026.396	16.99280
1028.456	17.05160
1030.477	16.96560
1032.599	16.89010
1034.639	17.00750
1036.678	16.96300
1038.717	16.93520
1040.777	16.90760
1042.860	16.89980
1044.900	16.98670
1046.960	16.94870
1048.999	16.94050
1051.020	16.78160
1053.060	16.85570
1055.125	17.01520
1057.205	16.97470
1059.265	17.01570
1061.307	16.95550
1063.367	16.86930
1065.455	16.94600
1069.614	16.93630
1071.676	17.00300
1073.816	17.13960
1075.896	16.85680
1077.977	16.95800
1080.058	16.95110
1082.097	16.98810
1084.157	16.95630
1086.237	16.93780
1088.318	16.89280
1090.401	16.95550
1092.461	16.91820
1094.500	16.95150
1096.601	16.97980
1098.682	17.04600
1100.762	16.81450
1102.843	16.94090
1104.903	17.09790
1106.984	16.91340
1111.044	16.87540
1113.086	16.93990
1115.146	16.85090
1117.227	16.88010
1119.325	17.07840
1121.385	16.97680
1123.424	16.87840
1125.492	17.06190
1127.624	17.09960
1129.715	16.95810
1131.795	16.96980
1133.835	16.94490
1135.936	16.85310
1137.978	16.82000
1140.017	16.90740
1142.056	17.04550
1144.078	16.91770
1146.120	16.87520
1148.180	16.83110
1150.260	17.04170
1152.302	16.93510
1154.362	16.98850
1156.401	17.03750
1158.461	16.99480
1160.483	16.92590
1162.563	16.93310
1164.682	16.90560
1166.724	16.93040
1168.764	16.93600
1170.803	16.98040
1172.845	17.02010
1174.905	16.89110
1176.944	17.05030
1179.027	16.88330
1181.067	16.94730
1183.126	16.88190
1185.166	16.95210
1187.208	17.03870
1189.293	16.80530
1191.356	16.81190
1193.434	17.09120
1195.476	16.97520
1197.515	16.80600
1199.616	16.88310
1201.676	16.99160
1203.718	16.89160
1205.757	16.88050
1207.817	16.90240
1209.857	16.88040
1211.958	17.16310
1213.997	16.87290
1216.039	16.81680
1218.120	16.85300
1220.162	16.95830
1222.180	17.08850
1224.261	16.86230
1226.341	16.83850
1228.363	16.87940
1230.423	16.88670
1232.524	16.85620
1234.622	16.94740
1236.682	17.08520
1238.745	16.78760
1240.805	17.07850
1242.844	17.00070
1244.966	16.89410
1247.046	16.94910
1249.088	16.60880
1251.148	16.96170
1253.190	16.92000
1255.271	16.98660
1257.351	16.78940
1259.393	17.09360
1261.412	17.02060
1263.472	16.92320
1265.514	16.82620
1267.553	17.10810
1269.592	16.88570
1271.632	17.00510
1273.653	17.02880
1275.695	16.88770
1277.714	16.68790
1279.753	17.09540
1281.875	16.80930
1283.935	16.95940
1285.974	16.84120
1288.057	17.08570
1290.117	16.87160
1292.156	17.00390
1294.257	16.94100
1296.299	16.83860
1298.419	16.89580
1300.499	16.88900
1302.559	16.85870
1304.681	16.95410
1306.779	17.06000
1308.839	16.95220
1310.961	16.80380
1313.116	16.93690
1317.257	16.91850
1319.299	16.92720
1321.379	16.90850
1323.418	17.03020
1325.458	16.92410
1327.518	16.90360
1329.560	16.83340
1331.620	16.98940
1333.659	17.05850
1335.719	16.99160
1337.761	16.77620
1339.821	16.94890
1343.902	16.96480
1345.923	17.01590
1347.963	16.80100
1350.043	16.75860
1352.106	16.80760
1354.145	17.06470
1356.184	16.97640
1358.226	17.01190
1360.307	16.87860
1362.346	16.90040
1364.385	17.03160
1366.448	17.00420
1368.487	16.96880
1370.527	16.82340
1372.620	16.93600
1374.662	17.04910
1376.761	16.99010
1378.802	16.99920
1380.842	16.87080
1382.881	16.84750
1384.964	17.03360
1387.024	16.93630
1389.084	17.01140
1391.144	16.86630
1393.186	16.93900
1395.246	16.98750
1397.285	16.84670
1399.386	16.96820
1401.428	17.03950
1403.547	16.89410
1405.587	16.89720
1407.649	16.92280
1409.709	17.03730
1411.746	16.88070
1413.788	16.98310
1415.871	16.97110
1417.910	17.08540
1419.991	16.96720
1422.030	16.92840
1424.072	16.96480
1426.153	16.94920
1428.213	16.81930
1430.293	16.90900
1432.369	16.82190
1434.436	17.07000
1436.597	16.87960
1438.656	16.80580
1440.758	16.92680
1442.797	16.78570
1444.839	16.84960
1446.878	16.95210
1448.899	16.99570
1450.980	17.05840
1453.022	16.89240
1455.061	16.95980
1457.162	16.85440
1459.222	16.92430
1461.285	16.91010
1463.324	16.94330
1465.405	16.98470
1467.506	16.82760
1469.545	16.96310
1471.605	17.00910
1473.624	16.89220
1475.704	16.94650
1477.744	16.97310
1479.845	16.94150
1481.925	16.87810
1484.068	16.94410
1486.107	16.75830
1488.213	16.82510
1490.273	16.92070
1492.349	16.90400
1494.388	16.88360
1496.510	16.91400
1498.549	17.03800
1500.568	16.94610
1502.648	16.93550
1504.713	16.94190
1506.794	16.95040
1508.849	17.03600
1510.914	17.03330
1512.974	16.80050
1515.034	16.80780
1517.094	17.04470
1519.174	16.98870
1521.193	16.94560
1523.232	16.89380
1525.354	17.08280
1527.393	16.92520
1529.453	16.93850
1531.518	16.97100
1533.578	16.80290
1535.638	16.91350
1539.717	16.83270
1541.756	17.02890
1543.837	16.91700
1545.897	16.87420
1547.977	17.02240
1550.053	16.77130
1552.149	16.91300
1554.209	16.92520
1556.289	16.87370
1558.411	16.99290
1560.471	16.86410
1562.531	17.03750
1564.611	16.87370
1566.656	16.98120
1568.695	16.94730
1570.776	17.10280
1572.836	16.85090
1574.916	16.89720
1576.935	17.07110
1578.995	16.83480
1581.117	17.04650
1583.176	16.93100
1585.216	16.86860
1587.260	17.05490
1589.300	16.95750
1591.360	17.05810
1593.419	16.92330
1595.500	16.93310
1597.581	16.84830
1599.620	16.91330
1601.680	16.91730
1603.760	16.98850
1605.846	16.92990
1607.932	16.86000
1609.992	16.96350
1612.052	16.94920
1616.171	16.97890
1618.252	16.81850
1620.312	17.07560
1622.356	16.86730
1624.411	16.88400
1626.492	17.00030
1628.536	16.78490
1630.596	17.04570
1632.636	16.97060
1634.670	16.93160
1636.694	16.86590
1638.774	16.76020
1640.839	16.92670
1642.879	16.88980
1644.918	16.92540
1647.040	16.97300
1649.079	17.06610
1651.139	16.95070
1653.219	16.93840
1655.259	16.80400
1657.303	16.89000
1659.399	16.89600
1661.459	17.02520
1663.499	16.82130
1665.661	17.03400
1667.608	17.01860
1669.668	16.87250
1671.713	16.91130
1673.747	16.81150
1675.791	16.93640
1677.851	17.00510
1679.911	16.94440
1681.971	16.97080
1684.010	16.88820
1686.034	16.97530
1688.074	16.95940
1690.154	16.88010
1692.199	16.98410
1694.279	17.07300
1696.355	16.92710
1698.399	16.89020
1700.438	17.01870
1702.457	16.89450
1704.496	16.85370
1706.577	16.94260
1708.678	16.91540
1710.759	16.81530
1712.839	16.90190
1714.899	16.93940
1716.959	16.85410
1719.019	17.02500
1721.063	16.94480
1723.123	16.89530
1725.183	16.97910
1727.223	16.81870
1729.314	17.09390
1731.353	16.76670
1733.413	16.92660
1735.514	16.93710
1737.553	17.03680
1739.598	16.97270
1741.694	16.90420
1743.774	16.94540
1745.819	16.92780
1747.858	16.88890
1749.897	16.85210
1751.937	16.77990
1754.022	16.82980
1756.082	16.92760
1758.184	16.91330
1760.243	16.93280
1762.283	16.96730
1764.322	16.90030
1766.382	16.86390
1768.421	16.90830
1770.523	16.88850
1772.562	16.86250
1774.601	16.97900
1776.666	17.00940
1778.700	16.87710
1780.745	16.87040
1782.805	16.96410
1784.844	17.06060
1786.925	16.97730
1789.005	17.01040
1791.045	17.02530
1793.105	16.77010
1795.165	16.91110
1797.224	16.87310
1799.269	16.84900
1801.308	16.90580
1803.348	16.83780
1805.428	16.87570
1807.509	16.85150
1809.527	16.87960
1811.551	16.87310
1813.606	16.96260
1815.671	17.02170
1817.711	17.03730
1819.750	17.02480
1821.789	16.89760
1823.849	16.88790
1825.930	16.85730
1827.990	16.88350
1830.029	16.89970
1832.053	17.05500
1834.102	16.91630
1836.142	16.75110
1838.207	16.90740
1840.267	16.94300
1842.404	16.88590
1844.449	16.98870
1846.508	16.96470
1848.527	16.94550
1850.608	17.05240
1852.683	16.91700
1854.722	16.90190
1856.808	16.89890
1858.827	16.76900
1860.928	16.87580
1862.967	16.93890
1865.027	16.96740
1867.128	16.98260
1869.168	16.91680
1871.248	16.88150
1873.308	17.05680
1875.409	16.94050
1877.428	16.96530
1879.493	16.83170
1881.533	17.04940
1883.603	16.88030
1885.642	16.85990
1887.661	16.94890
1889.741	16.91540
1891.781	16.84520
1893.815	16.95840
1895.911	16.80440
1897.997	17.00720
1900.036	16.92410
1902.096	17.03070
1904.197	16.91240
1906.257	17.02460
1908.404	16.88690
1910.464	16.90630
1912.524	16.95930
1914.564	16.86200
1916.587	16.98920
1918.606	16.97260
1920.656	16.87600
1922.736	16.99090
1924.796	16.86120
1926.820	16.88000
1928.875	16.84250
1930.940	16.95250
1933.015	16.87460
1935.081	16.78490
1937.161	16.96840
1939.200	16.79060
1941.286	16.86110
1943.279	16.86520
1945.318	16.94100
1947.342	16.96110
1949.382	16.93720
1951.421	16.95740
1953.460	16.85010
1955.505	16.90060
1957.560	16.75710
1959.620	16.94750
1961.664	17.05020
1963.755	16.85270
1965.815	16.92390
1967.875	17.01440
1969.976	16.84600
1972.098	16.92630
1974.158	16.96970
1976.223	16.90870
1978.277	16.93970
1980.358	16.95060
1982.423	16.96420
1984.462	16.79560
1986.502	16.90160
1988.541	16.96800
1990.591	16.98410
1992.635	16.89550
1994.716	16.91350
1996.796	17.01820
1998.877	16.84940
2000.957	16.94850
2003.017	16.95830
2005.098	17.05620
2007.183	16.96100
2009.202	16.84530
2011.278	16.80510
2013.317	16.91430
2015.377	16.79310
2017.421	16.93020
2019.461	16.85940
2021.562	17.00980
2023.617	16.89090
2025.774	16.92470
2029.879	16.99910
2031.939	16.91090
2034.019	16.96480
2036.038	17.06000
2038.139	16.85610
2040.179	16.80120
2044.278	16.92150
2046.358	16.93460
2048.418	16.96880
2050.442	16.89610
2052.518	16.90090
2054.562	16.96260
2056.622	16.84300
2058.723	16.97340
2060.762	16.91430
2062.843	16.86330
2064.903	17.01330
2066.922	16.74750
2069.002	16.87450
2071.042	16.82080
2073.101	16.94570
2075.161	16.86410
2077.206	16.94210
2079.302	16.93580
2081.362	16.86890
2083.422	16.75230
2085.502	16.98580
2087.562	16.87920
2089.638	16.74750
2091.754	17.03050
2093.835	17.01690
2095.895	16.88030
2097.934	17.00940
2100.035	16.93030
2102.116	16.90860
2104.134	16.90670
2106.194	16.84630
2108.295	16.90720
2110.355	16.93330
2112.420	16.94390
2114.480	16.89690
2116.556	16.96730
2118.657	16.97630
2120.717	16.80790
2122.782	17.06190
2124.842	16.87430
2126.881	16.89570
2128.900	16.88680
2130.919	16.95410
2132.979	16.74800
2135.023	16.88110
2137.083	16.95630
2139.122	16.84360
2141.162	16.98330
2143.227	16.83300
2145.266	17.08380
2147.362	16.92720
2149.438	16.93020
2151.477	16.90150
2153.485	16.92470
2155.586	16.87790
2157.646	16.95400
2159.706	16.77430
2161.746	17.01940
2163.811	16.89100
2165.850	16.91110
2167.889	16.95010
2169.929	16.85600
2171.989	16.96920
2174.028	16.92160
2176.073	16.75180
2178.112	16.99060
2180.172	16.96080
2182.232	16.93410
2184.292	16.88060
2186.331	16.93080
2188.355	16.95240
2190.394	16.80980
2192.454	17.03300
2194.514	16.97390
2196.553	17.09040
2198.675	16.83180
2200.715	16.97000
2202.857	17.00390
2204.896	16.87160
2206.941	17.06470
2209.021	16.80870
2211.102	16.92740
2213.141	16.89470
2215.180	17.00230
2217.307	16.96460
2219.367	16.94250
2221.448	16.85790
2223.513	16.81040
2225.532	16.86630
2227.612	16.89140
2229.651	17.03720
2231.711	16.85000
2233.771	16.97860
2235.790	16.98830
2237.871	17.00400
2239.910	16.92230
2241.954	17.04440
2244.014	16.97340
2246.085	16.77750
2248.114	17.00370
2250.153	16.93540
2252.234	16.92590
2254.273	16.96260
2256.333	16.91820
2258.434	16.96900
2260.473	16.95050
2262.518	16.93710
2264.598	16.90580
2266.735	16.91170
2268.749	16.82950
2270.814	16.87220
2272.910	17.02340
2275.011	16.97360
2277.051	16.98250
2279.111	16.91810
2281.155	16.84440
2283.215	16.93370
2285.254	16.92210
2287.335	16.96250
2289.374	16.95730
2291.419	16.99250
2293.473	17.01500
2295.554	17.06830
2297.598	16.84340
2299.674	16.90910
2301.718	16.77600
2303.778	16.93070
2305.838	16.91500
2307.898	16.79560
2309.938	16.98400
2311.982	16.87780
2314.021	16.88500
2316.097	16.89060
2318.177	17.04530
2320.242	16.89840
2322.282	16.89070
2324.321	16.94510
2326.381	16.83070
2328.461	16.96950
2332.561	16.77660
2334.646	16.78890
2336.727	16.82010
2338.787	16.96370
2342.866	16.84910
2344.905	16.96140
2346.970	16.99020
2349.009	16.85620
2351.074	16.88010
2353.109	16.87380
2355.148	17.06450
2357.208	16.85960
2359.268	16.94290
2361.348	16.89380
2363.388	16.89670
2365.448	16.95800
2367.508	16.94110
2369.552	16.90580
2371.612	16.89320
2373.693	16.81660
2375.773	16.99840
2377.833	16.93230
2379.893	16.85030
2381.917	16.80130
2383.936	16.87770
2386.016	16.98440
2388.117	16.88510
2390.198	16.84840
2392.253	16.85520
2394.364	17.02250
2396.383	16.91250
2398.504	17.04060
2400.570	16.89030
2402.645	16.95710
2404.689	16.95170
2406.785	17.00670
2408.851	16.79320
2410.910	16.85030
2412.970	16.80640
2415.072	16.79700
2417.152	16.92810
2419.191	16.98610
2421.231	16.86090
2423.291	16.87670
2425.382	16.96550
2427.436	16.86030
2429.532	16.98230
2431.577	17.01620
2433.637	16.87870
2435.697	16.68950
2437.736	16.99020
2439.817	16.85980
2441.897	16.91970
2443.936	17.00080
2445.996	16.98780
2450.157	16.89320
2452.197	17.01160
2454.236	16.79550
2456.296	16.92800
2458.387	17.06370
2460.467	16.98610
2462.569	16.86560
2464.628	16.88350
2466.647	17.00480
2468.707	17.05760
2470.726	16.88720
2472.770	16.90110
2474.810	16.90850
2476.890	16.95480
2478.930	16.80430
2481.031	17.00290
2483.049	16.82440
2485.115	16.94970
2487.154	17.08160
2489.214	17.02040
2491.336	17.01340
2493.375	16.93950
2495.414	16.73330
2497.454	16.84560
2499.513	16.99380
2501.594	16.88240
2503.633	16.91780
2505.698	16.97340
2507.779	17.02820
2509.818	16.86840
2511.878	16.96270
2513.959	16.87530
2516.019	17.07420
2518.058	16.97410
2520.103	16.88900
2522.142	17.15810
2524.181	16.77210
2526.221	16.90050
2528.239	16.88430
2530.304	16.95360
2532.385	16.96760
2534.424	16.91810
2536.525	17.04460
2538.585	16.91110
2540.625	16.82300
2542.664	17.05150
2544.703	16.91020
2546.727	16.91460
2548.808	16.80930
2550.847	16.92930
2552.907	17.03340
2554.946	16.93830
2556.970	16.87580
2559.030	16.79470
2561.090	16.95550
2563.145	16.91720
2565.189	16.92370
2567.275	16.94740
2569.423	16.99700
2571.483	16.90510
2573.548	17.03530
2575.633	16.79640
2577.714	16.93290
2579.758	16.86590
2581.834	16.96330
2583.894	16.94520
2586.015	16.92710
2588.039	17.07950
2590.115	16.94110
2592.159	16.93920
2594.219	16.92370
2596.258	16.75610
2598.282	17.03200
2600.322	16.83690
2602.361	17.09280
2604.431	16.84930
2608.536	16.93950
2610.575	17.11970
2612.635	16.70840
2614.695	16.93720
2616.775	16.94400
2618.835	16.93420
2620.875	16.77890
2622.919	16.83080
2624.938	16.94000
2627.024	16.89460
2629.125	17.01720
2631.185	16.92940
2633.306	17.01890
2635.382	16.84800
2637.447	16.86300
2639.486	16.86980
2641.567	17.03210
2643.627	16.96230
2645.666	17.07860
2647.726	16.84040
2649.806	16.78670
2651.866	16.85300
2653.926	16.85120
2655.950	16.95460
2658.010	16.82900
2660.049	16.87360
2662.171	16.94040
2664.231	16.90800
2666.291	16.97990
2668.330	16.96680
2670.349	17.02210
2672.430	16.93790
2674.495	16.88010
2676.514	16.91660
2678.609	17.01260
2680.654	17.02620
2682.693	16.82700
2684.784	16.90500
2686.823	16.94670
2688.873	16.88600
2691.021	16.95230
2693.081	16.98170
2695.104	16.69580
2697.164	16.89350
2699.204	16.95430
2701.264	16.94720
2703.324	17.03560
2705.363	16.82620
2707.485	16.99630
2709.545	16.85720
2711.605	16.87380
2713.644	16.92200
2715.704	16.96480
2717.769	17.04640
2719.849	16.82810
2721.930	17.00850
2723.990	16.91110
2726.050	17.03350
2728.110	16.83490
2730.190	16.92950
2732.250	16.90170
2734.310	16.83210
2736.370	16.90040
2738.451	17.03900
2740.490	16.98960
2742.529	16.85990
2744.574	16.88490
2746.654	16.94210
2748.755	16.91740
2750.774	17.01530
2752.865	16.77430
2754.925	16.85830
2757.000	16.97560
2759.060	16.82090
2761.100	16.81220
2763.139	16.88330
2765.163	17.05540
2767.223	17.01400
2769.319	16.93810
2771.363	16.91010
2773.423	16.97450
2775.504	16.87830
2777.564	16.97950
2779.603	17.00070
2781.663	16.87170
2783.744	17.06520
2785.783	17.10170
2787.827	16.89780
2789.903	17.02870
2791.988	16.81230
2794.048	16.85770
2796.124	16.97020
2798.168	17.00650
2800.269	16.94760
2802.309	16.78370
2804.348	16.88850
2806.413	16.67160
2808.473	16.95410
2810.559	16.94740
2812.598	17.01540
2814.637	16.97740
2816.687	16.85530
2818.742	16.90220
2820.822	16.94620
2822.903	16.95480
2824.942	17.04230
2826.982	16.89570
2829.062	16.86930
2831.122	16.90940
2833.167	16.95510
2835.226	17.02430
2837.302	16.88230
2839.346	16.98390
2841.386	16.91410
2843.466	17.05030
2845.547	16.98360
2847.586	16.98120
2849.646	16.80480
2851.706	16.88140
2853.766	16.95700
2855.831	16.84320
2857.891	16.93470
2859.987	17.05360
2862.031	17.04700
2864.133	16.87900
2866.172	17.05790
2868.211	16.89370
2870.271	16.92080
2872.310	16.80590
2874.422	16.98210
2876.461	16.99280
2880.561	16.83090
2882.600	16.90480
2884.665	16.97390
2886.745	16.84430
2888.785	16.81560
2890.845	16.89860
2892.863	17.04870
2894.903	16.85250
2896.947	16.99700
2898.987	16.91190
2901.026	16.94640
2903.086	16.95160
2905.187	16.85250
2907.237	17.02680
2909.286	16.86730
2911.326	16.88860
2913.406	16.99330
2915.430	16.85980
2917.505	16.96490
2919.529	16.97900
2921.610	16.99670
2923.665	16.87400
2925.766	17.02880
2927.944	16.89130
2929.911	16.93740
2931.992	16.96450
2934.031	16.95020
2936.112	17.02400
2938.151	16.88220
2940.211	16.91210
2942.271	16.83840
2944.331	17.04900
2946.417	17.08470
2948.471	16.89170
2950.516	16.94450
2952.576	16.87520
2954.615	16.88390
2956.634	16.91290
2958.715	16.86540
2960.759	16.87270
2962.840	16.93530
2964.920	16.95430
2966.975	17.04010
2969.019	16.82030
2971.059	17.01720
2973.144	16.92840
2975.163	16.92070
2977.280	16.86460
2979.324	16.90620
2981.400	16.98410
2983.439	17.02900
2985.499	17.02480
2987.564	17.00120
2989.660	17.06630
2991.740	16.86210
2993.806	16.93970
2995.845	16.97510
2997.900	16.89390
2999.903	17.12970
3001.963	16.94690
3004.007	17.02310
3006.047	16.90640
3008.122	16.89120
3010.244	16.95800
3012.304	16.93950
3014.348	17.06190
3016.393	16.89940
3018.509	17.03090
3020.549	16.94770
3022.588	16.95690
3024.648	17.02120
3026.692	16.81010
3028.711	17.03050
3030.792	16.74210
3032.810	16.88830
3034.891	16.91590
3036.972	16.96600
3039.052	16.85020
3041.133	16.89540
3043.172	16.99280
3045.211	16.98010
3047.256	16.92860
3049.367	16.96980
3051.391	16.84040
3053.451	16.79790
3055.598	16.89980
3057.653	16.90320
3059.698	16.88810
3061.716	16.92880
3063.776	17.10230
3065.842	16.97100
3067.881	16.93920
3069.941	17.03270
3071.975	16.71850
3073.994	16.98730
3076.074	16.80940
3078.119	16.87990
3080.179	17.07760
3082.218	16.83150
3084.299	16.97380
3086.338	16.91920
3088.418	16.85180
3090.484	16.93160
3092.523	16.95600
3094.583	16.89780
3096.643	16.95840
3098.661	16.96320
3100.721	17.08190
3102.823	16.95810
3104.903	16.78850
3106.942	16.93170
3109.007	16.96270
3111.083	16.91440
3113.127	16.95590
3115.167	16.83670
3117.304	16.95830
3119.343	16.94500
3121.424	16.84080
3123.525	16.90600
3125.585	16.83360
3127.624	16.89220
3129.684	16.73330
3131.744	16.89550
3133.804	16.93420
3135.848	17.04750
3137.908	17.06200
3139.989	16.90700
3142.028	16.91410
3144.088	16.90980
3146.148	17.00110
3148.187	16.86530
3150.268	17.03500
3152.369	16.81680
3154.408	16.93960
3156.432	16.81520
3158.492	16.96770
3160.552	16.92260
3162.612	16.92950
3164.672	16.84240
3166.732	17.01320
3168.813	16.95160
3170.873	16.91630
3172.953	16.89610
3175.013	16.84430
3177.083	16.88820
3179.164	16.85900
3181.224	17.00530
3183.263	17.01320
3185.385	16.72070
3187.424	16.90830
3189.463	16.89660
3191.487	16.92420
3193.527	16.85910
3195.566	16.83680
3197.611	17.00070
3199.650	16.88310
3201.720	16.92980
3203.821	17.00830
3205.881	16.98600
3207.926	16.92970
3209.965	16.98700
3212.046	16.92150
3214.105	16.78510
3216.145	16.89220
3218.164	16.91230
3220.223	16.99880
3222.309	16.94500
3224.348	16.85820
3226.388	16.93760
3228.484	16.89100
3230.487	16.97530
3232.568	16.94940
3234.648	17.01250
3236.718	16.90440
3238.799	17.03820
3240.838	16.87960
3242.862	17.01770
3244.938	16.89090
3246.982	16.94730
3249.063	16.96070
3253.203	16.91320
3255.242	16.77840
3257.297	16.96270
3259.342	16.87440
3261.386	16.99910
3263.446	16.90800
3265.521	17.01310
3267.602	16.98130
3269.683	16.96490
3271.742	16.83700
3273.782	16.94030
3275.821	16.74670
3277.860	16.98020
3279.905	16.93300
3282.001	16.92230
3284.102	16.98210
3286.147	16.90320
3288.186	16.99050
3290.256	16.95740
3292.337	16.95440
3294.376	16.99180
3296.472	17.00120
3298.573	16.88370
3300.612	16.89170
3302.652	16.76370
3304.712	17.03040
3306.813	16.91860
3308.873	16.98400
3310.953	17.06020
3313.013	16.96350
3315.032	16.90940
3317.097	16.88170
3319.136	16.91840
3321.176	16.93380
3323.215	16.96870
3325.275	17.02350
3327.335	16.98680
3329.436	17.06390
3331.496	16.82980
3333.556	16.89360
3335.601	16.95470
3337.676	16.77040
3339.720	17.00160
3341.739	16.95530
3343.778	17.08050
3345.880	16.82230
3347.919	17.02660
3350.036	17.06140
3352.080	16.92410
3354.119	16.89540
3356.179	16.89990
3358.219	16.90700
3360.258	16.80870
3362.333	16.86130
3364.373	16.97860
3366.433	17.02010
3368.472	16.79890
3370.573	16.98940
3372.633	17.06420
3374.775	17.01180
3376.835	16.87080
3378.875	16.96060
3380.935	16.88900
3382.974	16.87540
3385.013	16.86290
3387.053	16.95370
3391.198	16.90990
3393.217	16.84480
3395.297	17.06460
3397.357	17.09090
3399.397	16.98940
3401.457	16.81320
3403.481	17.01620
3405.520	16.91390
3407.559	16.95300
3411.725	16.97330
3413.801	16.72180
3415.876	16.93160
3417.957	16.84570
3420.037	16.93810
3422.056	16.97400
3424.116	16.88180
3426.140	17.10220
3428.179	17.02840
3430.224	16.87670
3432.325	16.93750
3434.364	16.91630
3436.403	17.01150
3438.422	16.90570
3440.529	16.92650
3442.527	16.91630
3444.607	16.93370
3446.667	16.82010
3448.727	16.92910
3450.787	16.86350
3452.868	16.92680
3454.927	16.89290
3456.972	17.03710
3459.032	17.10420
3461.112	16.90030
3463.172	17.05690
3465.212	17.11230
3467.272	16.96690
3469.352	16.91440
3471.428	17.04220
3473.508	16.90030
3475.589	16.88430
3477.654	16.89910
3479.672	17.00920
3481.712	16.97050
3483.792	16.85360
3485.832	16.89180
3487.912	16.98070
3489.977	16.87320
3492.011	16.79670
3494.077	16.93360
3496.157	16.89420
3498.176	16.89740
3500.313	16.90340
3502.358	16.78190
3504.454	16.97640
3506.498	16.88020
3508.599	17.06560
3510.659	16.99980
3512.719	16.86420
3514.758	16.93100
3516.839	16.92370
3518.858	16.98640
3520.943	16.79420
3523.003	17.03070
3525.043	16.94720
3527.082	16.85210
3529.162	16.88650
3531.222	16.78140
3533.262	17.13670
3535.342	16.97560
3537.407	16.78260
3539.447	17.07390
3541.486	16.90270
3543.546	16.95660
3545.590	17.01530
3547.645	16.97550
3549.705	16.89470
3551.744	16.84430
3553.846	16.92530
3555.926	17.00710
3557.986	16.95700
3560.067	16.96260
3562.106	16.94280
3564.187	16.95440
3566.246	16.91340
3568.332	16.93950
3570.392	16.89210
3572.431	16.93140
3574.512	16.83120
3576.572	16.99120
3578.611	16.94630
3580.651	16.98360
3582.674	16.87980
3584.750	16.84840
3588.875	17.02350
3590.914	16.94680
3592.974	16.96650
3595.034	17.00350
3597.073	16.91020
3599.133	16.95060
3601.219	16.98450
3603.264	16.84080
3605.323	16.96390
3607.363	17.02150
3609.402	16.81180
3611.426	16.99200
3613.522	16.98480
3615.566	16.95510
3617.642	17.00210
3619.686	17.07830
3621.767	16.95380
3623.786	17.04650
3625.866	16.90090
3627.905	16.96930
3630.007	16.97730
3632.025	16.90590
3634.127	16.88840
3636.186	16.93810
3638.241	16.90200
3640.384	16.88510
3642.443	16.82290
3644.539	16.71150
3646.584	16.93610
3648.701	16.81890
3650.745	16.96320
3652.784	17.03980
3654.839	16.97910
3656.915	16.85370
3658.974	16.95260
3661.055	16.86520
3663.100	16.95250
3665.159	16.90240
3667.219	16.96600
3671.401	16.89390
3673.461	17.02780
3675.521	17.04400
3677.560	17.00050
3679.641	16.96530
3681.732	16.95430
3683.740	16.82800
3685.779	16.86670
3687.824	16.87170
3689.904	16.91540
3691.964	16.92260
3694.024	17.02970
3696.064	16.94890
3698.124	16.93580
3700.225	16.94040
3702.264	16.84390
3704.309	16.83700
3706.405	16.79990
3708.464	17.08880
3710.566	17.07350
3712.646	16.92050
3714.727	16.83910
3716.787	16.86760
3718.950	16.98180
3721.030	16.97330
3723.111	16.92990
3725.191	16.77790
3727.230	16.98530
3729.270	16.92390
3731.350	16.91520
3733.410	16.95540
3735.470	16.92470
3737.510	16.88360
3739.570	16.99480
3741.614	16.91120
3743.674	16.99890
3745.791	16.94000
3747.835	16.89930
3749.874	16.86100
3751.914	16.84920
3753.974	16.96220
3755.992	17.02060
3758.073	16.94080
3760.133	16.93600
3762.193	16.89350
3764.237	16.82190
3766.277	16.82640
3768.331	16.91100
3770.407	17.00670
3772.487	16.79780
3774.547	17.03680
3776.607	16.92520
3778.688	16.88910
3780.748	16.77230
3782.869	16.81190
3784.929	16.80670
3786.969	17.07480
3789.013	16.78790
3791.073	17.01510
3793.133	17.09110
3795.172	16.86140
3797.232	16.91940
3799.272	16.95650
3801.388	16.93040
3803.428	16.90940
3805.472	16.86940
3807.532	16.87980
3809.571	16.79740
3811.631	16.88770
3813.691	16.72940
3815.710	16.85250
3817.790	16.86640
3819.850	16.89220
3821.895	17.05400
3823.955	16.98190
3826.015	16.99940
3828.033	16.90760
3830.114	16.99040
3832.231	16.94220
3834.296	16.98590
3836.314	16.83660
3838.374	16.97070
3840.434	16.92320
3842.474	16.91740
3844.498	16.90630
3846.557	17.09920
3848.617	16.85860
3850.677	17.00940
3852.737	16.90470
3854.756	16.85250
3856.800	17.02730
3858.855	16.92540
3860.936	16.89320
3863.022	16.88160
3865.102	17.04120
3867.157	16.84020
3869.181	16.99000
3871.282	16.98290
3873.342	16.93310
3875.381	16.92980
3877.503	16.84680
3879.542	16.93370
3881.582	17.02660
3883.662	16.90200
3885.707	17.02720
3887.746	17.06360
3889.785	16.96260
3891.902	16.94830
3893.936	17.03790
3895.980	16.91950
3898.046	16.98550
3900.085	16.89040
3902.165	16.86270
3904.246	16.84910
3906.327	16.95750
3908.366	16.91740
3910.405	16.95560
3912.486	17.03320
3914.525	17.00920
3916.564	16.89980
3918.624	16.83450
3920.648	16.97020
3922.688	16.97820
3924.706	16.75470
3926.766	17.06620
3928.811	16.86280
3930.871	16.94340
3932.951	16.88260
3935.011	16.97040
3937.050	16.95620
3939.110	16.91240
3941.150	16.94630
3943.205	16.77600
3945.280	16.92330
3947.324	16.90240
3949.451	16.91980
3951.516	16.98500
3953.576	17.02470
3955.667	16.95270
3957.779	16.92150
3959.802	16.88280
3961.857	16.95790
3963.938	16.80680
3965.957	16.98700
3968.016	16.95120
3970.056	16.94210
3972.136	17.02930
3974.196	16.84180
3976.236	17.03750
3978.260	17.02240
3980.340	16.83810
3982.359	16.98720
3984.424	16.97720
3986.463	16.87230
3988.523	16.94530
3990.562	16.70240
3992.597	16.95930
3994.646	16.96450
3996.727	16.98510
4000.826	16.95020
4002.907	17.10130
4004.967	16.81270
4006.990	16.87660
4009.030	16.90850
4011.126	16.89850
4013.191	16.89670
4015.266	16.93350
4017.388	16.96760
4019.448	16.87220
4021.503	16.93990
4023.542	16.94840
4025.602	16.99060
4027.703	16.96500
4029.784	16.96180
4031.844	16.94890
4033.883	16.88260
4035.922	16.84300
4037.982	16.92520
4040.022	16.87660
4044.147	17.11150
4046.186	16.86100
4048.246	17.03340
4050.326	16.95890
4052.366	16.93990
4054.426	16.99260
4056.486	16.92550
4058.546	16.81110
4060.590	16.88570
4062.609	16.98720
4064.627	16.78430
4066.667	16.99570
4068.778	16.87830
4070.838	16.85870
4072.975	16.91290
4075.056	17.03240
4077.157	16.88400
4079.217	16.93980
4081.236	16.76330
4083.254	16.86680
4085.335	16.79970
4087.379	16.93400
4089.470	16.90590
4091.510	16.84300
4093.631	16.91960
4095.671	16.98960
4097.736	16.89940
4099.775	17.07070
4101.892	16.86930
4103.952	17.04270
4105.976	16.83870
4108.015	16.86150
4110.059	16.91870
4112.140	16.76030
4114.215	16.95700
4116.296	16.93280
4118.340	16.96670
4120.400	16.85010
4122.496	16.89160
4124.556	16.85740
4126.616	17.04440
4128.717	16.90230
4130.818	16.78590
4132.920	16.96910
4134.959	16.96240
4137.096	16.83740
4139.135	16.95800
4141.154	16.84250
4143.193	16.83770
4145.238	16.99470
4147.318	16.90500
4149.420	16.95430
4151.505	16.85190
4153.545	16.96910
4155.584	16.87320
4157.665	16.92860
4159.704	16.94420
4161.743	16.95540
4163.783	16.98740
4165.842	16.84530
4167.923	16.92220
4170.024	16.95180
4172.063	16.90080
4174.087	16.86070
4176.168	16.87520
4178.248	16.78610
4180.329	16.93130
4182.368	17.01000
4184.408	16.90760
4186.488	16.92830
4188.528	17.06340
4190.567	17.02090
4192.627	17.04870
4194.728	16.83010
4196.772	17.03530
4198.791	16.98670
4200.851	16.81190
4202.890	16.94910
4206.990	16.91550
4209.029	16.88840
4211.074	17.08480
4213.113	16.91980
4215.157	16.99410
4217.274	16.80720
4219.354	16.91590
4221.414	16.78980
4223.479	16.99450
4225.519	16.97300
4227.558	16.87010
4229.598	16.93790
4231.657	16.81100
4233.697	16.93810
4235.736	16.88570
4237.781	16.93460
4239.861	16.89790
4241.921	16.88230
4243.960	16.85830
4246.041	16.97830
4248.080	16.85340
4250.161	16.79400
4252.226	17.04950
4254.245	16.86330
4256.356	16.98380
4258.401	16.99770
4260.461	16.78330
4262.500	16.89570
4264.519	16.87920
4266.579	16.83120
4268.638	16.88840
4270.704	16.87730
4272.743	17.00990
4274.839	16.86800
4276.940	17.08620
4279.021	17.14680
4281.080	16.94750
4283.146	17.04090
4285.180	16.87080
4287.219	16.94890
4289.279	16.83170
4291.324	16.87820
4293.383	17.09040
4295.449	16.85450
4297.529	16.90060
4299.568	16.92400
4301.628	16.95640
4303.688	17.06140
4305.748	16.89370
4307.829	16.98540
4309.930	17.02010
4312.010	16.99940
4314.029	16.86810
4316.105	17.04830
4318.273	16.83450
4320.291	16.92320
4322.392	16.94150
4324.473	16.92630
4326.533	16.99810
4328.614	17.00200
4330.653	17.02920
4332.713	16.94650
4334.793	16.89520
4336.874	16.92550
4338.954	16.96410
4340.999	16.87280
4343.038	16.99710
4345.098	16.93630
4347.117	17.00070
4349.177	16.85820
4351.278	16.86950
4353.400	17.02300
4355.460	16.86680
4357.540	16.80160
4359.621	16.86850
4361.639	17.02480
4363.679	16.90690
4365.764	16.95030
4367.804	16.96850
4369.843	16.97650
4371.949	16.98660
4374.071	16.93950
4376.110	16.98940
4378.212	16.88210
4380.251	17.09180
4382.311	16.89700
4384.355	16.86720
4386.431	16.94380
4388.511	16.84020
4390.571	16.88160
4392.631	17.02420
4394.696	16.96160
4396.715	17.04120
4398.754	17.12000
4400.794	16.85960
4402.854	16.87140
4404.934	17.03790
4407.040	16.95990
4409.080	17.00000
4411.119	16.99370
4413.184	16.93770
4415.239	16.79260
4417.299	17.06400
4419.338	16.98180
4421.419	16.97710
4423.463	16.97530
4425.503	17.00360
4427.583	16.89050
4429.643	16.97160
4431.662	16.88030
4433.701	17.09370
4435.741	17.18860
4437.800	16.84030
4439.845	16.99280
4441.905	16.99920
4443.944	16.89540
4445.963	16.89360
4447.982	17.01470
4450.042	17.08320
4452.102	17.03680
4454.146	16.96080
4456.206	16.85580
4458.230	16.97080
4460.269	16.94080
4462.309	16.96770
4464.368	17.11020
4466.434	17.12390
4468.493	17.00660
4470.533	16.98610
4472.572	16.91860
4474.653	16.98750
4476.692	17.03960
4478.793	16.94500
4480.833	16.88070
4482.934	16.96050
4484.994	16.96230
4487.095	16.92770
4489.155	17.02470
4491.256	16.97640
4493.357	17.10380
4495.376	17.01060
4497.436	17.11280
4499.537	17.00450
4501.576	16.84770
4503.636	17.17010
4505.717	17.08610
4507.776	16.99240
4509.821	17.01190
4511.860	16.90850
4513.900	16.97460
4515.939	17.14330
4517.983	16.87730
4520.043	17.00340
4522.103	16.92570
4524.122	16.95020
4526.167	17.08150
4528.263	16.96570
4530.322	17.21070
4532.362	16.97890
4534.386	17.00250
4536.466	17.07190
4538.485	16.85940
4540.545	16.94420
4542.646	16.89530
4544.711	16.89810
4546.730	16.97500
4548.810	17.20200
4550.906	17.03450
4552.946	16.96820
4555.057	17.00970
4557.127	16.96490
4559.218	17.08180
4561.278	16.91330
4563.338	16.92470
4565.377	17.03040
4567.401	17.10660
4569.477	17.01930
4571.501	16.97140
4573.581	17.07170
4575.662	16.90780
4577.742	16.85050
4579.802	16.94690
4581.862	16.98580
4583.901	16.99920
4586.003	17.03810
4588.042	17.07040
4590.081	16.98060
4592.105	16.97500
4594.181	16.97750
4596.282	16.95370
4598.326	16.96070
4600.407	16.87690
4602.487	16.91270
4604.527	17.08220
4606.566	16.97390
4608.605	17.05710
4610.629	17.07760
4612.679	16.91140
4614.739	16.90200
4616.860	17.10320
4618.900	16.97540
4620.960	16.98340
4622.999	17.08680
4625.080	17.06390
4627.103	16.98430
4629.220	17.08520
4631.265	16.85130
4633.345	17.00340
4635.420	16.85580
4637.465	16.93060
4639.566	16.94930
4643.665	17.03390
4645.730	16.86590
4647.790	17.05680
4649.850	17.06690
4651.890	16.95000
4653.929	17.07510
4655.968	16.91660
4658.049	16.93680
4660.171	16.99780
4662.210	17.01210
4664.290	17.06940
4666.330	16.98480
4668.410	16.98180
4670.470	16.91550
4672.571	17.03410
4674.611	17.10800
4676.732	17.09590
4678.772	16.88290
4680.847	17.03970
4682.907	17.03770
4684.926	16.95380
4686.986	16.96860
4689.051	16.93080
4691.090	17.01190
4693.191	16.93700
4695.231	17.00430
4697.311	16.97960
4699.366	17.02470
4701.411	16.99870
4703.470	16.94700
4705.494	16.89320
4707.647	16.95030
4711.823	17.07120
4713.868	16.99610
4715.907	17.03130
4717.947	17.02850
4720.007	17.00130
4722.051	16.90830
4724.168	16.85030
4726.253	17.10320
4728.334	17.01010
4730.373	16.95700
4732.510	17.04460
4734.575	16.79520
4736.615	16.87280
4738.701	17.07390
4740.745	17.04380
4742.784	17.04130
4744.824	17.15690
4746.884	16.98920
4748.969	16.95660
4753.110	16.87980
4755.170	16.88310
4757.271	17.02470
4759.331	16.92330
4761.370	16.91680
4763.430	16.94640
4765.511	17.08480
4767.571	17.04810
4769.594	16.83030
4771.675	17.23550
4773.714	16.95130
4775.754	17.06390
4777.855	16.95140
4779.951	17.15150
4782.036	16.94910
4786.156	17.01220
4788.216	16.98680
4790.276	17.06420
4792.357	16.94150
4794.396	16.96100
4796.456	17.10740
4798.521	16.94760
4800.566	16.91520
4802.625	16.90790
4804.665	17.17410
4806.704	16.91280
4808.723	16.94670
4810.783	16.88660
4812.863	16.99950
4814.903	16.83830
4816.947	16.98720
4819.028	17.00590
4821.046	16.88410
4823.127	17.01890
4825.187	17.10210
4827.226	17.03920
4829.266	17.03280
4831.362	16.91220
4833.406	17.05820
4835.466	17.07570
4837.526	17.03070
4839.565	17.03500
