Elapsed time [s]	Value [0,100]
0.000	28.68260
0.713	28.66090
2.775	28.47620
4.874	28.66130
8.955	28.53040
10.994	28.63820
13.034	28.58080
15.114	28.64300
17.195	28.53960
19.257	28.62880
21.338	28.50020
23.380	28.66730
25.440	28.55350
27.520	28.59700
29.621	28.54050
31.640	28.41330
33.682	28.59810
35.742	28.47620
37.781	28.61670
39.862	28.56420
41.901	28.55750
43.943	28.55320
46.031	28.42570
48.068	28.52510
50.151	28.47550
52.211	28.40650
54.299	28.51690
56.359	28.58310
58.422	28.69710
60.502	28.78810
62.562	28.77780
64.602	28.74420
68.724	28.78360
70.802	28.90040
72.844	28.78750
74.922	28.93820
79.003	28.81640
81.045	28.75100
83.084	28.97550
85.144	28.86500
87.207	28.90200
89.246	29.02320
91.327	28.81690
93.389	29.03890
95.408	28.82060
97.488	28.87100
99.569	28.93040
101.670	28.81350
103.689	29.04230
105.751	28.85260
107.832	28.80950
109.905	28.82140
111.985	28.87420
114.048	28.86750
116.110	28.84500
118.170	28.79760
120.251	28.88160
122.272	28.90750
124.332	28.90260
126.392	28.69820
128.444	28.85870
130.473	28.85280
132.574	28.85940
134.616	28.79430
136.656	28.94860
138.731	28.92770
140.811	28.87650
142.830	28.69340
144.931	28.79900
146.991	28.87940
149.110	28.95000
151.155	28.99530
153.192	28.78830
155.236	28.82250
157.294	28.87430
159.333	28.69030
161.393	28.73690
163.494	28.83620
165.613	28.80980
167.655	28.76060
169.715	28.89530
171.793	28.71400
173.835	28.87530
175.915	28.80610
177.975	28.82590
180.017	28.96120
182.157	28.84350
184.238	28.73260
186.256	28.82740
188.278	28.88860
190.337	28.83880
192.397	28.89370
194.478	28.74210
196.538	28.80130
198.598	28.95820
200.658	28.84140
202.679	28.87140
204.700	28.80080
206.740	28.78330
208.820	28.99540
210.862	28.82570
212.881	28.89920
214.923	28.76310
216.962	28.72610
219.004	28.87290
221.100	28.70210
223.142	28.81340
225.230	28.85040
227.329	28.75780
229.430	28.76930
231.531	28.71560
233.591	28.76380
235.651	28.87860
237.711	28.92400
239.822	28.90110
241.918	28.82340
243.989	28.81660
246.074	28.78260
248.126	28.88380
252.254	28.74040
254.337	28.85460
256.376	28.79200
258.436	28.78900
260.496	28.83460
262.577	28.82690
264.657	28.94630
266.697	28.90500
268.739	28.85700
270.819	28.79180
272.859	28.75680
274.918	28.93000
276.981	28.81070
279.020	28.87630
281.080	28.81860
283.199	28.68120
285.182	28.87340
287.242	28.69130
289.325	28.81350
291.424	28.88440
293.466	28.96760
295.526	28.82510
297.565	28.87460
299.645	28.85810
301.744	28.78520
305.825	28.76130
307.906	28.91390
309.966	28.72770
311.987	28.86560
314.047	28.79530
316.068	28.83830
318.149	28.84450
320.191	28.87600
322.230	28.88050
324.290	28.84480
326.371	28.76940
328.428	28.88800
330.490	28.83950
332.550	28.82820
334.613	28.63930
336.670	28.75420
338.730	28.77940
340.811	28.82220
342.873	28.70730
344.913	28.95720
346.972	28.82700
349.074	28.83050
351.195	28.94600
353.237	28.83570
355.277	28.81750
357.337	28.85880
359.368	28.75630
361.408	28.79740
363.467	28.89930
365.548	28.85610
367.629	28.79480
369.668	28.91660
371.710	28.84220
373.770	28.78900
375.830	28.91080
377.851	28.69090
379.872	28.97280
381.912	28.83060
383.933	28.68030
386.006	28.94170
388.048	28.80150
390.108	28.78680
392.147	28.77340
394.209	28.72520
396.231	28.83090
398.327	28.86920
400.369	28.83430
402.408	28.78870
404.450	28.86530
406.597	28.93470
410.846	28.75090
412.885	28.82210
414.968	28.78110
419.109	28.83190
421.169	28.90670
423.249	28.85780
425.309	28.79240
427.369	28.91900
429.411	28.67230
431.430	28.82010
433.472	28.84870
435.532	28.88100
437.571	28.77410
439.690	28.92850
441.812	28.85930
443.851	28.72310
445.932	28.82380
447.974	28.85090
449.992	28.96480
452.032	28.87980
454.112	28.89120
456.175	28.71360
458.294	28.87870
460.336	28.80410
462.455	28.86670
464.515	28.83410
466.596	28.82540
468.666	28.86230
470.816	28.77630
472.876	28.87450
474.977	28.81750
476.998	28.74930
479.061	28.94330
481.100	28.86830
483.178	28.84310
485.238	28.79040
487.321	28.55900
489.360	28.84060
491.420	28.74550
493.480	28.88930
495.561	28.86430
497.603	28.78290
499.683	28.91550
501.725	28.73570
503.806	28.93540
505.886	28.81630
507.908	28.94820
509.947	28.74740
512.007	28.85980
514.087	28.82250
516.147	28.71290
518.228	28.85360
520.308	28.85680
522.368	28.82470
524.470	28.85620
526.509	28.78410
528.569	28.70090
530.688	28.88740
532.727	28.87440
534.767	28.71810
536.788	28.85130
538.827	28.92930
540.849	28.66660
542.888	28.74530
544.948	28.77500
547.010	28.96490
549.052	28.91880
551.133	28.75310
553.211	28.75700
555.273	28.74370
557.354	28.80700
559.393	28.84200
561.435	28.82600
563.454	28.88730
565.534	28.68760
567.594	28.87990
569.636	28.83200
571.696	28.88070
573.735	28.77360
575.798	28.95020
577.837	28.85020
579.879	28.75110
581.975	28.80470
584.048	28.87620
586.108	28.80960
588.188	28.85470
590.269	28.77880
592.378	28.82220
594.438	28.68570
596.477	28.99530
598.540	28.73610
600.600	28.83830
602.680	28.76020
604.722	28.74780
606.782	28.80290
610.902	28.89130
612.944	28.75780
617.043	28.67360
619.103	28.79690
621.165	28.88950
623.264	28.81070
625.327	28.84730
627.371	28.89170
629.439	28.71870
631.468	28.82510
633.507	28.79240
635.546	28.83700
637.588	28.79180
639.648	28.74490
641.690	28.78750
643.732	28.91870
645.828	28.82090
647.909	28.80790
649.989	28.88270
652.119	28.76720
654.179	28.80620
656.259	28.72420
658.301	28.81010
660.361	28.71990
662.421	28.94490
664.481	28.79900
666.520	28.81460
668.562	28.85450
670.601	28.72250
672.641	28.76170
674.742	28.87240
676.784	28.73980
678.803	28.76300
680.883	28.67240
682.943	28.88850
684.964	28.69970
687.065	28.87760
689.087	28.59340
691.167	28.86870
693.209	28.86010
695.269	28.82000
697.329	28.79110
699.389	28.80060
701.470	28.84440
703.509	28.78180
705.638	28.89540
707.678	28.78610
709.738	28.70650
711.818	28.83390
713.860	28.82880
715.961	28.73340
718.001	28.77230
720.081	28.86230
722.144	28.87000
724.224	28.88360
726.243	28.86830
728.323	28.79980
730.404	28.81000
732.466	28.75490
734.526	28.68100
736.545	28.86050
738.646	28.74320
740.688	28.88180
742.748	28.85580
744.808	28.75740
746.847	28.86810
748.887	28.70070
750.949	28.89270
752.968	28.85060
755.051	28.80620
757.088	28.78740
759.148	28.79220
761.210	28.87660
763.250	28.89140
765.271	28.78650
767.349	28.73260
769.450	28.87310
771.510	28.80160
773.570	28.81780
775.692	28.72500
777.752	29.00300
779.814	28.99410
781.874	28.63930
783.934	28.80870
785.994	28.76750
788.033	28.80790
790.096	28.77070
792.135	28.80290
794.216	28.87290
796.276	28.76160
798.356	28.69480
800.437	28.90870
802.458	28.81650
804.536	28.76540
806.596	28.83300
808.638	28.78490
810.718	28.73190
812.799	28.72710
814.859	28.77440
816.898	28.72650
818.940	28.78520
821.000	28.83890
823.042	28.79020
825.102	28.86540
827.185	28.76310
829.278	28.72600
831.359	28.76610
833.460	28.86950
835.541	28.74990
837.559	28.88010
839.619	28.76220
841.682	28.79950
843.721	29.00930
845.760	28.79040
849.821	28.80370
851.863	28.87250
855.983	28.77570
858.045	28.84590
860.064	28.82250
862.142	28.80620
864.225	28.76570
866.285	28.72880
868.332	28.77710
870.384	28.90870
872.426	28.84290
874.466	28.88080
876.526	28.72890
878.565	28.73820
880.607	28.90020
882.687	28.80310
884.768	28.76790
886.851	28.92400
888.931	28.76460
891.053	28.68040
893.093	28.71660
895.155	28.89600
897.256	28.82280
899.316	28.76140
901.417	28.78480
903.459	28.91300
905.537	28.76610
907.600	28.86480
909.680	28.76760
911.740	28.86440
913.779	28.84570
915.842	28.74930
917.902	28.81630
919.941	28.82790
922.040	28.84890
924.061	28.82000
926.121	28.88340
928.184	28.74810
930.262	28.79400
932.324	28.80240
934.363	28.75980
936.423	28.82910
938.483	28.84500
940.525	28.77620
942.603	28.71350
944.704	28.87340
946.805	28.71720
948.873	28.81800
950.951	28.87740
952.993	28.82740
955.094	28.88580
957.131	28.70120
959.173	28.78660
961.253	28.93520
963.295	28.81460
965.355	28.79470
967.436	28.79850
971.535	28.91930
973.615	28.87220
975.696	28.84830
977.756	28.76620
979.777	28.81450
983.879	28.85890
985.918	28.95110
987.960	28.77600
990.059	28.89400
992.139	28.81350
994.202	28.77770
996.262	28.82350
998.342	28.90870
1000.382	28.74790
1002.442	28.81210
1004.489	28.83010
1006.523	28.89540
1008.616	28.78040
1010.756	28.73850
1012.855	28.78050
1014.917	28.86010
1017.000	28.77420
1019.042	28.80400
1021.123	28.74010
1023.201	28.80750
1025.284	28.86930
1027.323	28.76180
1029.383	28.84020
1031.443	28.74380
1033.524	28.98610
1035.566	28.77200
1037.605	28.80490
1039.688	28.75960
1041.766	28.92090
1043.867	28.73430
1045.948	28.85690
1048.008	28.81600
1050.070	28.81030
1052.130	28.76740
1054.190	28.72850
1056.229	28.82050
1058.289	28.84200
1060.349	28.73030
1062.412	28.77270
1064.430	28.90260
1066.493	28.83140
1068.535	28.86660
1070.574	28.77060
1072.616	28.80560
1074.676	28.68310
1076.715	28.75190
1078.737	28.77570
1080.779	28.85040
1082.818	28.86680
1084.857	28.75060
1086.879	28.76210
1088.897	28.87630
1090.957	28.86610
1093.017	28.80500
1097.098	28.92240
1099.192	28.77990
1101.275	28.86290
1103.296	28.73580
1105.374	28.76830
1107.455	28.82230
1109.556	28.81090
1111.616	28.77790
1113.637	28.82850
1115.676	28.85070
1117.780	28.78910
1119.838	28.71850
1121.859	28.79850
1123.919	28.80600
1125.958	28.85770
1128.041	28.89070
1130.173	28.77270
1134.298	28.76340
1136.397	28.83740
1140.499	28.74730
1142.559	28.80610
1144.619	28.84150
1146.699	28.80980
1148.780	28.87290
1150.819	28.86930
1152.902	28.75130
1154.941	28.87250
1157.022	28.82780
1161.083	28.74070
1163.143	28.91870
1165.182	28.78230
1167.224	28.77680
1169.263	28.72230
1171.323	28.79290
1173.404	28.82200
1175.464	28.79800
1177.523	28.93820
1179.645	28.90010
1181.705	28.70150
1183.765	28.79990
1185.866	28.82520
1187.985	28.84660
1190.066	28.74160
1192.108	28.82930
1196.217	28.83730
1198.298	28.72990
1200.340	28.83860
1202.359	28.88140
1204.419	28.79240
1206.460	28.81080
1208.479	28.85880
1210.521	28.83760
1212.589	28.73750
1214.672	28.89380
1216.711	28.81300
1218.792	28.81920
1220.831	28.79590
1222.945	28.74050
1225.023	28.91350
1227.124	28.80260
1229.184	28.88220
1231.265	28.73350
1233.307	28.81800
1235.387	28.68560
1237.426	28.87630
1239.486	28.83720
1241.587	28.78740
1243.627	28.76660
1245.728	28.84520
1249.853	28.83130
1251.967	28.85230
1254.027	28.81190
1256.048	28.77510
1258.067	28.86280
1260.148	28.85380
1262.207	28.76660
1264.267	28.83910
1266.330	28.80460
1268.369	28.75500
1270.429	28.74590
1272.450	28.86370
1274.510	28.79870
1276.591	28.78230
1278.630	28.86240
1280.752	28.88240
1282.851	28.95890
1284.872	28.85710
1286.911	28.77130
1288.971	28.88230
1291.013	28.83640
1293.032	28.80530
1295.133	28.69310
1297.193	28.87050
1299.273	28.97620
1301.315	28.82820
1303.357	28.85290
1305.397	28.74100
1307.449	28.74830
1309.529	28.75200
1311.651	28.91160
1313.747	28.88140
1315.771	28.70380
1317.810	28.81270
1319.850	28.89560
1321.892	28.87850
1323.931	28.80220
1325.991	28.84680
1328.051	28.93750
1330.113	28.80570
1332.153	28.84660
1334.192	28.93270
1336.262	28.65800
1338.304	28.90540
1340.405	28.89990
1342.445	28.75420
1344.546	28.76230
1346.585	28.95240
1348.725	28.85730
1350.767	28.96740
1352.868	28.63800
1354.928	28.86390
1356.967	28.87060
1359.027	28.81980
1361.069	28.82470
1363.170	28.70930
1365.220	28.79310
1367.282	28.90890
1369.342	28.86070
1371.459	28.98220
1373.596	28.87650
1375.635	28.72380
1377.698	28.86840
1379.745	28.86520
1381.797	28.91900
1383.878	28.76370
1385.979	28.78660
1388.039	28.88710
1390.099	28.81150
1394.200	28.83870
1396.302	28.71500
1398.341	28.93290
1400.414	28.77590
1402.443	28.68630
1404.505	28.83910
1406.565	28.87490
1408.623	28.88420
1410.685	28.83350
1412.745	28.86030
1414.784	28.72470
1416.865	28.81810
1418.904	28.78860
1420.964	28.74320
1423.024	28.84010
1425.107	28.77330
1427.203	28.91310
1429.340	28.86610
1431.421	28.86240
1435.577	28.78380
1437.637	28.80190
1439.679	28.88580
1441.718	28.70840
1443.799	28.79520
1445.879	28.75090
1447.918	28.84030
1449.960	28.77320
1452.000	28.69450
1454.039	28.91440
1456.081	28.86650
1458.120	28.77500
1460.142	28.88130
1462.207	28.81610
1464.287	28.85210
1466.368	28.87070
1468.448	28.82180
1470.488	28.85610
1472.527	28.84010
1474.571	28.93240
1476.611	28.80430
1478.671	28.63980
1480.751	28.88830
1482.791	28.90400
1484.845	28.76730
1486.910	28.73320
1489.022	28.78600
1491.082	28.84700
1493.101	28.83510
1495.145	28.81980
1497.205	28.79880
1499.244	28.81460
1501.284	28.76070
1505.404	28.80990
1507.463	28.94180
1509.487	28.82370
1511.547	28.86760
1513.587	28.72090
1515.647	28.87680
1517.727	28.81320
1519.787	28.79870
1521.826	28.80180
1523.989	28.61980
1526.049	28.81040
1528.109	28.89890
1530.169	28.64400
1532.188	28.79530
1534.227	28.95240
1536.308	28.89200
1538.388	28.89560
1540.448	28.88790
1542.472	28.90720
1544.511	28.76670
1546.602	28.77920
1548.673	28.66520
1550.732	28.87610
1552.772	28.74520
1554.811	28.87540
1556.871	28.77580
1558.926	28.88390
1560.955	28.91900
1562.994	28.70440
1565.034	28.67090
1567.094	28.81760
1569.174	28.85900
1571.219	28.76240
1573.278	28.78410
1575.318	28.89270
1577.398	28.90070
1579.438	28.82170
1581.554	28.79700
1583.594	28.75890
1585.741	28.79000
1587.801	28.84460
1589.861	28.78710
1593.960	28.78410
1596.041	28.85800
1598.085	28.86490
1600.125	28.80170
1602.185	28.78950
1604.281	28.76810
1606.366	28.85960
1608.390	28.76860
1610.512	28.92410
1612.572	28.95810
1614.673	28.90770
1616.733	28.66480
1618.772	28.82160
1620.811	28.83820
1622.871	28.79530
1624.931	28.87840
1626.976	28.75290
1629.056	28.76220
1631.116	28.82540
1633.176	28.86920
1635.236	28.75390
1637.317	28.77160
1639.377	28.89950
1641.478	28.84740
1643.558	28.88290
1645.639	28.87700
1647.678	28.95500
1649.697	28.76500
1651.716	28.79390
1653.796	28.84460
1655.841	28.83230
1657.942	28.75740
1660.002	28.83220
1662.124	28.73040
1664.204	28.86780
1666.223	28.83000
1668.288	28.80460
1670.322	28.85380
1672.413	28.76120
1674.473	28.84110
1676.533	28.95590
1678.593	28.72270
1680.653	28.74200
1682.707	28.85500
1684.736	28.90210
1686.796	28.77320
1688.836	28.85880
1690.896	28.80370
1692.914	28.84960
1694.954	28.81820
1697.014	28.69590
1699.074	28.85570
1701.118	28.82750
1703.178	28.76740
1705.279	28.79390
1707.319	28.81370
1709.358	28.77380
1711.418	28.77930
1713.478	28.71920
1715.579	28.94480
1717.598	28.86350
1719.678	28.86660
1721.743	28.70320
1723.783	28.88370
1725.863	28.83120
1727.933	28.84620
1730.034	28.87720
1732.094	28.77730
1734.154	28.80360
1736.214	28.82660
1738.295	28.71800
1740.355	28.77140
1742.394	28.89110
1744.495	28.72030
1746.555	28.89420
1748.615	28.78440
1750.685	28.72700
1752.699	28.88310
1754.795	28.95430
1756.875	28.96130
1758.941	28.83170
1761.000	28.77280
1763.060	28.76970
1765.100	28.80580
1767.180	28.79540
1769.220	28.89850
1771.238	28.78970
1773.319	28.90510
1775.363	28.85080
1777.403	28.90470
1779.463	28.88330
1781.502	28.74340
1783.562	28.84000
1785.642	28.84430
1787.702	28.74160
1789.742	28.85480
1791.786	28.82070
1793.831	28.69300
1795.865	28.78000
1797.925	28.78630
1799.985	28.94610
1802.024	28.73800
1804.105	28.94600
1806.165	28.78140
1808.209	28.83530
1812.288	28.76270
1814.389	28.85500
1816.428	28.82520
1818.468	28.81740
1820.538	28.81100
1822.572	28.95260
1824.611	28.90820
1826.671	28.78640
1828.752	28.68240
1830.812	28.91210
1832.933	28.84710
1834.952	28.77260
1837.012	28.80040
1839.036	28.93000
1841.096	28.80310
1843.156	28.76920
1845.175	28.88460
1847.235	28.85130
1849.331	28.74090
1851.401	28.81830
1853.528	28.80840
1855.567	28.75430
1857.606	28.85890
1859.666	28.89210
1861.711	28.85930
1863.791	28.80880
1865.892	28.85200
1867.952	28.80890
1870.012	28.84570
1874.076	28.76690
1876.094	28.99570
1878.170	28.76620
1880.214	28.88400
1882.253	28.80430
1884.313	28.64880
1886.373	28.73430
1888.428	28.85310
1890.514	28.75580
1892.538	28.88100
1894.577	28.95450
1896.658	28.81570
1898.718	28.91140
1900.736	28.78190
1902.837	28.75180
1904.897	28.72130
1906.937	28.91670
1908.997	28.83480
1911.093	28.90690
1913.230	28.82880
1915.249	28.85150
1917.308	28.82650
1919.348	28.88170
1921.428	28.74510
1923.493	28.81880
1925.574	28.89710
1927.665	28.76920
1929.694	28.86300
1931.733	28.75560
1933.814	28.84500
1935.832	28.92520
1937.934	28.86410
1940.014	28.80480
1942.074	28.75180
1948.259	28.93070
1950.298	28.75600
1952.317	28.85300
1954.398	28.92530
1956.442	28.77800
1958.481	28.79450
1960.541	28.90590
1962.637	28.84060
1964.697	28.75100
1966.757	28.70230
1968.838	28.85510
1970.934	28.79880
1973.019	28.97820
1975.079	28.92000
1977.119	28.82120
1979.168	28.72680
1981.228	28.75090
1983.268	28.82190
1985.328	28.92440
1987.408	28.74770
1989.468	28.82950
1991.549	28.78060
1993.609	28.72500
1995.632	28.81900
1997.672	28.82660
1999.690	28.72070
2001.730	28.87830
2003.795	28.85440
2005.855	28.87160
2007.874	28.73360
2009.954	28.87950
2012.035	28.79010
2014.095	28.82310
2016.175	28.78560
2018.214	28.94210
2020.274	28.75560
2022.355	28.75110
2024.394	28.81630
2026.459	28.76780
2028.586	28.84960
2030.605	28.79820
2032.649	28.72090
2034.735	28.75770
2036.780	28.75140
2038.840	28.80940
2040.879	28.87180
2042.959	28.80850
2044.999	28.81150
2047.018	28.77840
2049.098	28.83770
2051.137	28.75840
2053.197	28.81360
2055.262	28.75750
2057.358	28.74680
2059.439	28.95580
2061.519	28.74330
2063.564	28.78140
2065.583	28.92560
2067.643	28.70790
2069.703	28.91380
2071.742	28.84840
2073.822	28.85380
2075.841	28.79810
2077.865	28.81240
2079.904	28.79360
2082.006	28.74600
2084.086	28.86840
2086.125	28.89420
2088.185	28.78530
2092.382	28.90340
2094.463	28.76960
2096.523	28.75270
2098.562	28.86980
2100.602	28.79360
2102.662	28.86740
2104.721	28.72190
2106.766	28.85290
2108.826	28.85920
2110.886	28.95530
2112.925	28.71040
2115.026	28.84760
2117.086	28.77460
2121.247	28.89290
2123.307	28.85200
2125.326	28.94000
2127.350	28.81250
2129.410	28.83300
2131.470	28.79560
2133.509	28.86740
2135.569	28.89930
2137.650	28.87470
2139.689	28.88920
2141.733	28.82070
2143.809	28.71650
2145.869	28.87800
2147.965	28.69380
2150.009	28.75080
2152.049	28.94930
2154.129	28.91900
2156.210	28.87580
2158.249	28.71420
2160.309	28.67660
2162.369	28.94850
2164.429	28.79390
2166.530	28.69710
2168.569	28.81230
2170.650	28.92100
2172.705	28.97730
2174.749	28.93380
2176.794	28.74590
2178.833	28.70710
2180.913	28.81380
2182.973	28.80950
2185.013	28.89400
2187.078	28.83990
2189.199	28.86480
2191.244	28.73210
2193.314	28.91510
2195.354	28.79940
2197.455	28.73960
2199.515	28.82280
2201.559	28.83130
2203.598	28.90640
2205.658	28.80880
2207.739	28.72580
2209.835	28.84610
2211.879	28.71280
2213.986	28.81900
2216.030	28.78930
2218.049	28.78330
2220.068	28.86400
2222.148	28.90750
2224.229	28.87940
2226.273	28.79520
2228.292	28.93190
2230.372	28.69230
2232.412	28.75530
2234.513	28.81230
2236.552	28.73610
2238.592	28.91140
2242.711	28.77850
2244.792	28.78990
2246.898	28.80040
2248.953	28.81590
2251.034	28.78510
2253.094	28.83650
2255.117	28.87060
2257.198	28.80600
2259.258	28.87500
2261.318	28.85200
2265.397	28.83490
2267.456	28.63410
2269.496	28.71690
2271.581	28.88540
2273.683	28.76300
2275.722	28.81840
2277.802	28.83040
2279.888	28.79380
2281.948	28.86140
2284.008	28.92610
2286.047	28.68850
2288.066	28.74090
2290.111	28.78860
2292.191	28.78410
2294.272	28.69240
2296.332	28.94670
2298.392	28.88930
2300.436	28.85670
2302.470	28.79850
2304.510	28.85030
2306.570	28.87030
2308.629	28.89220
2310.751	28.92030
2312.796	28.70590
2314.850	28.80050
2316.895	28.87350
2318.955	28.82970
2321.015	28.89970
2323.095	28.83260
2325.155	28.69760
2327.215	28.88520
2329.296	28.82460
2331.397	28.80570
2333.467	28.72540
2335.527	28.89310
2337.587	28.80830
2339.626	28.92650
2341.707	28.83470
2343.762	28.77320
2345.770	28.75690
2347.851	28.82490
2349.911	28.77330
2351.950	28.82230
2354.010	28.76160
2356.070	28.90360
2360.174	28.86650
2362.214	28.88940
2364.310	28.79570
2366.369	28.70130
2368.414	28.94490
2370.515	28.72100
2372.554	28.78620
2374.614	28.73450
2376.674	28.67220
2378.755	28.93070
2380.846	28.99410
2382.875	28.87200
2384.919	28.86030
2386.959	28.71780
2388.977	28.87900
2391.037	28.86850
2393.077	28.86090
2395.157	28.83090
2397.238	28.87090
2399.308	28.66490
2401.347	28.85580
2403.397	28.83340
2405.441	28.75570
2407.512	28.90210
2409.525	28.72920
2411.564	28.82200
2413.624	28.88940
2415.705	28.74790
2417.744	28.78340
2419.804	28.75630
2421.885	28.77680
2423.945	28.91360
2425.984	28.84820
2428.044	28.82450
2430.125	28.75110
2432.184	28.81030
2434.203	28.90500
2436.284	28.96500
2438.328	28.78220
2440.388	28.74090
2442.448	28.85390
2444.560	28.84700
2446.640	28.84060
2448.679	28.79320
2450.719	28.70330
2452.763	28.80110
2454.864	28.91630
2456.904	28.74340
2458.948	28.91590
2460.988	28.71440
2463.006	28.84050
2465.046	28.85130
2467.106	28.89170
2469.171	28.72390
2471.267	28.88140
2473.332	28.91730
2475.350	28.81690
2477.431	28.86770
2479.511	28.73420
2481.551	28.87450
2483.611	28.75250
2485.671	28.78870
2487.772	28.74130
2489.811	28.92790
2491.871	28.82480
2493.936	28.73220
2495.996	28.84410
2498.072	28.93570
2500.116	28.83430
2502.155	28.66570
2504.195	28.78690
2506.234	28.82840
2508.278	28.74490
2510.338	28.80970
2512.419	28.88130
2514.500	28.78190
2516.539	28.80440
2518.599	28.82940
2520.700	28.80510
2522.739	28.64550
2524.799	28.83850
2526.839	28.74270
2528.919	28.79640
2530.979	28.80540
2533.080	28.81130
2535.161	28.82870
2537.200	28.81850
2539.244	28.78830
2541.304	28.87570
2543.323	28.88060
2545.404	28.76240
2547.464	28.93190
2549.503	28.80070
2551.584	28.74910
2553.664	28.80650
2555.724	28.71740
2557.784	28.94170
2559.844	28.80700
2561.904	28.84970
2563.948	28.78560
2565.967	28.70740
2568.006	28.76440
2570.087	28.78290
2572.229	28.79700
2574.289	28.93550
2576.370	28.79800
2578.409	28.87380
2580.510	28.82500
2582.570	28.81740
2584.651	28.82910
2586.669	28.94020
2588.791	28.80970
2592.870	28.78850
2594.894	28.90980
2596.933	28.70840
2598.993	28.91390
2601.053	28.77060
2603.154	28.83990
2605.250	28.94380
2607.320	28.69380
2609.380	28.73560
2611.440	28.76440
2613.474	28.81870
2615.534	28.79580
2617.558	28.71620
2619.618	28.71020
2621.657	28.90430
2623.697	28.89590
2625.736	28.78380
2627.775	28.87920
2629.856	28.83920
2631.978	28.80060
2634.099	28.73040
2636.139	28.80370
2638.178	28.90980
2642.277	28.72770
2644.358	28.78930
2646.402	28.80060
2648.462	28.87130
2650.527	28.89850
2652.582	28.78880
2654.611	28.77150
2656.640	28.83930
2658.700	28.82440
2660.801	28.88620
2664.926	28.73900
2666.986	28.86390
2669.062	28.68520
2671.086	28.89720
2673.125	28.87060
2675.164	28.74250
2677.204	28.78390
2679.264	28.80740
2681.308	28.74200
2683.394	28.81940
2685.428	28.79930
2687.498	28.77380
2689.599	28.79790
2691.716	28.92760
2693.776	28.78550
2695.815	28.86530
2697.860	28.79950
2699.920	28.81390
2702.000	28.85200
2704.039	28.79150
2706.099	28.89770
2708.139	28.78610
2710.178	28.76890
2712.223	28.91160
2714.282	28.89830
2716.322	28.80710
2718.413	28.82370
2720.452	28.70770
2722.512	28.81140
2724.592	28.75040
2726.637	28.75350
2728.676	28.77350
2730.736	28.84890
2732.776	28.78070
2734.856	28.72790
2736.901	28.92320
2738.960	28.84660
2741.020	28.88910
2743.137	28.84120
2747.236	28.87860
2749.281	28.91110
2751.320	28.85380
2753.395	28.84080
2755.491	28.76570
2757.510	28.83440
2759.570	28.77550
2761.630	28.86100
2763.726	28.76930
2765.786	28.89600
2767.830	28.99780
2769.870	28.82330
2771.971	28.77020
2774.010	28.73010
2776.050	28.76620
2778.110	28.83410
2780.170	28.68370
2782.214	28.85760
2784.274	28.72830
2786.313	28.82210
2788.394	28.81570
2790.490	28.79170
2792.575	28.96250
2794.651	28.91070
2796.716	28.92980
2798.796	28.83380
2800.836	28.80410
2802.875	28.73480
2804.915	28.82620
2806.954	28.86280
2809.029	28.82750
2811.146	28.77380
2813.206	28.81490
2815.286	28.75520
2817.346	28.83560
2819.386	28.79650
2821.425	28.77760
2823.449	28.86240
2825.488	28.88940
2827.564	28.84870
2829.644	28.81000
2831.683	28.84250
2833.723	28.83240
2835.783	28.78000
2837.843	28.79710
2839.861	28.90930
2841.906	28.81010
2844.002	28.90750
2846.062	28.93100
2848.106	28.71190
2850.171	28.84340
2852.303	28.73450
2854.353	28.82530
2856.367	28.78620
2858.427	28.92190
2860.507	28.87470
2862.546	28.94210
2864.586	28.86550
2866.671	28.88090
2868.731	28.86740
2870.771	28.77430
2872.851	28.73580
2874.957	28.87130
2877.002	28.88080
2879.041	28.75180
2881.101	28.74240
2883.182	28.82840
2885.242	28.74500
2887.302	29.00000
2889.382	28.93200
2891.442	28.85020
2893.543	28.89990
2895.583	28.77370
2897.622	28.77780
2899.666	28.87960
2901.706	28.79710
2903.750	28.83010
2907.824	28.85880
2909.868	28.81390
2911.887	28.84480
2913.968	28.81470
2916.048	28.86510
2918.087	28.87480
2920.168	28.89690
2922.248	28.91330
2924.288	28.71820
2926.348	29.01190
2928.408	28.79100
2930.468	28.89230
2932.512	28.75620
2934.572	28.87200
2936.653	28.78190
2938.692	28.92910
2940.793	28.71060
2942.874	28.73080
2944.892	28.81060
2946.932	28.74070
2948.971	28.78150
2951.052	28.74730
2953.132	28.70700
2955.171	28.85950
2957.237	28.78910
2959.322	28.75220
2961.356	28.77310
2963.396	28.87570
2965.476	28.85110
2967.521	28.83820
2969.576	28.78050
2971.641	28.96200
2973.701	28.81690
2975.781	28.70400
2977.820	28.86190
2979.942	28.78450
2981.961	28.83870
2984.021	28.89420
2986.065	28.77140
2988.182	28.94130
2990.226	28.95230
2992.333	28.79740
2994.372	28.81040
2996.463	28.87030
2998.507	28.72980
3000.567	28.88020
3002.668	28.84110
3004.728	28.74520
3006.768	28.93680
3008.812	28.76020
3010.888	28.85520
3012.953	28.73530
3014.992	28.90670
3017.067	28.75080
3019.091	28.71300
3021.151	28.80240
3023.191	28.85930
3025.312	28.81210
3027.393	28.80630
3029.453	28.76940
3031.492	28.87830
3033.552	28.69460
3035.591	28.84990
3037.631	28.91580
3039.711	28.77540
3041.756	28.91840
3043.883	28.79580
3045.963	28.88460
3047.982	28.80980
3050.073	28.75020
3052.117	28.87090
3054.254	28.98750
3056.294	28.67390
3058.354	28.83030
3060.414	28.79120
3062.453	28.89790
3064.533	28.78200
3066.599	28.83440
3068.617	28.75620
3070.698	28.84320
3072.758	28.68990
3074.797	29.04710
3076.816	28.90530
3078.860	28.85170
3080.900	28.62810
3082.960	28.79510
3085.061	28.87920
3087.100	28.68170
3089.139	28.76110
3091.199	28.95960
3093.280	28.90320
3095.304	28.91970
3097.343	28.68010
3099.424	28.75650
3101.504	28.76720
3103.564	28.83730
3105.603	28.82240
3107.643	28.80260
3109.703	28.86110
3113.843	28.80900
3115.924	28.81760
3117.968	28.69310
3119.987	28.83230
3122.067	28.84530
3126.146	28.83530
3128.185	28.93990
3130.266	28.71090
3132.331	28.89210
3134.370	28.75570
3136.410	28.86020
3138.449	28.76480
3140.488	28.86440
3142.548	28.83340
3144.608	28.73170
3146.653	28.76960
3148.692	28.93740
3150.732	28.88020
3152.791	28.81830
3154.851	28.80260
3156.870	28.82970
3159.007	28.82200
3161.052	28.85170
3163.148	28.86200
3165.192	28.79660
3167.309	28.73570
3169.395	28.90170
3171.454	28.81660
3173.494	28.84950
3175.595	28.74330
3177.675	28.76890
3179.735	28.82580
3181.775	28.92080
3183.876	28.79620
3185.895	28.87570
3187.934	28.77780
3189.984	28.65330
3192.038	28.87060
3194.098	28.85960
3196.158	28.87490
3198.198	28.72100
3200.319	28.92330
3202.420	28.81330
3204.501	28.78920
3206.561	28.78250
3208.641	28.74050
3210.681	28.89820
3212.741	28.85400
3214.821	28.77700
3216.861	28.82180
3218.921	28.80780
3221.017	28.83290
3223.082	28.86450
3225.167	28.82340
3227.243	28.77200
3229.303	28.76760
3231.347	28.84760
3233.423	28.91170
3235.513	28.74190
3237.594	28.64110
3239.680	28.91220
3241.739	28.83910
3243.799	28.83190
3245.839	28.80450
3247.919	28.80010
3249.979	28.74300
3251.998	28.86980
3254.058	28.80540
3256.138	28.73260
3258.162	28.78660
3260.222	28.80770
3262.262	28.91060
3264.363	28.82650
3266.423	28.82260
3268.524	28.77350
3270.563	28.85360
3272.623	28.82200
3274.683	28.77300
3276.743	28.72740
3278.808	28.81890
3280.868	28.75470
3282.907	28.75140
3284.988	28.99220
3287.068	28.88530
3289.149	28.71400
3291.188	28.80410
3293.253	28.74940
3295.334	28.63820
3297.358	28.83800
3299.397	28.79220
3301.436	28.76790
3303.496	28.64220
3305.577	28.84230
3307.616	28.88490
3309.640	28.80890
3311.716	28.87160
3313.760	28.78760
3317.916	28.85140
3319.960	28.82490
3321.979	28.87010
3324.080	28.88720
3326.120	28.63270
3328.144	28.81150
3330.224	28.86360
3332.294	28.87740
3334.375	28.78700
3336.435	28.84470
3338.515	28.75110
3340.575	28.89480
3342.599	28.73340
3344.659	28.80800
3346.698	28.80100
3348.758	28.96150
3350.818	28.81490
3352.919	28.86240
3354.979	28.77140
3357.060	28.74190
3359.120	28.86170
3361.180	28.76150
3363.224	28.85880
3365.300	28.92300
3367.360	28.74880
3369.383	28.85030
3371.464	28.74470
3373.545	28.76340
3375.604	28.78300
3377.644	28.88780
3379.704	28.74990
3381.784	28.74410
3383.844	28.84560
3385.884	28.78070
3387.907	28.83510
3389.947	28.84660
3392.007	28.85650
3394.051	28.80810
3396.127	28.65510
3398.187	28.87130
3400.308	28.81750
3402.368	28.71530
3404.408	28.73920
3406.426	28.88090
3408.486	28.86750
3410.567	28.75120
3412.591	28.79900
3414.609	28.73470
3416.649	28.79370
3418.688	28.85790
3420.743	28.81930
3422.803	28.80430
3424.863	28.75650
3426.902	28.73600
3428.962	28.85820
3431.001	28.76960
3433.066	28.71040
3435.106	29.01540
3437.145	28.85260
3439.226	28.69200
3441.286	28.77470
3443.325	28.79650
3445.369	28.94470
3447.429	28.85210
3449.469	28.74440
3451.529	28.84190
3453.630	28.86420
3455.690	28.77360
3457.770	28.85670
3459.830	28.86530
3461.869	28.70580
3463.929	28.72590
3465.969	28.82120
3468.018	28.83230
3470.099	28.65960
3472.143	28.71550
3474.260	28.80370
3476.325	28.78440
3478.364	28.88210
3480.404	28.80050
3482.443	28.74820
3484.503	28.88460
3486.542	28.83970
3488.597	28.68710
3490.719	28.87090
3492.779	28.79170
3494.823	28.74640
3496.863	28.80440
3498.964	28.65640
3501.003	28.99470
3503.084	28.86370
3505.144	28.84010
3507.204	28.83210
3509.263	28.82060
3511.323	28.84910
3513.368	28.81300
3515.407	28.87410
3517.483	28.85030
3519.527	28.78800
3521.566	28.86120
3523.688	28.92790
3525.769	28.74390
3527.808	28.83330
3529.873	28.78510
3531.969	28.85600
3534.008	28.78080
3536.068	28.77060
3538.092	28.74850
3540.173	28.64700
3542.253	29.01390
3544.313	28.80310
3546.353	28.77340
3548.433	28.81850
3550.472	29.01310
3552.496	28.77570
3554.572	28.84710
3556.637	28.88750
3558.656	28.74840
3560.716	28.83880
3562.775	28.86900
3564.815	28.77400
3566.875	28.83590
3568.935	28.91490
3570.979	28.77620
3573.018	28.74990
3575.078	28.87690
3577.118	28.82400
3579.157	28.80030
3581.217	28.78850
3583.298	28.81250
3585.321	28.83150
3587.340	28.79590
3589.380	28.79200
3591.460	28.90920
3593.530	28.84360
3595.637	28.95280
3597.702	28.81370
3599.803	28.78940
3601.863	28.83640
3603.902	28.89670
3605.962	28.84940
3608.022	28.95320
3610.061	28.99170
3612.121	28.74310
3614.202	28.85090
3616.262	28.91440
3618.322	28.78520
3620.382	28.81510
3622.467	28.74350
3624.568	28.83230
3626.628	28.83640
3628.709	28.72810
3630.728	28.77280
3632.767	28.83660
3634.806	28.76800
3636.866	28.91330
3638.926	28.75170
3640.965	28.81090
3643.025	28.74550
3645.070	28.90910
3647.089	28.81750
3649.252	28.85840
3651.275	28.70710
3653.335	28.85190
3655.421	28.85770
3657.517	28.91470
3659.598	28.79690
3661.637	28.80690
3663.717	28.90590
3665.798	28.83010
3669.861	28.71790
3671.962	28.81860
3674.002	28.79130
3676.118	28.90670
3678.183	28.78300
3680.202	28.89070
3682.283	28.77170
3684.322	28.85410
3686.361	28.75190
3688.401	28.75890
3690.461	28.81660
3692.562	28.78870
3694.622	28.68830
3696.702	28.72460
3698.772	28.76820
3700.812	28.99240
3702.892	28.76360
3704.932	28.74080
3706.971	29.00620
3709.129	28.84820
3711.235	28.75340
3713.336	28.83940
3715.381	28.84670
3717.518	28.78650
3719.573	28.85210
3721.674	28.83290
3723.739	28.99280
3725.799	28.70530
3727.818	28.74770
3729.898	28.89440
3731.958	28.86680
3733.982	28.77690
3736.021	28.87080
3738.081	28.82490
3740.141	28.72590
3742.160	28.86080
3744.199	28.73430
3746.280	28.77480
3748.304	28.82240
3750.394	28.81010
3752.454	28.91970
3754.514	28.76580
3756.554	28.94790
3758.614	28.82270
3760.715	28.65130
3762.775	28.76360
3764.819	28.70420
3766.895	28.84070
3768.980	28.78870
3771.040	28.86980
3773.126	28.78320
3775.160	28.84040
3777.271	28.73370
3779.347	28.80530
3781.371	28.82480
3783.436	28.77390
3785.475	28.84990
3787.556	28.81920
3789.657	28.91270
3791.737	28.67070
3793.777	28.84170
3795.816	28.75980
3797.855	28.77140
3799.874	28.79250
3801.919	28.71000
3803.937	28.74300
3805.997	28.85820
3808.037	28.84430
3810.117	28.91570
3812.157	28.88330
3814.196	28.77790
3816.240	28.80680
3818.300	28.77630
3820.360	28.85460
3822.461	28.68380
3824.521	28.83260
3826.622	28.78970
3828.688	28.77180
3830.706	28.69150
3832.787	28.82920
3834.831	28.89130
3838.972	28.80970
3841.011	28.82720
3843.050	28.86160
3847.217	28.80780
3849.277	28.77060
3851.321	28.81200
3853.402	28.72890
3855.482	28.82070
3857.501	28.69080
3859.561	28.89100
3861.621	28.79750
3863.681	28.82820
3865.761	28.71920
3867.862	28.89190
3869.922	28.76320
3872.023	28.77950
3876.190	28.80690
3878.244	28.75150
3880.304	28.81820
3882.344	28.73120
3884.388	28.77230
3886.464	28.76510
3888.529	28.96410
3890.568	28.79390
3892.638	28.87340
3894.667	28.91380
3896.753	28.84430
3898.808	28.83000
3900.826	28.75290
3902.897	28.86600
3904.998	28.65090
3907.037	28.84950
3911.239	28.87900
3913.299	28.76930
3915.359	28.87450
3917.440	28.86630
3919.505	28.85530
3921.575	28.89100
3923.635	28.89760
3925.664	28.79980
3927.724	28.75970
3929.784	28.81090
3931.823	28.88470
3933.883	28.85740
3935.923	28.77990
3938.003	28.77070
3940.048	28.67460
3942.087	28.90270
3944.106	28.82850
3946.166	28.76740
3948.226	28.79350
3950.244	28.65750
3952.345	28.70270
3954.426	28.90550
3956.507	28.67380
3958.567	28.95650
3960.647	28.73890
3962.707	28.85760
3964.849	28.71900
3966.894	28.70470
3968.907	28.96650
3970.926	28.74100
3972.986	28.77000
3975.051	28.80810
3977.090	28.80320
3979.171	28.88840
3981.231	28.78670
3983.270	28.83980
3985.341	28.88490
3987.421	28.76190
3989.502	28.82270
3991.541	28.88810
3993.642	28.81800
3995.666	28.65870
3997.747	28.68210
3999.806	28.86250
4001.846	28.95430
4003.885	28.90100
4005.924	28.82190
4007.984	28.66540
4010.086	28.80600
4012.156	28.77900
4014.216	28.68650
4016.296	28.90470
4018.346	28.74320
4020.426	28.75270
4022.466	28.79390
4024.505	28.83100
4026.565	28.74480
4028.630	28.79260
4030.726	28.71310
4032.791	28.80790
4036.875	28.82500
4038.889	28.75270
4040.907	28.84050
4042.931	28.76480
4044.950	28.83390
4049.111	28.93240
4051.171	28.80020
4053.231	28.73330
4057.392	28.82620
4059.550	28.78950
4061.574	28.81870
4063.654	28.84320
4065.735	28.82100
4067.774	28.80370
4069.865	28.67810
4071.945	28.70800
4073.985	28.80310
4076.045	28.91430
4078.105	28.77180
4080.123	28.85030
4082.163	28.78190
4084.207	28.93620
4086.267	28.79620
4088.306	28.80180
4090.325	28.79620
4092.385	28.77390
4094.445	28.80380
4096.490	28.73870
4098.508	28.85940
4100.558	28.70430
4102.613	28.77870
4104.668	28.85680
4106.707	28.76610
4108.767	28.86790
4110.816	28.85930
4112.871	28.81200
4114.911	28.78350
4116.991	28.96720
4119.036	28.70490
4121.075	28.78780
4123.114	28.82870
4125.174	28.85430
4127.214	28.88390
4129.279	28.71220
4133.471	28.89220
4137.652	28.84270
4139.692	28.81430
4141.731	28.82670
4143.811	28.85550
4145.933	28.77240
4147.993	28.85500
4150.053	28.82450
4152.082	28.70280
4154.111	28.79040
4156.156	28.93100
4158.195	28.81660
4160.234	28.82940
4162.315	28.80640
4164.375	28.85430
4166.394	28.76340
4168.433	28.78090
4170.508	28.82920
4172.609	28.82340
4174.628	28.74130
4176.709	28.77780
4178.789	28.85610
4180.808	28.76920
4182.873	28.75720
4187.050	28.81370
4189.151	28.75760
4191.231	28.90600
4193.276	28.86710
4195.294	28.70610
4197.380	28.79050
4199.440	28.78030
4201.541	28.82830
4203.642	28.80140
4205.682	28.73090
4207.721	28.85840
4209.781	28.89690
4211.841	28.74590
4213.901	28.75740
4215.986	28.65720
4218.026	28.82250
4220.065	28.78430
4222.146	28.88010
4224.226	28.79270
4226.286	28.76300
4228.325	28.88190
4230.385	28.78270
4232.466	28.82740
4234.485	28.82210
4236.565	28.77080
4238.630	28.76350
4240.649	28.83660
4244.728	28.89660
4246.808	28.88020
4248.848	28.76480
4250.938	28.89880
4253.050	28.64880
4255.130	28.75720
4257.252	28.76790
4259.312	28.81400
4261.367	28.88600
4263.391	28.80230
4265.430	28.84030
4267.449	28.71370
4269.493	29.13360
4271.553	28.76140
4273.634	28.81040
4275.714	28.76080
4277.774	28.78110
4279.793	28.75170
4281.874	28.90430
4283.933	28.74750
4285.993	28.75050
4288.033	28.85210
4290.093	28.87840
4292.173	28.72440
4294.233	28.74360
4296.273	28.76670
4298.358	28.80540
4300.398	28.91910
4302.437	28.78490
4304.476	28.85280
4306.495	28.72370
4308.575	28.70490
4310.656	28.87820
4312.700	28.81520
4314.760	28.86600
4316.862	28.87830
4318.942	28.83850
4321.002	28.78380
4323.041	28.93770
4325.101	28.80640
4327.166	28.78510
4329.226	28.79500
4331.261	28.76610
4333.326	28.71310
4335.427	28.82080
4337.466	28.87170
4339.505	28.73580
4341.565	28.85690
4343.605	28.77480
4345.665	28.91050
4347.725	28.78960
4349.769	28.66860
4351.824	28.72860
4353.884	28.74320
4355.908	28.71460
4357.988	28.94050
4360.069	28.82100
4362.087	28.80680
4364.163	28.83620
4366.243	28.76770
4368.283	28.79550
4370.348	28.80620
4372.408	28.99580
4374.488	28.84330
4376.564	28.79040
4378.624	28.87650
4380.684	28.82760
4382.743	28.86390
4386.869	28.78630
4388.970	28.88120
4390.988	28.91290
4393.069	28.77060
4395.108	28.74670
4397.168	28.88350
4401.309	28.88750
4403.353	28.83990
4405.392	28.74100
4407.411	28.76160
4409.538	28.69650
4411.577	28.81450
4413.617	28.85480
4415.697	28.82350
4417.742	28.86300
4419.802	28.85310
4421.841	28.81660
4423.958	28.86730
4426.002	28.73240
4428.062	28.92270
4430.194	28.81510
4432.311	28.82340
4434.350	28.88550
4436.487	28.75070
4438.527	28.85480
4440.587	28.79950
4442.626	28.76570
4444.665	28.87460
4446.735	28.75450
4448.806	28.88870
4450.871	28.87240
4452.910	28.75010
4454.991	28.93320
4457.071	28.86710
4459.131	28.73490
4461.191	28.76520
4463.251	28.78150
4465.331	28.87110
4467.391	28.72930
4469.472	28.85240
4471.491	28.83790
4473.551	28.87580
4475.595	28.81850
4477.691	28.74590
4479.777	28.81990
4481.878	28.79590
4483.917	28.84560
4485.957	28.97670
4488.017	28.72870
4490.118	28.63400
4492.178	28.76540
4494.289	28.85720
4496.328	28.77050
4498.404	28.73680
4500.428	28.76730
4502.488	28.73510
4504.548	28.84470
4506.566	28.80040
4508.611	28.73460
4510.671	28.74960
4512.731	28.92370
4514.791	28.87770
4516.830	28.89460
4518.910	28.73210
4520.970	28.83900
4523.030	28.84340
4525.054	28.93260
4527.171	28.85690
4529.215	28.83010
4531.296	28.96380
4533.335	28.91350
4535.411	28.76020
4537.476	28.89600
4539.536	28.88770
4541.554	28.82040
4543.594	28.70400
4545.654	28.64630
4547.698	28.72050
4549.758	28.92460
4551.859	28.97120
4553.919	28.82910
4555.994	28.66390
4558.029	28.92350
4560.109	28.95330
4562.149	28.79430
4564.208	28.84690
4566.253	28.80280
4568.292	28.68570
4570.332	28.81560
4572.371	28.82970
4574.441	28.80490
4576.501	28.89110
4578.540	28.93130
4580.606	28.73070
4582.722	28.77860
4584.761	28.81290
4586.821	28.95740
4588.886	28.87880
4590.967	28.96110
4593.048	28.86040
4595.087	28.72060
4597.126	28.75380
4599.166	28.74640
4601.210	28.92470
4603.265	28.82330
4605.345	28.83120
4607.390	28.82580
4609.455	28.91340
4611.530	28.82550
4613.570	28.91330
4615.609	28.72700
4617.690	28.71540
4619.791	28.85640
4621.851	28.88900
4623.890	28.75070
4625.950	28.84220
4627.994	28.95370
4630.034	28.76750
4632.073	28.84000
4636.219	28.83300
4638.279	28.80070
4640.359	28.82840
4642.419	28.81320
4644.500	28.85920
4646.601	28.87400
4648.640	28.72950
4650.659	28.84660
4652.683	28.85350
4654.799	28.83410
4656.859	28.74270
4658.940	28.80320
4660.984	28.98750
4663.003	28.83920
4665.084	28.83320
4667.143	28.81790
4669.203	28.77640
4671.243	28.77050
4673.308	28.72480
4675.435	28.80720
4679.596	28.84310
4681.640	28.78210
4683.721	28.89970
4685.760	28.85670
4687.841	28.78530
4689.921	28.93010
4691.961	28.90850
4694.020	28.70440
4696.101	28.92580
4698.140	28.83940
4700.200	28.76550
4702.265	28.82340
4704.325	28.68240
4706.365	28.80320
4708.425	28.80980
4710.526	28.85970
4712.606	28.78420
4714.687	28.90770
4716.726	28.84760
4718.745	28.88620
4720.825	28.80790
4722.885	28.90720
4724.966	28.84660
4727.005	28.74940
4729.086	28.84870
4731.192	28.83550
4733.190	28.82240
4735.250	28.88860
4737.310	28.77620
4739.370	28.84520
4741.430	28.86000
4743.490	28.84840
4745.534	28.86290
4747.574	28.81600
4749.634	28.85110
4751.714	28.79680
4755.813	28.88990
4757.894	28.82150
4759.938	28.90590
4761.993	28.74710
4764.033	28.64930
4766.077	28.83070
4768.137	28.84800
4770.197	28.89700
4772.216	28.83340
4774.296	28.75100
4776.356	28.82960
4778.395	28.88670
4780.455	28.83060
4782.598	28.91470
4784.637	28.89270
4786.656	28.79480
4790.843	28.83040
4792.903	28.96610
4794.942	28.89330
4797.033	28.74620
4799.077	28.70920
4801.158	28.83310
4803.259	28.85930
4805.324	28.73420
4807.384	28.90030
4809.423	28.89310
4811.524	28.65980
4813.543	28.71020
4815.582	28.68760
4817.601	28.93990
4819.666	28.88870
4821.685	28.81120
4823.766	28.73950
4825.784	28.83120
4827.849	28.93490
4829.930	28.89400
4831.949	28.56130
4833.988	28.88310
4836.033	28.85000
4838.129	28.82000
4840.188	28.86310
