Elapsed time [s]	Value [0,800]
0.000	205.3730
5.515	205.4100
7.593	205.3610
9.619	205.4100
11.674	205.3220
13.716	205.3730
17.836	205.4190
19.875	205.3650
21.917	205.3870
26.058	205.3320
28.177	205.3980
30.219	205.4320
32.320	205.3680
34.364	205.4120
36.440	205.3830
38.502	205.4180
40.585	205.3400
42.769	205.3710
48.892	205.3980
50.952	205.3650
59.174	205.3900
63.278	205.4110
69.496	205.3200
73.619	205.3920
75.658	205.3570
81.882	205.3800
88.100	205.4260
90.160	205.3650
92.205	205.3420
94.262	205.3770
98.421	205.3440
100.460	205.3830
104.582	205.3600
106.709	205.3180
108.785	205.3780
115.065	205.3520
117.127	205.3300
119.169	205.3000
121.209	205.3610
135.631	205.3370
137.670	205.3660
143.814	205.4000
145.897	205.3690
149.952	205.3350
164.277	205.3700
166.339	205.3270
168.425	205.3910
172.630	205.3320
176.729	205.3830
180.854	205.3490
187.011	205.3760
191.190	205.3510
193.291	205.3300
199.473	205.3920
201.533	205.3400
220.057	205.2990
226.201	205.3490
236.532	205.3810
238.571	205.3570
242.650	205.3160
244.710	205.3660
246.749	205.3280
248.829	205.3880
250.874	205.3660
259.111	205.3230
261.212	205.3550
265.301	205.3880
267.338	205.3470
269.413	205.3030
277.635	205.3270
279.677	205.3510
287.914	205.3820
289.979	205.3480
292.019	205.3700
294.099	205.3190
298.222	205.3790
302.344	205.3150
306.443	205.3450
308.503	205.2920
312.644	205.3160
314.683	205.3570
316.725	205.3880
318.764	205.3620
322.871	205.3200
327.053	205.3450
333.297	205.3120
339.477	205.3550
349.823	205.3890
351.885	205.3370
355.964	205.3640
362.131	205.3340
370.348	205.2980
374.468	205.3360
376.548	205.2990
378.590	205.3430
380.663	205.3190
386.863	205.3490
388.944	205.3040
397.124	205.3370
405.426	205.2720
407.486	205.3140
409.569	205.3390
411.647	205.3100
415.728	205.3760
417.809	205.3270
428.149	205.3490
432.311	205.3160
436.392	205.3530
438.431	205.3050
440.512	205.3420
450.834	205.3040
454.934	205.3780
459.056	205.3510
467.247	205.3020
469.320	205.3280
475.518	205.3030
483.773	205.2530
485.815	205.3580
489.940	205.3350
504.321	205.3030
506.422	205.3350
518.766	205.2740
527.091	205.3080
529.210	205.3320
535.390	205.2740
539.530	205.3180
543.632	205.3460
547.734	205.3060
558.013	205.3520
562.115	205.3100
564.154	205.2870
566.214	205.3340
570.375	205.2970
574.454	205.2730
576.496	205.3100
580.659	205.3420
582.722	205.2740
590.972	205.2990
592.988	205.2630
595.030	205.3030
599.155	205.3320
601.236	205.3090
621.714	205.2560
625.836	205.3420
627.889	205.3080
640.310	205.3370
648.671	205.2500
650.713	205.2790
654.833	205.2510
656.872	205.3060
663.114	205.2400
665.199	205.2760
669.337	205.3030
673.465	205.2720
681.717	205.3000
694.020	205.2520
702.201	205.3070
706.261	205.2860
708.301	205.3070
714.640	205.3360
716.721	205.2480
718.742	205.2050
720.820	205.2700
726.984	205.2330
729.062	205.2630
731.143	205.3090
733.185	205.2690
735.224	205.2980
737.264	205.2610
743.446	205.3260
747.548	205.2930
757.829	205.3150
761.934	205.2870
764.058	205.2490
766.010	205.2730
768.049	205.3020
772.200	205.2640
774.283	205.3120
778.421	205.3360
780.463	205.3060
784.585	205.3480
786.604	205.3030
790.724	205.2750
798.925	205.3320
800.988	205.3090
807.129	205.2780
813.342	205.2440
815.381	205.2830
817.441	205.3050
821.582	205.3260
823.683	205.3950
825.764	205.3370
827.880	205.3090
829.922	205.3430
834.101	205.3090
842.364	205.3390
846.487	205.2850
850.604	205.3180
858.826	205.2970
860.885	205.3410
864.987	205.3080
869.092	205.3360
875.290	205.3100
883.491	205.2800
885.533	205.3430
887.670	205.3140
891.854	205.3550
895.956	205.2950
898.036	205.3340
900.117	205.3010
904.178	205.3410
912.446	205.3810
914.526	205.3600
920.727	205.3180
922.766	205.3810
924.852	205.3210
929.013	205.3590
931.029	205.3800
935.190	205.3310
937.255	205.3650
941.349	205.3310
943.432	205.3010
949.653	205.3540
951.693	205.2980
953.773	205.3490
957.872	205.3130
959.935	205.3400
966.115	205.3950
970.196	205.3650
976.337	205.4000
988.643	205.3520
990.685	205.3750
994.761	205.3480
998.904	205.4200
1001.005	205.3750
1009.304	205.4000
1015.579	205.3580
1027.918	205.3830
1029.960	205.4220
1034.059	205.3630
1038.179	205.3950
1042.304	205.4250
1046.424	205.4510
1050.523	205.4040
1054.651	205.4330
1060.892	205.4110
1062.911	205.3530
1065.072	205.4320
1067.093	205.4020
1071.357	205.4350
1073.479	205.3990
1075.557	205.4280
1079.615	205.4520
1081.657	205.4190
1083.678	205.4600
1087.860	205.4380
1091.959	205.4160
1096.120	205.4390
1100.240	205.4150
1106.422	205.4560
1108.443	205.4330
1116.647	205.4570
1118.720	205.4220
1122.806	205.4770
1124.851	205.4160
1126.888	205.4460
1128.948	205.4250
1133.075	205.4700
1145.417	205.4490
1147.497	205.4220
1151.620	205.4680
1159.803	205.4980
1163.961	205.4550
1168.102	205.4210
1170.162	205.4590
1172.201	205.4970
1174.284	205.5370
1176.344	205.4970
1180.467	205.4500
1186.628	205.4900
1192.847	205.4400
1194.948	205.4790
1209.290	205.5100
1213.431	205.4780
1217.512	205.5150
1221.611	205.5430
1225.713	205.5200
1229.874	205.4650
1233.955	205.5100
1240.109	205.5510
1242.169	205.4930
1248.388	205.5560
1250.489	205.4990
1254.588	205.5390
1256.630	205.5020
1258.690	205.4670
1260.729	205.5090
1262.769	205.4850
1264.849	205.5090
1273.112	205.4820
1275.193	205.5590
1277.273	205.5320
1281.375	205.5570
1287.555	205.5350
1289.594	205.5020
1291.654	205.4670
1293.676	205.4920
1297.834	205.5360
1306.027	205.5060
1310.214	205.5460
1314.355	205.5690
1316.417	205.5400
1320.596	205.4930
1322.636	205.5260
1328.797	205.4730
1330.839	205.5340
1332.899	205.5710
1337.022	205.5320
1339.061	205.5790
1341.082	205.5130
1343.176	205.5420
1349.335	205.5950
1355.538	205.5370
1365.902	205.5840
1370.022	205.5620
1372.121	205.5980
1374.196	205.5710
1376.315	205.5480
1380.458	205.6100
1384.560	205.5700
1388.698	205.5280
1390.760	205.5800
1394.862	205.6130
1398.941	205.5810
1405.146	205.6440
1407.201	205.5680
1411.282	205.5470
1415.369	205.5830
1417.403	205.5570
1423.624	205.5840
1432.041	205.6350
1436.257	205.6000
1444.478	205.5780
1446.518	205.6050
1448.539	205.6310
1450.599	205.5820
1452.661	205.6110
1454.706	205.5840
1458.823	205.6470
1460.863	205.5970
1469.185	205.6190
1475.334	205.6430
1479.443	205.6090
1483.604	205.6490
1487.709	205.6020
1489.774	205.5950
1491.829	205.6230
1493.868	205.5960
1497.977	205.6220
1500.027	205.6010
1508.257	205.6280
1510.316	205.6510
1522.630	205.6140
1524.674	205.5800
1526.724	205.5450
1528.753	205.6660
1536.977	205.5990
1541.077	205.6380
1551.541	205.5910
1553.601	205.6240
1559.812	205.6520
1561.836	205.6870
1563.937	205.6590
1568.077	205.5930
1570.116	205.5710
1572.202	205.6170
1574.257	205.6780
1578.356	205.7110
1580.437	205.6330
1584.541	205.6590
1596.803	205.6950
1598.842	205.6450
1611.222	205.7100
1615.368	205.6520
1617.423	205.6270
1619.467	205.6740
1625.606	205.6370
1629.710	205.6600
1640.031	205.6850
1644.109	205.6350
1650.356	205.6850
1658.580	205.6490
1662.664	205.7150
1668.803	205.6600
1677.089	205.6940
1683.295	205.6630
1689.454	205.6860
1693.532	205.6550
1695.628	205.6980
1697.673	205.6760
1699.733	205.6530
1703.873	205.7000
1705.913	205.6740
1707.973	205.7170
1710.012	205.6960
1714.183	205.6640
1716.243	205.6870
1726.584	205.7140
1728.623	205.6840
1730.683	205.6610
1734.844	205.6930
1741.045	205.6670
1743.110	205.6940
1745.149	205.6540
1747.214	205.6830
1753.430	205.7060
1761.655	205.6810
1765.754	205.7070
1773.952	205.6760
1780.153	205.7180
1790.504	205.7420
1792.574	205.7020
1809.002	205.7260
1811.062	205.7030
1815.156	205.6780
1817.196	205.7340
1825.399	205.7020
1831.579	205.7240
1843.923	205.7000
1850.108	205.7330
1852.204	205.6810
1854.264	205.7750
1856.324	205.7210
1864.610	205.6570
1868.745	205.7020
1870.785	205.7450
1872.865	205.7150
1876.990	205.7390
1879.030	205.7080
1883.134	205.7340
1891.353	205.7590
1903.594	205.7280
1916.000	205.7610
1920.120	205.7380
1924.281	205.7650
1930.482	205.7340
1932.500	205.7690
1934.540	205.7230
1942.826	205.7440
1946.925	205.7980
1948.965	205.7450
1951.004	205.6970
1953.069	205.7520
1965.387	205.7860
1969.579	205.7540
1973.751	205.7820
1977.850	205.7610
1986.110	205.7940
1990.230	205.7470
1992.311	205.7810
1994.335	205.8190
1996.395	205.7850
1998.475	205.7520
2006.756	205.7800
2008.837	205.7420
2012.936	205.7720
2015.016	205.7350
2017.076	205.7770
2019.136	205.8020
2023.220	205.7710
2027.340	205.7400
2029.477	205.7830
2037.774	205.8200
2039.833	205.7900
2045.993	205.7640
2048.011	205.7120
2050.077	205.7670
2052.157	205.8110
2054.196	205.7400
2058.337	205.7700
2062.416	205.7310
2066.561	205.7650
2068.580	205.7960
2070.660	205.7270
2072.700	205.7710
2085.023	205.8170
2087.088	205.7650
2089.154	205.7090
2091.193	205.7400
2093.253	205.8090
2095.292	205.7780
2115.855	205.7480
2117.895	205.7960
2119.939	205.8200
2124.059	205.7710
2128.184	205.7930
2134.302	205.7690
2140.482	205.7280
2142.526	205.7870
2156.961	205.7570
2167.235	205.7900
2169.285	205.7540
2171.304	205.7900
2179.569	205.7580
2185.692	205.8230
2191.893	205.8010
2193.937	205.7410
2195.997	205.7830
2200.071	205.7530
2204.232	205.7800
2210.432	205.8090
2214.598	205.8500
2220.747	205.7950
2224.842	205.7720
2226.865	205.8160
2233.076	205.7700
2239.266	205.8130
2241.347	205.7810
2245.425	205.8490
2247.491	205.7930
2249.509	205.8170
2251.569	205.8380
2261.889	205.8010
2263.929	205.7770
2265.973	205.8130
2268.080	205.7900
2280.465	205.7420
2282.509	205.8070
2290.749	205.8570
2292.830	205.8350
2298.999	205.7820
2301.033	205.8290
2305.153	205.7880
2309.273	205.8210
2311.323	205.7970
2313.393	205.8430
2315.474	205.7860
2317.534	205.7480
2319.593	205.7780
2321.659	205.8300
2327.823	205.8860
2329.909	205.8580
2334.126	205.8100
2344.364	205.7770
2346.429	205.8340
2352.630	205.8070
2354.710	205.7540
2358.830	205.8190
2387.757	205.8700
2389.812	205.8320
2391.933	205.8020
2398.149	205.8360
2404.329	205.8020
2410.468	205.8580
2412.512	205.8260
2428.976	205.8050
2439.338	205.8330
2445.502	205.8120
2449.627	205.8510
2455.869	205.8080
2457.928	205.8330
2459.973	205.8040
2464.129	205.8400
2468.208	205.7830
2470.247	205.8330
2476.391	205.7960
2478.409	205.8360
2498.926	205.8140
2500.966	205.7830
2505.086	205.8460
2507.187	205.8230
2517.569	205.8530
2523.728	205.8770
2525.767	205.8550
2527.812	205.8320
2533.976	205.8570
2536.057	205.8080
2538.091	205.8390
2542.211	205.8170
2546.315	205.8510
2562.717	205.7880
2564.783	205.8140
2568.928	205.8720
2570.968	205.8510
2577.292	205.8290
2591.587	205.8580
2597.731	205.8240
2601.810	205.7960
2603.890	205.8480
2605.930	205.8100
2612.110	205.8380
2616.214	205.8150
2618.279	205.8570
2622.358	205.8350
2630.680	205.8730
2632.740	205.8300
2634.805	205.7970
2636.901	205.8400
2645.084	205.8720
2651.212	205.8320
2653.241	205.9080
2655.265	205.8490
2663.505	205.8170
2667.604	205.8390
2669.664	205.8620
2671.745	205.9100
2673.763	205.8560
2681.967	205.7970
2686.108	205.8490
2688.168	205.8120
2690.258	205.8470
2698.678	205.8040
2704.925	205.9210
2706.965	205.8570
2715.189	205.8360
2719.288	205.8650
2731.607	205.8170
2737.869	205.8730
2739.908	205.8470
2741.968	205.8990
2744.033	205.8560
2746.088	205.8820
2748.153	205.8370
2750.218	205.8810
2752.278	205.8580
2754.379	205.8840
2770.843	205.8590
2774.942	205.8930
2777.002	205.8720
2783.162	205.8440
2785.247	205.8950
2789.347	205.8680
2793.508	205.8440
2797.607	205.8790
2799.651	205.9070
2801.711	205.8810
2807.891	205.8350
2810.018	205.8590
2814.138	205.8880
2818.263	205.8510
2822.362	205.8850
2836.766	205.8620
2840.927	205.9070
2842.967	205.8810
2845.027	205.9170
2847.107	205.8450
2859.410	205.8940
2861.470	205.9200
2863.545	205.8780
2875.915	205.8400
2877.975	205.8630
2884.135	205.8890
2886.194	205.8670
2888.244	205.9100
2890.314	205.8740
2898.533	205.8490
2902.658	205.8700
2906.758	205.8350
2908.797	205.8630
2912.876	205.9180
2919.081	205.8940
2923.160	205.9430
2925.199	205.9200
2927.239	205.8930
2933.465	205.9240
2937.544	205.8780
2943.692	205.9200
2947.817	205.8910
2951.942	205.9120
2954.002	205.8690
2960.177	205.8990
2962.237	205.8530
2966.321	205.8930
2970.482	205.8640
2972.521	205.9240
2976.621	205.8900
2980.746	205.8660
2982.826	205.8290
2984.907	205.8640
2989.037	205.8970
2993.146	205.8660
2995.211	205.9060
2997.246	205.8610
2999.285	205.9180
3007.545	205.8670
3011.686	205.8950
3015.826	205.8650
3019.926	205.8860
3032.290	205.8460
3034.350	205.8980
3038.475	205.9270
3040.515	205.9000
3042.549	205.8790
3044.609	205.9150
3050.804	205.8920
3054.934	205.8580
3061.047	205.8970
3063.128	205.9250
3065.218	205.8900
3067.247	205.9140
3069.333	205.9580
3071.367	205.9370
3073.407	205.9000
3077.527	205.8650
3083.691	205.9250
3085.751	205.9000
3087.878	205.8710
3089.932	205.9420
3091.972	205.8820
3094.052	205.9210
3098.157	205.8860
3102.256	205.9110
3106.355	205.8900
3112.566	205.9110
3114.616	205.8830
3124.946	205.9170
3135.267	205.8780
3143.506	205.9350
3145.535	205.8730
3147.606	205.8940
3155.825	205.9270
3162.025	205.9050
3166.150	205.9370
3168.215	205.9040
3176.517	205.8790
3180.678	205.9140
3182.779	205.8750
3184.839	205.8970
3188.979	205.8660
3190.998	205.8890
3199.279	205.9150
3205.449	205.9430
3207.483	205.8960
3217.767	205.9190
3221.825	205.9500
3223.864	205.8790
3230.075	205.9130
3238.335	205.8780
3242.435	205.9160
3244.495	205.8930
3246.539	205.8620
3248.599	205.9180
3252.740	205.8800
3256.839	205.8340
3258.919	205.8570
3260.959	205.8870
3269.219	205.9160
3273.323	205.8730
3275.383	205.9230
3279.539	205.9640
3283.623	205.9160
3287.712	205.8940
3291.909	205.9150
3300.170	205.8710
3302.209	205.9200
3308.414	205.9450
3310.490	205.9110
3312.555	205.9400
3316.654	205.9170
3318.735	205.8810
3326.913	205.9090
3328.957	205.9440
3339.216	205.9180
3341.276	205.9490
3343.356	205.9270
3345.380	205.9600
3349.536	205.9180
3357.801	205.8960
3361.911	205.9400
3366.041	205.9140
3372.221	205.8900
3374.302	205.9340
3380.466	205.8830
3384.565	205.9080
3386.605	205.9680
3388.664	205.9450
3396.848	205.9170
3398.928	205.8590
3401.009	205.9560
3409.171	205.9350
3413.312	205.9020
3417.457	205.9270
3419.502	205.8970
3421.562	205.9440
3423.596	205.9150
3427.659	205.8930
3431.815	205.8690
3433.901	205.8950
3437.995	205.9230
3442.115	205.9490
3452.322	205.8840
3454.361	205.9150
3456.442	205.8810
3460.582	205.9340
3462.626	205.8940
3464.666	205.9420
3468.796	205.9670
3472.844	205.9320
3483.262	205.9580
3485.322	205.9310
3491.507	205.9070
3495.585	205.9400
3497.645	205.8790
3499.705	205.9320
3501.745	205.9020
3507.924	205.8770
3509.984	205.9180
3512.024	205.9660
3518.188	205.9160
3524.347	205.8880
3526.407	205.9100
3528.498	205.9310
3536.861	205.8860
3540.961	205.9260
3543.021	205.9690
3545.081	205.9240
3551.224	205.8950
3553.259	205.9260
3557.363	205.9470
3559.402	205.9040
3563.502	205.9540
3565.562	205.9130
3579.986	205.9380
3584.106	205.9590
3586.145	205.9250
3588.252	205.9490
3590.373	205.9710
3592.433	205.9410
3598.654	205.9750
3600.673	205.9530
3602.754	205.9190
3604.814	205.9600
3608.913	205.9010
3610.952	205.9290
3621.314	205.9700
3623.415	205.9000
3627.576	205.9240
3629.620	205.9630
3633.756	205.9000
3637.958	205.9450
3644.122	205.9700
3646.187	205.9230
3650.338	205.9560
3654.453	205.9230
3664.737	205.9480
3681.278	205.9260
3685.388	205.9570
3687.443	205.9910
3689.503	205.9600
3691.542	205.9140
3695.683	205.9440
3697.742	205.9150
3701.826	205.9600
3703.845	205.9150
3707.903	205.9540
3714.083	205.9240
3716.148	205.9670
3722.426	205.9080
3724.486	205.9760
3728.585	205.9440
3736.768	205.9060
3738.812	205.9590
3742.891	205.9150
3744.972	205.9830
3749.092	205.9490
3753.232	206.0050
3757.352	205.9730
3759.396	205.9450
3767.677	205.9790
3773.852	205.9470
3780.063	205.9700
3790.301	205.9280
3792.361	205.9600
3798.479	205.9380
3800.538	205.9660
3802.583	205.9140
3806.682	205.9640
3808.768	205.9330
3814.973	205.8980
3817.033	205.9190
3825.294	205.9480
3829.414	205.9210
3831.474	205.9790
3835.614	205.9580
3850.039	205.9020
3852.099	205.9590
3858.242	205.9360
3860.338	205.9670
3866.523	205.9880
3872.688	205.9380
3876.761	205.9680
3878.842	206.0240
3880.902	205.9920
3882.946	205.9600
3884.986	205.9360
3887.025	205.9570
3891.248	205.9300
3893.328	205.9640
3897.407	205.9340
3905.657	205.9630
3907.717	205.9920
3909.777	205.9440
3911.816	205.9680
3917.975	206.0150
3924.119	205.9640
3928.280	205.9430
3930.320	205.9880
3932.380	205.9480
3942.669	205.9200
3944.708	205.9720
3946.789	206.0130
3950.965	205.9620
3957.176	206.0210
3959.298	205.9950
3963.418	205.9720
3965.488	206.0010
3967.517	205.9640
3969.587	205.9210
3971.657	205.9600
3981.880	205.9880
3983.971	205.9560
3990.135	205.9930
3992.174	205.9570
4000.394	205.9960
4002.433	205.9640
4006.558	205.9930
4008.649	205.9670
4019.041	205.9460
4025.242	205.9820
4027.281	205.9370
4029.315	205.9810
4047.834	205.9490
4049.873	205.9900
4051.933	206.0110
4053.993	205.9630
4060.157	205.9310
4062.197	205.9660
4076.735	206.0180
4078.795	205.9560
4080.834	205.9840
4084.938	205.9560
4091.077	205.9860
4099.281	206.0160
4101.341	205.9590
4115.832	205.9360
4124.057	205.9670
4130.257	205.9310
4132.343	205.9750
4136.427	205.9490
4138.523	205.9750
4144.666	206.0000
4146.706	205.9780
4154.935	206.0070
4165.250	206.0370
4167.331	205.9930
4183.733	205.9310
4185.834	205.9710
4202.334	206.0030
4204.394	206.0390
4206.495	206.0140
4210.574	205.9410
4214.673	205.9900
4218.814	206.0160
4220.853	205.9880
4224.973	205.9670
4227.017	206.0100
4231.194	205.9570
4233.238	205.9820
4249.739	205.9610
4255.918	205.9320
4257.983	205.9590
4260.043	205.9940
4262.103	206.0170
4264.143	205.9860
4270.297	206.0070
4280.560	205.9370
4282.600	205.9670
4292.863	205.9990
4294.923	205.9600
4296.983	206.0050
4299.023	205.9790
4301.119	205.9330
4303.178	205.9950
4313.581	205.9730
4315.667	205.9960
4319.874	205.9580
4321.934	205.9920
4340.438	205.9640
4350.696	205.9430
4352.797	205.9800
4354.836	206.0300
4356.860	205.9460
4358.900	205.9690
4369.132	205.9920
4371.301	206.0140
4373.381	205.9870
4381.683	205.9620
4389.866	206.0060
4396.087	205.9830
4398.126	206.0330
4406.350	206.0020
4410.429	206.0260
4412.489	205.9910
4414.549	206.0200
4422.747	206.0580
4424.792	206.0290
4426.831	205.9870
4428.891	206.0110
4430.956	206.0420
4441.328	206.0630
4443.429	206.0320
4455.748	205.9610
4457.808	206.0040
4459.831	206.0270
4468.009	206.0020
4476.218	206.0230
4478.273	206.0660
4480.333	206.0100
4486.497	206.0340
4488.537	205.9900
4492.698	206.0140
4496.885	206.0690
4498.960	206.0340
4505.160	206.0070
4513.380	205.9850
4521.624	206.0120
4525.724	206.0480
4529.885	206.0160
4531.965	205.9940
4538.145	206.0150
4546.390	206.0360
4552.529	206.0090
4554.568	206.0310
4556.638	206.0560
4558.698	206.0220
4564.940	206.0480
4569.060	206.0210
4571.120	205.9940
4575.203	206.0410
4579.344	206.0010
4587.522	206.0400
4604.042	206.0130
4610.227	206.0590
4612.293	206.0230
4618.580	205.9940
4620.646	206.0460
4622.700	206.0680
4624.760	206.0940
4626.820	205.9610
4630.919	205.9880
4632.943	206.0160
4635.024	205.9890
4637.063	206.0180
4641.188	206.0780
4643.228	206.0560
4645.267	206.0170
4657.668	205.9820
4659.687	206.0270
4665.841	205.9940
4669.981	206.0400
4678.365	206.0610
4680.409	205.9890
4684.550	206.0190
4686.630	205.9810
4688.726	206.0100
4690.792	206.0460
4694.891	206.0230
4701.055	205.9920
4705.211	206.0240
4709.336	205.9960
4711.375	206.0300
4717.581	206.0020
4736.059	205.9750
4738.098	206.0010
4742.259	205.9760
4744.298	206.0210
4746.338	205.9920
4748.382	205.9560
4754.485	205.9810
4758.605	206.0050
4760.665	205.9570
4764.764	206.0000
4766.808	205.9470
4770.908	205.9900
4772.973	205.9570
4777.051	206.0060
4781.109	205.9750
4783.190	205.9540
4787.397	205.9810
4789.452	205.9590
4793.618	205.9930
4799.850	206.0220
4801.915	205.9700
4808.074	205.9920
4810.134	205.9580
4812.194	205.9850
4816.273	205.9510
4822.437	205.9960
4826.536	205.9300
4828.576	205.9740
4832.701	205.9300
4838.880	205.9760
