Elapsed time [s]	Value [0,100]
0.000	4.785360
0.241	4.873720
2.281	4.830970
4.341	4.790050
6.380	4.815160
8.440	4.753330
10.500	4.827030
12.580	4.857820
14.682	4.872570
16.741	4.822080
18.830	4.845610
20.861	4.850130
22.957	4.834920
25.017	4.769520
27.059	4.821750
29.099	4.815350
31.138	4.817430
33.182	4.805480
35.291	4.856130
37.333	4.809320
39.450	4.843300
41.492	4.810850
43.531	4.800350
45.612	4.805230
47.671	4.787460
49.713	4.846330
51.789	4.831430
53.854	4.847790
55.893	4.843940
57.953	4.829930
60.034	4.795020
62.096	4.822120
64.156	4.830120
66.216	4.797210
68.276	4.861690
70.338	4.806440
72.375	4.804080
74.417	4.820910
76.477	4.870380
78.498	4.843890
80.556	4.807270
82.598	4.791410
84.668	4.808390
86.751	4.855700
88.819	4.839660
90.858	4.841940
92.977	4.824310
95.037	4.789280
97.120	4.856360
99.160	4.815700
101.219	4.804330
103.279	4.821530
105.321	4.759690
107.420	4.849840
109.480	4.807000
111.522	4.811610
113.582	4.825410
115.616	4.814620
117.642	4.813520
119.682	4.816060
121.724	4.807080
123.763	4.818460
125.802	4.855000
127.883	4.813770
129.943	4.815350
131.985	4.825930
134.055	4.840040
136.115	4.854270
138.175	4.831200
140.227	4.849570
142.269	4.794560
144.375	4.808220
146.417	4.828830
148.456	4.817960
150.555	4.818920
152.636	4.819810
154.698	4.813780
156.737	4.788920
158.818	4.802820
160.860	4.837290
162.984	4.817970
164.959	4.838120
169.120	4.771890
171.162	4.812760
173.201	4.847260
175.241	4.810810
177.262	4.789920
179.325	4.832580
181.382	4.838420
183.504	4.826600
185.564	4.843100
187.624	4.858700
189.686	4.848340
191.746	4.863870
193.785	4.830170
195.827	4.803330
197.846	4.801610
199.885	4.841620
201.963	4.827720
204.005	4.833540
206.122	4.816070
208.182	4.816920
210.242	4.841490
212.281	4.842300
214.377	4.759060
216.419	4.862540
218.458	4.813170
220.477	4.838230
222.557	4.779600
224.620	4.826760
226.659	4.820580
228.701	4.787060
230.769	4.805080
232.849	4.796980
234.909	4.833150
236.972	4.857830
238.991	4.836740
241.071	4.821260
243.172	4.814980
245.253	4.826940
247.292	4.824870
249.334	4.824130
251.412	4.836640
253.495	4.807310
255.583	4.861030
257.664	4.800820
259.716	4.883790
261.758	4.825930
263.836	4.816270
265.878	4.854900
267.938	4.866460
270.006	4.852390
272.040	4.844520
274.125	4.854900
276.170	4.819960
278.268	4.838350
280.290	4.814530
282.309	4.818400
284.410	4.804800
286.431	4.853970
288.470	4.755030
290.512	4.802320
292.552	4.845130
294.591	4.836140
296.664	4.841140
298.703	4.806940
300.784	4.821850
302.864	4.806650
304.911	4.848270
306.966	4.821780
309.026	4.784440
311.112	4.796960
313.151	4.817240
315.255	4.879450
317.315	4.822300
319.374	4.847070
321.434	4.793590
323.507	4.840190
325.529	4.861250
327.609	4.877860
329.648	4.836020
331.755	4.856780
337.958	4.802480
339.997	4.837440
342.057	4.814500
344.117	4.803360
346.159	4.847210
348.260	4.822710
350.281	4.811930
352.400	4.748240
354.460	4.797420
356.502	4.893360
358.542	4.842000
360.643	4.796510
362.700	4.868200
364.742	4.822520
366.784	4.847930
368.823	4.869340
370.883	4.832620
372.943	4.872980
375.044	4.765500
377.104	4.812220
379.203	4.809380
381.263	4.793020
383.284	4.795690
385.347	4.761150
387.515	4.837270
389.533	4.859000
391.575	4.822820
393.643	4.836330
395.695	4.819650
397.714	4.820940
399.797	4.804470
401.839	4.839950
403.899	4.806870
405.977	4.778470
408.039	4.818880
410.099	4.813170
412.159	4.819670
414.240	4.857210
416.300	4.808390
418.380	4.816350
420.422	4.799050
422.482	4.836270
424.521	4.826360
426.561	4.858950
428.582	4.771940
430.681	4.828120
432.720	4.815840
436.863	4.804410
438.923	4.836210
441.058	4.784980
443.120	4.791080
445.159	4.850190
447.219	4.836900
449.279	4.770810
451.342	4.780090
453.402	4.846080
455.462	4.832610
457.542	4.798610
459.602	4.808990
461.644	4.809630
463.704	4.811090
465.746	4.874250
467.806	4.851940
469.845	4.841970
471.923	4.799300
473.986	4.876830
476.046	4.817860
478.105	4.816460
480.145	4.805240
482.205	4.832950
484.267	4.834560
486.286	4.786340
488.367	4.819000
490.429	4.806350
492.510	4.849890
494.593	4.836940
496.653	4.790390
498.713	4.832510
500.793	4.835180
502.835	4.745590
504.900	4.781400
506.963	4.859350
509.043	4.819540
511.103	4.860810
513.145	4.856640
515.264	4.871240
517.283	4.798700
519.325	4.823090
521.364	4.826240
523.424	4.843520
525.517	4.861960
527.559	4.788710
529.640	4.829200
531.780	4.849850
533.819	4.818080
535.861	4.861810
537.941	4.824350
539.981	4.795030
542.023	4.806800
544.062	4.840770
546.125	4.797250
548.182	4.778040
550.265	4.787230
552.325	4.858960
554.426	4.819170
556.465	4.828040
558.567	4.861570
560.624	4.802300
562.782	4.746420
564.785	4.804320
566.845	4.825390
568.884	4.852330
570.996	4.835060
573.076	4.781340
575.116	4.859460
577.155	4.840140
579.217	4.808090
581.257	4.827340
583.296	4.828100
585.338	4.822570
587.398	4.843460
589.440	4.848930
591.482	4.826560
593.542	4.805750
595.602	4.835330
597.641	4.790860
599.662	4.825150
601.735	4.811200
603.818	4.831940
605.858	4.774800
607.897	4.843040
609.977	4.789380
612.040	4.791320
614.108	4.808870
616.168	4.745980
618.207	4.829780
620.295	4.860900
622.337	4.847650
624.397	4.785790
626.478	4.795200
628.558	4.849790
630.639	4.771710
632.678	4.813960
634.720	4.797630
638.801	4.821540
640.840	4.820830
642.880	4.826730
644.940	4.820210
647.041	4.785110
649.101	4.850920
651.143	4.832940
653.223	4.811670
655.263	4.814410
657.284	4.791690
659.344	4.822790
661.404	4.830600
663.443	4.799260
665.503	4.807370
667.545	4.835590
669.605	4.808910
671.644	4.767440
673.758	4.835200
675.780	4.786560
677.840	4.811370
679.920	4.812150
681.939	4.817410
684.040	4.802110
686.141	4.816420
688.201	4.799210
690.282	4.791590
692.362	4.832870
694.401	4.862500
696.461	4.797550
698.542	4.837250
700.622	4.800080
702.703	4.816190
704.745	4.844300
706.764	4.795990
708.844	4.777520
710.886	4.776980
712.964	4.823270
715.006	4.781380
717.048	4.756300
719.087	4.839950
721.126	4.826300
723.207	4.792650
725.246	4.767710
727.296	4.789850
729.359	4.845960
731.398	4.772200
733.499	4.802290
735.541	4.855810
737.639	4.806580
739.661	4.797260
741.741	4.795200
743.781	4.809710
745.882	4.825380
747.942	4.798530
750.004	4.810420
752.044	4.816060
754.104	4.787840
756.163	4.830100
758.223	4.788590
760.263	4.797370
762.361	4.782690
764.442	4.787450
766.502	4.799530
768.523	4.755870
770.583	4.819620
772.643	4.789330
774.741	4.770350
776.804	4.785090
778.823	4.790880
780.883	4.783480
782.963	4.850040
785.003	4.828460
787.065	4.830680
789.104	4.749740
791.206	4.801170
793.245	4.785000
795.351	4.795750
797.370	4.784470
799.430	4.827510
801.552	4.778780
803.612	4.790110
805.695	4.766280
807.734	4.815640
809.776	4.797720
811.815	4.780370
813.896	4.808460
815.958	4.803890
817.977	4.719040
820.058	4.795890
822.117	4.793100
824.193	4.792190
826.294	4.767790
828.336	4.771550
830.396	4.799120
832.438	4.826090
834.516	4.760490
836.558	4.763550
838.656	4.824270
840.698	4.781440
842.737	4.811140
844.779	4.805900
846.919	4.793310
849.002	4.758690
851.062	4.798560
853.122	4.796840
855.221	4.784170
857.301	4.813470
859.361	4.811420
861.421	4.780200
863.468	4.799240
865.523	4.767740
867.565	4.780520
869.627	4.802600
871.710	4.787390
873.845	4.762110
875.902	4.743560
877.921	4.782620
879.991	4.800730
882.033	4.773360
884.114	4.775330
886.174	4.794850
888.195	4.763330
890.314	4.804310
892.336	4.771430
894.375	4.783270
896.476	4.808230
898.536	4.812200
900.637	4.825340
902.697	4.792460
904.757	4.803080
906.796	4.781420
908.877	4.821680
910.960	4.758510
913.017	4.760040
915.080	4.773290
917.140	4.781670
919.202	4.812250
921.280	4.729250
923.322	4.787520
925.361	4.764470
927.442	4.792760
929.502	4.793950
931.523	4.817940
933.622	4.763880
935.684	4.783770
937.765	4.766770
939.804	4.810180
941.826	4.747830
943.865	4.801700
945.904	4.770530
947.964	4.765050
950.006	4.782140
952.069	4.784600
954.147	4.748790
956.227	4.798540
958.266	4.803930
960.326	4.821170
962.407	4.792580
964.449	4.783000
966.488	4.739140
968.509	4.778340
970.577	4.799630
972.650	4.777020
974.715	4.762550
976.803	4.784340
978.832	4.786080
980.913	4.789790
982.924	4.763450
985.004	4.789390
987.105	4.773550
989.165	4.788400
991.246	4.762550
993.378	4.764470
995.446	4.765720
997.480	4.725590
999.540	4.771060
1001.620	4.852250
1003.662	4.812330
1005.702	4.772580
1009.762	4.726140
1011.822	4.783210
1013.864	4.810020
1015.937	4.754790
1018.005	4.766410
1020.064	4.816170
1022.104	4.809620
1024.164	4.733870
1026.244	4.755480
1028.307	4.744310
1030.367	4.791370
1032.406	4.798430
1034.466	4.767850
1036.567	4.777830
1038.627	4.771950
1040.666	4.772500
1042.737	4.734670
1044.776	4.779370
1046.867	4.782730
1048.886	4.785100
1050.927	4.758970
1052.967	4.762520
1055.081	4.782840
1057.102	4.787380
1059.141	4.795380
1061.201	4.778630
1063.243	4.736680
1065.324	4.771430
1067.376	4.783370
1069.444	4.771370
1071.524	4.803980
1073.625	4.757690
1075.665	4.760580
1077.725	4.788860
1079.805	4.799790
1081.827	4.728230
1083.866	4.796630
1085.957	4.769690
1088.017	4.751720
1090.077	4.719040
1092.157	4.772150
1094.178	4.798700
1096.218	4.806040
1098.239	4.745500
1100.338	4.753120
1102.380	4.791910
1104.501	4.806840
1106.515	4.762540
1108.595	4.752490
1110.655	4.765390
1112.715	4.799320
1114.775	4.772710
1116.835	4.785240
1120.937	4.772690
1122.956	4.758340
1124.990	4.766780
1127.034	4.778590
1129.154	4.718140
1131.214	4.760180
1133.253	4.697200
1135.295	4.766540
1137.357	4.780110
1139.379	4.815960
1141.459	4.794750
1143.501	4.803680
1147.696	4.797020
1149.797	4.769940
1151.818	4.778290
1153.839	4.760560
1155.920	4.778580
1157.998	4.797450
1160.094	4.784260
1162.174	4.741240
1164.234	4.769660
1166.315	4.751970
1168.336	4.778220
1170.417	4.824590
1172.477	4.777430
1174.537	4.728090
1176.576	4.771110
1178.659	4.759180
1180.698	4.780980
1182.717	4.744170
1184.808	4.774620
1186.832	4.826060
1188.892	4.798790
1190.952	4.749110
1193.012	4.757680
1195.115	4.803040
1197.193	4.810360
1199.253	4.781210
1201.313	4.743500
1203.355	4.808050
1205.436	4.777040
1207.496	4.763470
1209.617	4.754960
1211.657	4.783040
1213.678	4.751790
1215.717	4.781860
1217.816	4.822690
1219.878	4.761180
1221.902	4.694340
1223.942	4.778180
1226.001	4.780910
1228.043	4.747140
1230.103	4.758150
1232.163	4.746800
1234.223	4.783030
1236.304	4.768490
1238.346	4.780650
1240.385	4.791630
1242.445	4.800040
1244.525	4.766330
1246.547	4.806510
1248.645	4.726710
1250.708	4.764270
1252.806	4.741910
1254.887	4.760030
1256.929	4.771520
1258.968	4.746570
1261.028	4.791740
1263.049	4.752990
1265.112	4.780920
1267.192	4.811300
1269.232	4.774500
1271.292	4.734180
1273.334	4.751320
1275.394	4.786160
1277.454	4.785180
1279.513	4.815260
1281.581	4.819690
1283.623	4.780230
1285.683	4.798590
1287.784	4.765110
1289.826	4.838220
1291.953	4.729980
1294.036	4.726130
1296.075	4.762360
1298.156	4.789260
1300.236	4.759080
1302.296	4.756560
1306.398	4.753090
1308.458	4.755500
1310.498	4.791090
1312.578	4.785780
1314.638	4.767300
1316.700	4.724650
1318.760	4.738140
1320.800	4.778850
1322.860	4.757880
1324.922	4.743410
1326.982	4.749500
1329.021	4.843180
1331.081	4.772570
1333.121	4.755290
1335.222	4.799520
1337.261	4.782780
1341.363	4.732050
1343.441	4.697810
1345.483	4.783350
1347.543	4.819530
1349.605	4.762180
1351.725	4.724430
1353.766	4.827340
1355.865	4.727780
1357.907	4.763980
1359.946	4.767610
1361.988	4.745860
1364.048	4.762240
1366.087	4.799830
1368.168	4.753630
1370.189	4.793700
1372.231	4.726740
1374.271	4.793490
1376.312	4.752700
1378.352	4.786280
1380.373	4.748150
1382.430	4.736890
1384.470	4.731060
1386.530	4.753130
1388.613	4.806160
1390.652	4.766020
1392.751	4.809930
1394.831	4.779470
1396.912	4.777710
1398.992	4.779160
1401.114	4.778160
1403.174	4.743800
1405.234	4.820030
1407.327	4.733020
1409.369	4.812810
1411.488	4.795050
1413.530	4.714710
1415.552	4.732940
1417.591	4.737820
1419.672	4.733360
1421.734	4.781970
1423.753	4.761500
1425.792	4.752870
1427.852	4.776710
1429.915	4.808190
1431.975	4.762440
1434.034	4.725190
1436.094	4.855580
1438.175	4.743330
1440.235	4.799320
1442.295	4.741880
1444.337	4.775500
1446.397	4.774840
1448.477	4.798760
1450.517	4.794350
1452.556	4.814260
1454.639	4.740780
1456.753	4.792130
1458.813	4.781740
1460.873	4.795340
1462.897	4.751120
1464.936	4.765090
1466.975	4.776250
1469.056	4.785140
1471.137	4.761020
1473.176	4.725340
1475.220	4.785100
1477.260	4.757780
1479.320	4.751540
1481.380	4.728330
1483.460	4.722210
1485.499	4.749510
1487.601	4.793430
1489.640	4.765300
1491.720	4.825580
1493.739	4.815050
1495.778	4.806360
1497.844	4.808330
1499.862	4.780010
1501.922	4.761400
1503.982	4.749130
1506.001	4.794510
1508.081	4.693170
1510.121	4.756290
1512.165	4.789830
1514.205	4.738830
1516.321	4.761100
1518.340	4.803620
1520.420	4.750100
1522.501	4.751190
1524.582	4.762870
1526.662	4.779370
1528.737	4.756210
1530.761	4.792950
1532.801	4.819010
1534.861	4.786840
1536.946	4.778080
1539.022	4.763630
1541.107	4.761770
1543.167	4.791900
1545.207	4.777290
1547.308	4.781510
1549.352	4.736950
1551.407	4.751550
1553.426	4.785260
1555.527	4.798920
1557.587	4.776570
1559.667	4.714410
1561.707	4.734410
1563.767	4.745140
1565.847	4.760200
1567.887	4.786690
1569.947	4.735540
1572.012	4.796900
1574.072	4.751410
1576.131	4.758770
1578.171	4.778800
1580.210	4.774050
1582.337	4.803370
1584.376	4.757450
1586.457	4.775670
1588.496	4.781470
1590.536	4.780400
1592.621	4.760460
1594.717	4.765460
1596.782	4.723460
1598.842	4.781750
1600.902	4.747180
1602.921	4.749570
1604.981	4.768390
1607.020	4.767650
1609.060	4.771840
1611.125	4.767600
1613.185	4.789960
1615.224	4.723190
1617.263	4.779040
1619.323	4.823310
1621.404	4.792020
1623.443	4.742850
1625.554	4.774550
1627.578	4.770280
1629.674	4.757220
1631.755	4.803040
1633.799	4.749910
1635.859	4.718990
1637.997	4.781470
1640.056	4.785040
1642.142	4.798300
1644.202	4.792230
1646.262	4.755430
1648.363	4.786220
1650.423	4.725510
1652.504	4.729090
1654.600	4.774360
1658.699	4.807280
1660.759	4.783070
1662.803	4.801180
1664.822	4.767590
1666.867	4.756480
1668.968	4.733340
1671.033	4.744580
1673.093	4.736130
1675.132	4.791910
1677.192	4.740160
1679.272	4.751430
1681.332	4.724960
1683.372	4.765330
1685.473	4.790470
1687.517	4.736950
1689.567	4.805000
1691.596	4.719740
1693.641	4.738250
1695.695	4.798990
1697.817	4.759900
1699.898	4.838100
1701.958	4.805180
1703.997	4.735760
1706.047	4.767270
1708.148	4.736310
1710.202	4.803010
1712.262	4.822910
1714.322	4.762670
1716.382	4.738190
1718.463	4.733340
1720.502	4.823560
1722.583	4.769930
1724.622	4.785700
1726.646	4.773920
1728.742	4.780330
1730.822	4.745290
1732.862	4.759710
1734.922	4.759150
1736.982	4.772720
1739.042	4.795630
1741.086	4.825250
1743.146	4.748360
1745.185	4.751000
1747.245	4.776660
1749.269	4.740750
1751.329	4.745120
1753.389	4.750950
1755.428	4.770890
1757.550	4.783200
1759.610	4.757140
1761.649	4.747230
1763.714	4.768560
1765.759	4.764970
1767.855	4.815930
1769.874	4.778290
1771.898	4.761730
1774.060	4.716190
1776.141	4.782380
1778.242	4.764130
1780.302	4.765590
1782.321	4.810560
1784.360	4.751050
1786.441	4.785540
1788.501	4.792060
1790.581	4.777760
1792.641	4.710340
1794.706	4.750900
1796.725	4.751380
1798.826	4.802460
1800.886	4.788970
1802.910	4.740960
1804.970	4.771560
1807.030	4.745920
1809.048	4.722010
1811.088	4.783210
1813.153	4.756860
1815.208	4.820310
1817.299	4.769220
1819.338	4.774190
1821.460	4.808150
1823.478	4.747330
1825.600	4.792040
1827.660	4.772950
1829.720	4.733440
1831.800	4.752480
1833.860	4.766690
1835.900	4.772310
1837.960	4.747460
1839.999	4.764110
1842.038	4.778220
1844.078	4.761470
1846.122	4.741980
1848.203	4.792170
1850.242	4.776380
1852.281	4.751650
1854.341	4.798990
1856.401	4.752260
1858.461	4.733730
1860.542	4.748170
1862.581	4.740600
1864.620	4.774720
1866.644	4.754100
1868.689	4.740250
1870.769	4.765880
1872.809	4.768990
1874.848	4.774160
1877.011	4.781180
1879.055	4.778080
1881.074	4.784820
1883.114	4.729640
1885.173	4.741120
1887.269	4.766530
1889.350	4.776820
1891.389	4.741460
1893.480	4.780620
1895.499	4.727850
1897.636	4.779030
1899.696	4.776640
1901.756	4.750430
1903.816	4.764390
1905.860	4.814820
1907.900	4.785560
1909.960	4.750240
1911.999	4.804930
1914.038	4.765250
1916.078	4.755910
1918.117	4.758370
1920.161	4.742770
1922.257	4.757450
1924.359	4.782940
1926.424	4.763920
1928.504	4.711750
1930.544	4.774640
1932.583	4.713520
1934.622	4.753380
1936.703	4.737990
1938.783	4.757030
1940.843	4.768300
1942.867	4.772420
1944.906	4.747220
1946.972	4.743450
1949.031	4.780610
1951.071	4.782970
1953.157	4.750990
1955.237	4.806010
1957.338	4.820820
1959.419	4.774520
1961.458	4.737820
1963.503	4.721640
1965.562	4.717620
1967.602	4.707450
1969.641	4.758590
1971.722	4.772970
1973.761	4.797090
1975.800	4.735580
1977.901	4.805600
1979.982	4.815540
1982.063	4.783710
1984.143	4.735220
1986.203	4.768030
1988.273	4.781010
1990.302	4.800400
1992.383	4.758840
1994.443	4.715510
1996.482	4.798070
1998.563	4.734150
2000.643	4.779880
2002.683	4.735450
2004.706	4.752110
2006.725	4.745990
2008.785	4.766640
2010.866	4.791630
2012.910	4.717940
2014.970	4.743510
2017.045	4.784050
2019.069	4.777650
2021.150	4.787090
2023.189	4.788420
2025.259	4.776550
2027.319	4.743510
2029.400	4.734370
2031.444	4.772640
2033.520	4.770800
2035.605	4.754840
2037.665	4.761960
2039.725	4.779660
2041.785	4.755490
2043.825	4.809580
2045.864	4.804350
2047.924	4.835110
2049.963	4.773090
2052.008	4.732690
2054.026	4.757980
2056.086	4.762000
2058.188	4.803470
2060.268	4.821230
2062.307	4.750220
2064.388	4.767170
2066.448	4.780910
2068.487	4.767780
2070.527	4.768950
2072.602	4.757660
2074.621	4.783900
2076.742	4.739890
2078.782	4.691250
2080.862	4.819060
2082.943	4.710870
2084.982	4.774390
2087.042	4.756710
2089.102	4.763490
2091.183	4.733650
2093.242	4.789660
2095.266	4.792840
2097.306	4.760320
2099.407	4.774010
2101.426	4.718410
2103.506	4.747810
2105.545	4.797230
2107.667	4.750420
2109.707	4.795020
2111.766	4.785270
2113.832	4.762450
2115.871	4.757580
2117.951	4.751970
2120.011	4.821590
2122.071	4.752450
2124.147	4.786080
2126.207	4.727870
2128.246	4.796260
2130.290	4.786630
2132.330	4.763470
2134.431	4.724900
2136.475	4.741600
2138.499	4.743300
2140.554	4.727320
2142.593	4.778680
2144.633	4.753560
2146.677	4.740140
2148.696	4.754980
2150.735	4.788640
2152.775	4.789480
2154.835	4.721790
2156.879	4.762360
2158.939	4.766340
2160.978	4.834440
2163.043	4.778930
2165.124	4.767910
2167.163	4.759890
2169.182	4.732050
2171.242	4.763310
2173.286	4.782920
2175.424	4.827280
2177.484	4.805850
2179.564	4.751030
2181.645	4.726330
2183.710	4.791690
2185.759	4.748830
2187.845	4.673130
2189.905	4.766990
2191.965	4.788460
2194.025	4.713410
2196.090	4.809170
2198.150	4.729000
2200.210	4.726460
2202.275	4.782890
2204.335	4.729560
2206.374	4.779310
2208.434	4.735540
2210.515	4.709720
2212.575	4.776660
2214.635	4.768770
2216.715	4.825800
2218.796	4.732180
2220.856	4.775060
2222.874	4.802830
2224.955	4.762430
2226.999	4.768730
2229.018	4.754030
2231.057	4.747060
2233.117	4.745100
2235.177	4.728710
2237.309	4.771990
2239.328	4.742500
2241.481	4.800210
2243.546	4.746400
2245.626	4.794110
2247.666	4.749250
2249.705	4.770310
2251.765	4.806220
2253.845	4.790110
2255.869	4.798060
2257.904	4.759850
2259.969	4.766410
2262.008	4.705700
2264.068	4.789620
2266.128	4.731850
2268.147	4.749840
2272.308	4.812790
2274.347	4.805650
2276.391	4.730690
2278.457	4.773180
2280.496	4.762830
2282.556	4.789450
2284.626	4.805500
2286.655	4.760750
2288.736	4.774530
2290.775	4.757760
2292.819	4.765900
2294.859	4.763120
2299.010	4.769430
2301.049	4.765060
2303.129	4.792400
2305.210	4.763090
2307.290	4.789270
2309.453	4.775560
2311.493	4.751180
2313.578	4.806270
2315.597	4.699140
2317.709	4.755790
2319.748	4.762180
2321.808	4.753920
2323.832	4.762420
2325.871	4.777320
2327.910	4.753420
2329.950	4.821010
2332.015	4.784070
2334.095	4.752400
2336.176	4.805580
2338.215	4.771000
2340.301	4.767900
2342.376	4.764440
2344.395	4.786650
2346.460	4.755600
2348.541	4.764430
2350.580	4.745510
2352.640	4.738360
2354.700	4.746390
2356.739	4.732780
2358.861	4.773870
2360.942	4.774410
2363.001	4.770100
2365.061	4.716090
2367.142	4.761710
2369.228	4.731560
2371.267	4.719760
2373.286	4.731640
2375.330	4.785640
2377.406	4.787870
2379.486	4.817550
2381.567	4.746610
2383.611	4.763050
2385.707	4.750530
2387.731	4.785100
2389.868	4.790160
2391.913	4.802390
2394.076	4.732960
2396.094	4.778000
2398.170	4.759930
2400.214	4.774210
2402.274	4.801310
2404.360	4.799270
2406.415	4.785750
2408.454	4.739040
2410.514	4.779650
2412.574	4.685690
2414.634	4.758860
2416.678	4.748320
2418.738	4.764870
2420.778	4.761010
2422.817	4.723120
2424.897	4.742280
2426.937	4.773210
2428.976	4.762770
2431.021	4.785840
2433.039	4.725770
2435.120	4.785120
2437.200	4.776480
2439.260	4.755140
2441.331	4.757230
2443.375	4.754070
2445.420	4.730330
2447.459	4.783790
2449.539	4.770480
2451.579	4.760360
2453.623	4.764140
2455.663	4.757910
2457.702	4.749380
2459.741	4.805860
2461.801	4.737300
2463.861	4.751590
2465.942	4.756060
2468.022	4.728660
2470.103	4.806570
2472.142	4.773360
2474.166	4.743520
2476.205	4.739270
2478.296	4.766760
2480.382	4.750640
2482.462	4.725310
2484.522	4.807750
2486.562	4.784600
2488.642	4.774870
2490.702	4.808070
2492.783	4.797800
2494.801	4.769970
2496.866	4.749930
2498.906	4.772160
2500.945	4.759870
2503.005	4.766060
2505.086	4.774510
2507.166	4.749170
2509.205	4.775970
2511.271	4.779830
2513.351	4.762450
2515.426	4.791290
2517.512	4.748560
2519.552	4.786950
2521.570	4.720680
2523.610	4.792790
2525.654	4.797420
2527.693	4.762640
2529.795	4.747710
2531.834	4.762480
2533.873	4.757350
2535.933	4.797470
2538.060	4.745430
2540.099	4.704350
2542.159	4.742500
2544.245	4.839270
2546.284	4.729370
2548.303	4.768210
2550.384	4.763080
2552.464	4.716000
2554.503	4.694610
2556.605	4.726540
2558.685	4.749170
2560.724	4.805330
2562.805	4.792190
2564.865	4.786020
2566.904	4.810430
2568.969	4.797270
2571.009	4.763890
2573.069	4.759120
2575.149	4.820610
2577.250	4.699260
2579.290	4.764000
2581.329	4.789840
2583.348	4.779400
2585.387	4.784080
2587.488	4.781540
2589.512	4.689610
2591.551	4.743630
2593.591	4.789370
2595.630	4.727120
2597.690	4.760930
2599.729	4.727700
2601.841	4.756380
2603.880	4.761260
2605.956	4.746180
2608.041	4.820600
2610.127	4.793100
2612.166	4.751420
2614.226	4.800740
2616.348	4.823270
2618.367	4.829150
2620.406	4.759110
2622.487	4.775850
2624.526	4.710650
2626.586	4.736940
2628.625	4.787760
2630.664	4.758630
2632.730	4.728850
2634.769	4.778810
2636.855	4.772860
2638.909	4.760590
2640.949	4.729200
2643.029	4.747780
2645.110	4.764720
2647.149	4.762400
2649.230	4.785640
2651.331	4.751430
2655.430	4.791210
2657.475	4.761190
2659.514	4.772610
2661.579	4.768970
2663.670	4.736270
2665.714	4.788630
2667.810	4.742190
2669.911	4.794840
2672.033	4.756410
2674.078	4.761960
2676.153	4.765110
2678.223	4.758520
2680.304	4.800440
2682.348	4.795390
2684.367	4.745030
2686.489	4.759820
2688.528	4.757150
2690.629	4.729290
2692.669	4.783050
2694.729	4.750830
2696.788	4.737490
2698.854	4.792880
2700.893	4.803430
2702.932	4.816390
2705.013	4.734110
2707.052	4.769340
2709.133	4.715660
2711.193	4.796740
2713.273	4.732410
2715.395	4.798110
2717.532	4.720110
2719.571	4.804940
2721.631	4.727750
2723.712	4.756400
2725.751	4.761660
2727.832	4.782060
2729.856	4.724520
2731.895	4.763140
2733.955	4.740410
2736.015	4.725560
2738.039	4.777030
2740.057	4.741610
2742.117	4.791210
2744.136	4.741070
2746.248	4.789490
2748.277	4.723360
2750.321	4.727870
2752.360	4.726780
2754.420	4.769690
2756.480	4.789110
2758.520	4.738780
2760.631	4.790660
2762.650	4.843430
2764.751	4.741710
2766.795	4.822560
2768.855	4.749890
2770.915	4.766780
2772.975	4.767430
2775.035	4.754170
2777.116	4.735560
2779.155	4.777810
2781.215	4.774430
2783.259	4.744710
2785.294	4.793750
2787.354	4.733430
2789.455	4.718280
2791.515	4.763170
2793.595	4.722040
2795.701	4.696660
2797.756	4.739580
2799.780	4.736300
2801.819	4.789560
2803.864	4.735420
2805.903	4.805010
2807.922	4.778910
2809.941	4.748420
2812.021	4.762050
2814.061	4.752730
2816.141	4.755030
2818.180	4.796680
2820.240	4.765880
2822.300	4.781250
2824.360	4.740020
2826.400	4.727700
2828.444	4.757200
2830.483	4.786370
2832.543	4.791700
2834.562	4.747650
2836.643	4.764640
2838.749	4.782680
2840.788	4.724890
2842.828	4.736260
2844.877	4.773440
2846.978	4.733000
2849.080	4.760620
2851.119	4.761350
2853.179	4.734630
2855.218	4.801770
2857.283	4.794530
2859.359	4.730590
2861.383	4.729410
2863.422	4.731190
2865.482	4.755990
2867.542	4.788510
2869.581	4.752440
2871.600	4.732220
2873.624	4.782090
2875.704	4.762800
2877.749	4.769480
2879.788	4.747720
2881.848	4.773070
2883.929	4.796470
2886.009	4.737150
2888.069	4.759210
2890.113	4.771410
2892.153	4.748500
2894.192	4.757950
2896.211	4.778420
2898.271	4.805960
2900.351	4.775170
2902.370	4.739360
2908.596	4.771760
2910.687	4.721250
2912.809	4.798760
2914.889	4.821870
2916.991	4.737980
2919.050	4.748740
2921.090	4.802400
2923.150	4.723590
2925.220	4.746870
2927.259	4.766940
2929.319	4.751940
2931.379	4.768590
2935.478	4.682850
2937.502	4.822290
2939.578	4.739310
2941.622	4.770160
2943.703	4.735970
2945.742	4.738830
2947.859	4.788860
2949.929	4.782800
2951.968	4.780230
2954.044	4.755470
2956.104	4.739090
2960.223	4.775160
2962.366	4.761680
2964.405	4.730170
2966.465	4.724290
2968.525	4.781840
2970.585	4.792970
2972.624	4.769050
2974.694	4.746670
2976.760	4.708390
2978.799	4.740030
2980.859	4.758710
2982.898	4.753620
2984.958	4.771980
2987.039	4.800780
2989.099	4.744230
2991.179	4.763960
2993.239	4.750610
2995.284	4.760030
2997.343	4.758870
2999.383	4.757570
3001.402	4.813820
3003.523	4.753640
3005.583	4.758180
3007.643	4.789530
3009.724	4.772640
3011.784	4.759710
3013.844	4.730420
3015.867	4.739430
3017.922	4.766710
3019.946	4.746730
3022.027	4.742120
3024.066	4.767940
3026.147	4.757000
3028.186	4.714040
3030.225	4.807100
3032.285	4.745980
3034.366	4.741650
3036.436	4.800410
3038.506	4.764190
3040.561	4.730180
3042.600	4.780640
3044.640	4.745800
3046.756	4.772810
3048.801	4.746530
3050.861	4.775820
3052.941	4.702330
3055.083	4.807630
3057.123	4.812090
3059.162	4.803720
3061.222	4.700410
3063.261	4.748990
3065.342	4.778400
3067.407	4.764700
3069.446	4.746710
3071.506	4.789330
3073.566	4.753590
3075.585	4.808100
3077.666	4.740950
3079.705	4.786150
3081.811	4.726350
3083.871	4.764050
3085.936	4.731870
3087.991	4.755550
3090.077	4.791730
3092.162	4.746090
3094.217	4.767020
3096.282	4.698730
3098.342	4.753200
3100.382	4.779640
3102.441	4.717910
3104.481	4.753490
3106.541	4.788030
3108.580	4.741100
3110.661	4.726080
3112.721	4.814510
3114.780	4.775750
3116.825	4.791320
3118.885	4.767960
3120.945	4.758100
3123.005	4.732640
3125.065	4.828190
3127.125	4.758960
3129.205	4.749270
3131.245	4.751190
3133.346	4.805230
3135.406	4.748190
3137.450	4.778600
3139.551	4.794890
3141.591	4.761200
3143.712	4.812580
3145.813	4.778580
3147.894	4.760130
3149.954	4.718870
3151.973	4.772990
3153.991	4.720910
3156.072	4.755650
3158.132	4.751320
3160.151	4.777150
3162.272	4.718980
3164.317	4.751840
3166.372	4.768530
3168.457	4.771570
3170.476	4.767310
3172.536	4.840650
3174.575	4.805830
3176.656	4.740260
3178.695	4.738260
3180.776	4.749730
3182.800	4.753630
3184.839	4.672020
3186.878	4.781730
3189.000	4.750850
3191.039	4.724390
3193.079	4.771020
3195.097	4.753170
3197.137	4.751670
3199.217	4.738770
3201.241	4.722720
3203.280	4.768640
3205.340	4.751050
3207.421	4.807960
3209.538	4.713350
3211.577	4.780060
3213.601	4.760170
3215.692	4.745950
3217.731	4.682470
3219.770	4.715020
3221.871	4.761660
3223.931	4.796450
3225.991	4.721110
3228.010	4.789170
3230.029	4.761250
3232.094	4.747290
3234.174	4.793670
3236.193	4.804450
3238.253	4.721230
3240.292	4.801640
3242.337	4.774170
3244.397	4.760010
3246.477	4.738240
3248.558	4.758710
3250.638	4.704590
3252.698	4.787250
3254.738	4.752200
3256.818	4.773960
3258.878	4.738110
3260.918	4.745530
3262.957	4.727940
3265.058	4.773680
3267.139	4.777240
3269.219	4.739980
3271.320	4.753650
3273.401	4.768200
3275.419	4.773700
3277.479	4.805720
3279.539	4.721130
3281.548	4.771160
3283.628	4.690630
3285.688	4.760370
3287.728	4.761410
3289.751	4.779830
3291.791	4.713520
3293.830	4.811560
3295.849	4.797700
3297.945	4.755930
3299.984	4.785900
3302.008	4.751700
3304.104	4.732770
3306.164	4.780100
3308.245	4.774960
3310.268	4.740670
3312.328	4.781590
3314.368	4.705280
3316.428	4.780430
3318.508	4.758740
3320.589	4.763610
3322.669	4.772230
3324.688	4.740960
3326.753	4.768410
3328.854	4.724540
3330.955	4.753730
3332.995	4.777060
3335.091	4.733730
3337.130	4.758250
3339.190	4.771980
3341.255	4.704090
3343.274	4.773530
3345.354	4.816880
3347.394	4.815240
3349.433	4.774110
3351.477	4.755360
3353.558	4.788580
3355.618	4.733090
3357.657	4.713660
3359.738	4.727500
3361.818	4.684290
3363.919	4.766890
3366.015	4.746560
3368.055	4.767310
3370.099	4.733810
3372.159	4.764790
3374.199	4.731320
3376.243	4.748160
3378.318	4.744920
3380.347	4.742460
3382.418	4.771300
3384.519	4.746270
3386.584	4.790090
3388.721	4.742560
3390.781	4.752140
3392.841	4.745010
3394.885	4.781240
3396.945	4.749240
3398.985	4.770520
3401.009	4.755920
3403.048	4.709250
3405.159	4.724470
3407.178	4.755850
3409.300	4.752970
3411.339	4.764330
3413.420	4.773440
3415.521	4.748550
3417.560	4.759940
3419.600	4.753630
3421.639	4.770880
3423.699	4.799330
3425.759	4.767730
3427.824	4.736900
3429.863	4.764180
3431.903	4.787280
3433.942	4.777150
3435.981	4.790140
3438.041	4.753300
3440.163	4.695300
3442.202	4.828150
3444.283	4.781240
3446.327	4.717950
3448.387	4.753430
3450.427	4.747710
3452.486	4.792060
3454.567	4.773860
3456.648	4.754080
3458.666	4.688870
3460.773	4.781260
3462.817	4.800570
3464.877	4.771680
3466.937	4.769380
3468.997	4.715150
3471.057	4.733170
3473.076	4.770940
3475.161	4.748380
3477.221	4.791280
3479.302	4.709400
3481.320	4.780830
3483.442	4.705980
3485.502	4.751670
3487.541	4.767070
3489.581	4.757690
3491.661	4.731590
3493.721	4.778800
3495.781	4.777480
3497.821	4.717010
3499.922	4.731770
3501.982	4.717030
3504.062	4.791360
3506.163	4.786250
3508.244	4.765430
3510.386	4.767110
3512.425	4.702560
3514.506	4.766660
3516.545	4.720210
3518.585	4.710690
3520.624	4.734940
3522.648	4.758820
3524.698	4.757870
3526.737	4.738060
3528.776	4.765450
3530.836	4.764610
3532.896	4.804640
3534.997	4.748000
3537.037	4.813920
3539.096	4.776580
3541.146	4.807670
3543.222	4.757410
3545.302	4.734550
3547.362	4.750680
3549.401	4.789280
3551.523	4.731740
3553.598	4.721390
3555.622	4.727830
3557.723	4.771840
3559.742	4.764430
3561.823	4.727960
3563.862	4.719860
3565.922	4.737220
3567.966	4.771960
3570.057	4.762780
3572.081	4.727190
3574.141	4.800050
3576.258	4.744120
3578.302	4.800140
3580.398	4.728750
3582.479	4.738910
3584.580	4.734140
3586.624	4.756830
3588.643	4.781870
3590.724	4.740930
3592.763	4.724030
3594.823	4.766930
3596.903	4.783730
3598.943	4.758880
3600.982	4.777850
3603.021	4.780690
3605.066	4.785610
3607.146	4.793500
3609.206	4.738650
3611.246	4.740230
3613.306	4.772120
3615.350	4.789150
3617.426	4.767240
3619.470	4.755690
3621.545	4.732620
3623.569	4.730880
3625.629	4.757370
3627.669	4.715030
3629.785	4.779280
3631.825	4.748680
3633.895	4.703470
3635.970	4.745750
3638.009	4.761350
3640.075	4.767300
3642.150	4.776310
3644.210	4.735460
3646.270	4.790070
3648.314	4.745660
3650.395	4.774630
3652.419	4.744340
3654.479	4.780470
3656.539	4.774400
3658.640	4.784230
3660.700	4.732520
3662.780	4.760900
3664.820	4.765500
3666.859	4.796430
3668.909	4.763930
3670.943	4.740510
3673.023	4.783900
3675.083	4.739490
3677.123	4.744990
3679.182	4.740840
3681.284	4.743310
3683.344	4.722660
3685.445	4.762690
3687.484	4.763390
3689.528	4.752830
3691.604	4.779620
3693.623	4.749900
3695.667	4.736600
3697.706	4.765870
3699.746	4.789470
3701.790	4.728480
3703.850	4.750320
3705.931	4.779780
3707.970	4.718210
3710.030	4.743340
3712.090	4.775680
3714.160	4.699960
3716.189	4.792800
3718.249	4.758990
3720.330	4.776350
3722.374	4.715830
3724.496	4.759350
3726.515	4.777440
3728.600	4.761170
3730.676	4.751060
3732.736	4.735040
3734.780	4.738660
3736.856	4.727960
3738.915	4.768170
3740.960	4.742660
3743.077	4.801170
3745.136	4.754220
3747.202	4.718790
3749.241	4.770160
3751.301	4.779760
3753.381	4.768010
3755.421	4.836660
3757.491	4.766040
3759.551	4.748290
3761.590	4.761900
3763.650	4.755320
3765.731	4.721910
3767.775	4.733320
3769.830	4.723340
3771.869	4.746360
3773.929	4.732060
3776.010	4.726680
3778.090	4.768950
3780.171	4.700340
3782.215	4.747370
3784.275	4.736020
3786.294	4.717950
3788.339	4.773450
3790.414	4.733270
3792.479	4.765530
3794.534	4.774020
3796.594	4.799830
3798.674	4.743130
3800.739	4.760310
3802.815	4.760890
3804.880	4.771520
3806.919	4.740010
3808.958	4.786450
3811.044	4.718930
3813.104	4.759300
3815.164	4.714850
3817.245	4.758520
3819.304	4.741750
3821.364	4.759250
3823.486	4.749890
3825.546	4.752450
3827.570	4.761470
3829.614	4.739810
3831.690	4.760750
3833.729	4.750560
3835.810	4.729680
3837.890	4.737830
3839.930	4.744300
3842.010	4.758820
3844.075	4.752030
3846.130	4.744950
3848.190	4.770120
3850.234	4.773540
3852.315	4.714740
3854.334	4.750180
3856.373	4.769850
3858.412	4.763930
3860.477	4.791690
3862.517	4.776960
3864.577	4.736530
3866.662	4.748600
3868.686	4.752940
3870.726	4.788740
3872.786	4.742760
3874.882	4.707050
3876.942	4.721950
3878.965	4.743990
3881.005	4.789500
3883.085	4.832440
3885.166	4.767630
3887.246	4.731750
3889.286	4.745640
3891.325	4.748930
3893.349	4.763070
3895.429	4.743580
3897.525	4.767710
3899.611	4.733860
3901.650	4.730510
3903.690	4.715840
3905.750	4.781480
3907.774	4.740680
3909.849	4.788690
3911.893	4.751630
3913.953	4.756970
3916.013	4.760900
3918.115	4.784130
3920.195	4.767670
3922.255	4.716420
3924.274	4.707910
3926.359	4.721440
3928.373	4.805030
3930.417	4.807740
3932.477	4.734870
3934.558	4.741900
3936.618	4.767790
3938.698	4.725430
3940.758	4.738470
3942.798	4.758960
3944.816	4.753140
3946.856	4.738900
3948.900	4.731730
3951.007	4.749550
3953.046	4.747520
3955.085	4.787560
3957.150	4.749310
3959.210	4.788770
3961.255	4.737600
3963.315	4.764500
3965.395	4.731420
3967.435	4.734790
3969.453	4.806990
3971.513	4.720030
3973.553	4.687260
3975.612	4.838290
3977.678	4.770250
3979.696	4.726570
3981.777	4.774080
3983.837	4.698780
3985.856	4.781020
3987.895	4.765230
3990.001	4.748870
3992.082	4.772000
3994.142	4.708160
3996.202	4.759440
3998.241	4.740750
4000.301	4.780570
4002.402	4.742290
4004.462	4.748460
4006.501	4.747100
4008.541	4.717540
4010.564	4.802010
4012.604	4.754450
4014.664	4.775550
4016.703	4.790610
4018.794	4.775770
4020.874	4.766160
4022.903	4.701050
4024.994	4.808860
4027.054	4.756440
4029.114	4.760050
4031.174	4.741120
4033.219	4.767340
4035.335	4.720640
4037.416	4.716420
4039.460	4.673510
4041.500	4.748120
4043.559	4.768700
4045.578	4.713080
4047.659	4.781860
4049.698	4.786420
4051.758	4.755450
4053.818	4.768700
4055.955	4.738640
4058.015	4.766400
4060.034	4.768660
4062.125	4.758820
4064.205	4.748410
4066.265	4.757720
4068.325	4.809900
4070.370	4.766940
4072.429	4.705720
4074.489	4.750650
4076.570	4.781040
4078.651	4.735060
4080.690	4.708000
4082.781	4.732440
4084.892	4.749000
4086.931	4.788230
4088.991	4.702180
4091.010	4.732380
4093.091	4.740030
4095.151	4.788100
4097.174	4.705180
4099.270	4.795140
4101.336	4.777470
4103.354	4.719190
4105.435	4.822320
4107.495	4.773050
4109.591	4.740300
4111.671	4.738000
4113.772	4.769290
4115.853	4.726510
4117.944	4.767670
4119.988	4.736410
4122.028	4.779470
4124.108	4.730980
4126.168	4.715640
4128.187	4.752020
4130.226	4.761580
4132.271	4.753460
4134.331	4.749710
4136.411	4.756350
4138.450	4.810590
4140.510	4.734990
4142.534	4.786920
4144.615	4.801000
4146.654	4.759920
4148.693	4.736990
4150.712	4.734670
4152.772	4.747280
4154.832	4.722460
4156.913	4.707220
4158.973	4.745740
4161.033	4.797050
4163.092	4.747700
4165.132	4.729830
4167.217	4.767800
4169.277	4.771370
4171.317	4.778070
4173.335	4.766750
4175.452	4.725070
4177.517	4.726750
4179.598	4.753460
4181.714	4.737820
4185.870	4.740070
4187.899	4.755950
4189.980	4.759670
4192.060	4.743130
4194.079	4.736460
4196.160	4.784410
4198.220	4.762710
4200.279	4.775190
4202.319	4.740120
4204.363	4.768200
4206.382	4.736530
4208.401	4.753480
4210.440	4.789790
4212.505	4.772300
4214.524	4.726690
4216.584	4.703610
4218.603	4.784320
4220.699	4.783310
4222.779	4.730800
4224.818	4.737230
4226.940	4.755050
4229.036	4.767920
4231.112	4.775580
4233.156	4.793510
4235.273	4.736650
4237.297	4.766160
4239.418	4.755770
4241.478	4.753170
4243.559	4.750660
4245.639	4.799710
4247.699	4.759670
4249.739	4.772910
4251.778	4.750010
4253.797	4.699440
4255.857	4.755890
4257.880	4.708650
4259.920	4.734170
4261.939	4.728700
4263.983	4.781750
4266.043	4.734750
4268.103	4.712580
4270.204	4.763690
4272.243	4.730710
4274.262	4.754380
4276.307	4.856700
4278.361	4.698910
4280.447	4.779960
4282.548	4.750770
4284.608	4.725900
4286.689	4.755880
4288.728	4.778320
4290.793	4.789860
4292.874	4.763080
4294.934	4.772430
4296.993	4.789500
4299.038	4.724590
4301.119	4.784440
4303.178	4.699000
4305.238	4.775640
4307.298	4.756300
4309.338	4.730300
4311.398	4.759740
4313.442	4.769170
4315.502	4.727430
4317.562	4.737300
4319.581	4.771560
4321.677	4.763460
4323.721	4.789310
4325.802	4.776890
4327.841	4.727200
4329.880	4.734730
4331.940	4.764870
4334.062	4.718590
4336.081	4.743120
4338.125	4.732670
4340.221	4.800000
4342.266	4.771720
4344.326	4.773530
4346.401	4.724670
4348.466	4.770880
4350.547	4.722190
4352.607	4.750780
4354.646	4.718980
4356.732	4.771220
4358.756	4.756850
4360.852	4.780530
4362.896	4.803080
4364.935	4.755620
4366.995	4.708400
4369.076	4.742370
4371.136	4.768910
4373.180	4.752290
4375.220	4.815600
4377.316	4.765600
4379.375	4.747920
4381.399	4.741410
4383.480	4.731950
4385.519	4.786140
4387.559	4.760780
4389.619	4.778340
4391.663	4.723470
4393.723	4.759850
4395.783	4.725990
4397.863	4.793430
4399.903	4.744490
4402.014	4.761880
4404.054	4.764630
4406.098	4.714450
4408.137	4.780080
4410.259	4.738910
4412.324	4.737820
4414.389	4.786260
4416.480	4.704690
4418.581	4.778930
4420.657	4.713380
4422.701	4.737990
4424.720	4.739770
4426.800	4.782950
4428.902	4.697350
4430.941	4.748530
4432.980	4.724390
4435.040	4.808360
4437.064	4.679560
4439.145	4.758950
4441.241	4.775870
4443.285	4.757820
4445.324	4.786860
4447.364	4.767990
4449.439	4.705950
4451.499	4.753720
4453.559	4.782450
4455.639	4.726780
4457.679	4.728260
4459.698	4.743990
4461.742	4.774200
4463.802	4.737410
4465.862	4.804500
4467.948	4.784300
4470.028	4.825280
4472.150	4.757270
4474.189	4.710110
4476.290	4.767390
4478.371	4.787960
4480.472	4.738340
4482.532	4.753270
4484.551	4.771800
4486.611	4.757820
4488.671	4.778720
4490.767	4.764240
4492.811	4.700430
4494.892	4.753020
4496.972	4.768670
4499.011	4.730090
4501.056	4.727500
4503.136	4.711740
4505.176	4.784240
4507.215	4.761670
4509.254	4.811200
4511.314	4.688900
4513.354	4.782590
4515.419	4.777770
4517.484	4.762600
4519.544	4.757230
4521.619	4.776600
4523.659	4.788760
4525.749	4.759200
4527.825	4.761500
4529.849	4.790300
4531.950	4.757970
4533.994	4.727510
4536.034	4.761890
4538.150	4.769820
4540.231	4.764280
4542.275	4.752760
4544.294	4.756280
4546.375	4.764830
4548.414	4.785240
4550.453	4.791960
4552.493	4.796510
4554.537	4.727890
4556.618	4.797150
4558.636	4.770590
4560.712	4.744530
4562.756	4.793190
4564.816	4.765520
4566.855	4.777800
4568.900	4.762560
4570.955	4.740970
4572.999	4.807340
4575.075	4.808140
4577.140	4.815870
4579.179	4.817910
4581.296	4.828830
4583.320	4.739620
4585.400	4.808620
4587.419	4.800730
4589.458	4.743530
4591.600	4.730530
4593.640	4.796850
4595.700	4.793420
4597.780	4.746580
4599.840	4.790230
4601.880	4.811040
4603.903	4.783330
4605.979	4.754790
4608.039	4.790660
4610.083	4.743970
4612.164	4.799740
4614.224	4.755080
4616.242	4.758060
4618.282	4.813790
4620.342	4.746910
4622.402	4.766160
4624.441	4.751310
4626.485	4.811840
4628.561	4.800880
4630.605	4.822190
4632.645	4.774010
4634.663	4.806350
4636.765	4.759090
4638.824	4.757260
4640.931	4.781630
4642.950	4.765710
4645.071	4.756500
4647.090	4.784890
4649.176	4.756190
4651.215	4.715200
4653.342	4.769540
4655.464	4.791570
4657.524	4.780780
4659.625	4.811730
4661.664	4.782710
4663.745	4.814260
4665.768	4.793610
4667.828	4.799410
4669.868	4.755170
4671.907	4.769820
4673.946	4.729210
4675.986	4.778430
4678.051	4.800610
4680.147	4.735480
4682.227	4.808490
4684.251	4.754540
4686.311	4.752280
4688.392	4.772660
4690.431	4.850420
4692.470	4.788890
4694.510	4.810950
4696.611	4.765910
4698.691	4.753900
4702.791	4.755960
4704.871	4.755350
4706.936	4.787250
4708.955	4.815890
4710.994	4.784470
4713.054	4.759750
4715.114	4.739260
4717.184	4.780140
4719.229	4.793440
4721.361	4.773410
4723.380	4.737580
4725.460	4.774690
4727.531	4.784070
4729.539	4.796480
4731.578	4.775120
4733.623	4.794650
4735.683	4.762630
4737.763	4.805030
4739.803	4.764280
4741.878	4.770430
4743.943	4.821600
4746.024	4.813950
4748.063	4.756970
4750.087	4.834060
4752.183	4.798720
4754.222	4.813020
4756.246	4.770040
4758.311	4.773640
4760.371	4.745930
4762.519	4.807970
4764.558	4.800280
4766.577	4.775120
4768.637	4.844230
4770.660	4.813790
4772.731	4.748860
4774.775	4.764500
4776.856	4.824110
4778.895	4.764600
4780.996	4.799240
4783.036	4.817820
4785.116	4.812120
4787.176	4.768110
4789.236	4.801420
4793.340	4.808870
4795.421	4.805130
4797.481	4.788720
4799.577	4.796430
4801.637	4.827040
4803.697	4.767710
4805.762	4.861700
4807.822	4.786890
4809.840	4.817290
4811.900	4.787960
4813.986	4.804170
4816.046	4.791790
4818.065	4.781600
4820.104	4.811650
4822.185	4.777620
4824.245	4.723780
4826.325	4.782900
4828.364	4.767260
4830.424	4.813230
4832.484	4.759500
4834.565	4.838620
4836.604	4.827660
4838.731	4.805360
4840.796	4.831640
