Elapsed time [s]	Value [0,800]
0.000	300.0150
0.118	299.9810
8.329	300.0430
14.561	299.9900
28.962	300.0200
35.152	299.9820
47.494	300.0290
53.632	299.9820
59.774	300.0410
61.836	299.9890
78.298	299.9590
80.388	299.9970
84.570	300.0370
90.737	299.9890
94.898	300.0250
96.999	299.9810
103.138	300.0140
109.279	299.9730
113.381	300.0050
138.018	299.9590
142.168	300.0120
150.395	299.9810
156.578	300.0530
160.718	300.0190
166.880	299.9840
168.919	300.0190
179.144	299.9800
189.462	300.0150
191.522	299.9720
193.602	300.0100
210.041	299.9720
214.166	300.0400
216.285	300.0100
245.011	299.9730
251.175	300.0040
267.655	299.9540
273.806	299.9890
284.088	300.0310
296.471	299.9900
315.072	299.9480
321.213	299.9980
335.756	299.9640
337.837	300.0090
352.290	300.0640
356.402	299.9940
370.767	299.9620
374.923	300.0190
385.233	300.0540
387.275	300.0230
391.436	299.9840
397.595	300.0170
414.080	299.9830
416.119	300.0170
424.321	299.9860
426.404	299.9450
428.482	300.0020
451.118	300.0530
453.180	300.0180
455.240	299.9860
465.594	299.9470
471.828	300.0000
490.308	300.0370
494.472	299.9960
496.552	300.0270
500.633	299.9750
502.719	300.0320
506.777	300.0000
513.034	299.9640
519.155	300.0060
535.722	299.9640
537.784	300.0020
562.465	300.0390
566.608	300.0060
568.660	299.9700
572.796	300.0180
576.872	299.9850
599.474	300.0170
605.556	300.0480
609.661	300.0120
615.887	300.0440
620.012	299.9680
630.330	300.0060
671.557	300.0430
673.619	299.9840
675.659	300.0230
685.963	299.9930
704.493	299.9580
706.552	300.0000
710.675	300.0320
720.874	299.9850
753.977	300.0250
756.058	299.9820
762.240	300.0300
770.441	299.9870
778.702	300.0230
784.884	299.9770
789.004	300.0160
799.335	299.9760
809.596	300.0080
817.835	300.0420
826.155	300.0020
869.509	300.0360
879.852	299.9900
883.952	300.0330
890.134	299.9960
898.335	299.9580
904.536	299.9910
912.698	300.0290
918.919	299.9950
921.020	300.0560
923.065	300.0160
931.266	299.9550
933.362	300.0000
960.043	299.9530
966.243	300.0020
1003.479	299.9690
1009.662	300.0220
1011.701	299.9880
1026.092	300.0270
1036.405	299.9960
1065.131	300.0330
1073.394	299.9850
1087.919	300.0280
1094.057	299.9890
1100.199	300.0210
1102.274	299.9780
1108.400	300.0200
1112.509	299.9860
1116.611	300.0190
1133.134	300.0530
1137.218	299.9970
1141.315	299.9640
1155.778	299.9950
1157.820	299.9620
1161.919	299.9930
1166.065	300.0400
1168.125	299.9970
1176.308	300.0290
1186.567	299.9880
1221.601	300.0350
1227.863	300.0050
1232.004	300.0540
1234.102	300.0200
1236.144	299.9890
1252.667	300.0220
1260.892	299.9920
1271.171	300.0260
1279.395	299.9710
1293.918	300.0350
1295.954	300.0030
1316.559	300.0460
1322.685	300.0100
1328.823	299.9510
1341.201	300.0050
1343.323	300.0440
1347.404	299.9710
1351.506	300.0170
1353.566	299.9840
1361.746	300.0160
1367.949	299.9790
1380.247	300.0110
1392.650	299.9620
1398.871	300.0080
1400.934	299.9740
1407.168	300.0170
1411.329	299.9820
1413.384	300.0320
1421.546	299.9860
1433.813	300.0220
1435.878	299.9430
1437.941	299.9820
1454.443	300.0150
1458.615	299.9740
1462.717	300.0060
1481.246	300.0400
1487.384	299.9980
1489.449	299.9920
1493.549	299.9380
1501.727	299.9930
1503.787	300.0330
1505.852	299.9940
1507.870	300.0490
1511.949	300.0080
1524.298	300.0500
1526.379	300.0040
1530.478	299.9560
1532.605	299.9870
1551.191	300.0370
1553.210	300.0050
1557.314	299.9600
1559.410	300.0110
1575.936	299.9710
1580.097	300.0040
1582.141	299.9620
1594.578	300.0000
1596.618	300.0570
1606.861	300.0130
1613.046	299.9680
1615.121	300.0220
1619.230	299.9430
1623.345	299.9780
1633.696	300.0280
1639.897	299.9950
1641.941	299.9590
1646.082	300.0020
1658.503	299.9710
1666.774	300.0050
1693.512	300.0420
1695.536	299.9770
1714.024	300.0240
1728.464	299.9900
1734.664	300.0340
1740.808	299.9780
1751.030	300.0120
1767.618	299.9730
1778.098	300.0070
1800.644	299.9560
1802.688	299.9900
1808.827	300.0570
1810.887	300.0260
1815.007	299.9760
1821.156	299.9390
1823.278	299.9820
1831.600	300.0130
1839.803	299.9780
1845.983	300.0240
1848.028	299.9770
1858.286	300.0410
1872.670	299.9900
1880.956	299.9550
1882.995	299.9910
1885.014	300.0250
1887.130	299.9940
1891.188	300.0270
1897.456	299.9950
1903.600	299.9620
1909.743	299.9950
1932.464	300.0350
1936.528	300.0020
1957.184	299.9620
1961.298	300.0140
1965.418	300.0450
1973.601	299.9900
1979.822	299.9540
1985.982	300.0060
1990.081	299.9520
1992.161	299.9900
2000.344	300.0390
2004.495	299.9890
2008.595	300.0230
2018.899	299.9750
2022.983	299.9330
2025.059	299.9830
2029.163	300.0430
2031.223	300.0030
2047.625	299.9640
2053.743	300.0160
2055.808	300.0560
2057.868	300.0230
2059.908	299.9780
2066.046	300.0110
2096.940	299.9740
2103.125	300.0120
2107.245	299.9790
2117.534	300.0210
2119.558	299.9660
2123.699	300.0030
2136.089	300.0470
2138.170	300.0130
2142.269	299.9810
2148.418	300.0300
2150.581	299.9810
2154.659	300.0200
2160.819	299.9600
2167.040	299.9990
2175.243	299.9500
2179.363	299.9820
2185.507	300.0250
2195.987	299.9900
2198.068	300.0340
2202.151	300.0030
2216.535	299.9600
2220.675	300.0010
2251.580	299.9690
2253.634	300.0070
2255.674	299.9630
2257.713	300.0100
2261.833	300.0510
2272.096	299.9710
2282.334	300.0030
2317.508	300.0390
2325.732	300.0000
2331.912	299.9680
2346.342	300.0060
2352.522	300.0390
2362.847	300.0000
2371.143	300.0330
2375.222	299.9820
2379.332	299.9380
2381.371	299.9770
2385.470	300.0180
2389.570	299.9800
2395.672	300.0190
2401.816	299.9850
2414.196	300.0160
2428.636	299.9800
2441.155	300.0200
2449.339	299.9790
2465.782	300.0140
2473.960	299.9810
2476.004	300.0250
2488.421	299.9790
2498.808	300.0120
2515.267	299.9750
2521.390	300.0080
2523.434	299.9760
2531.633	300.0070
2541.871	300.0480
2543.915	299.9790
2546.006	300.0130
2556.311	300.0500
2560.431	300.0040
2564.571	299.9620
2576.936	300.0070
2589.239	300.0420
2597.541	300.0080
2607.846	299.9540
2612.022	299.9910
2618.207	299.9340
2620.226	299.9700
2624.346	300.0280
2636.731	299.9970
2640.851	300.0320
2651.197	299.9850
2690.490	300.0310
2694.610	300.0010
2702.814	299.9640
2704.874	300.0070
2741.855	299.9690
2743.915	300.0050
2752.154	300.0430
2756.305	299.9900
2762.552	299.9560
2774.834	300.0010
2789.233	300.0320
2801.619	299.9930
2830.262	299.9560
2834.402	299.9880
2840.587	300.0270
2855.100	299.9880
2857.144	299.9540
2861.223	300.0220
2867.382	299.9920
2871.487	300.0270
2873.526	299.9840
2894.048	300.0210
2900.171	299.9780
2904.327	300.0090
2912.608	299.9760
2922.959	300.0140
2953.863	299.9780
2957.968	300.0180
2960.007	299.9780
2962.046	300.0180
2974.396	299.9860
2980.540	300.0250
2986.699	299.9830
3005.259	300.0140
3036.235	299.9680
3040.376	299.9980
3052.843	300.0290
3059.008	299.9550
3061.047	300.0500
3063.102	299.9970
3087.780	300.0430
3089.896	299.9720
3091.936	300.0120
3096.061	300.0450
3100.181	300.0050
3112.566	299.9430
3118.766	299.9830
3124.982	299.9500
3127.006	299.9880
3149.789	300.0490
3151.834	300.0150
3168.236	299.9850
3178.458	300.0330
3180.498	299.9990
3184.597	300.0500
3190.741	300.0040
3207.169	299.9660
3209.229	300.0040
3217.504	300.0520
3221.609	299.9940
3223.664	299.9600
3225.687	299.9920
3250.355	300.0510
3260.598	299.9940
3277.181	299.9580
3279.220	300.0110
3283.361	300.0610
3287.486	300.0240
3293.665	299.9730
3310.124	300.0090
3347.296	299.9480
3351.359	299.9920
3353.414	299.9530
3355.458	299.9860
3357.554	300.0190
3361.695	300.0630
3363.755	300.0250
3367.880	299.9810
3378.159	300.0140
3382.201	299.9830
3392.583	300.0220
3394.628	299.9890
3398.835	300.0210
3413.178	299.9730
3419.352	300.0070
3423.472	299.9760
3427.592	300.0180
3431.697	299.9870
3439.957	300.0180
3441.996	299.9490
3446.111	299.9940
3456.472	300.0280
3462.673	299.9980
3497.702	300.0280
3506.050	299.9800
3516.396	300.0440
3524.579	299.9930
3526.618	300.0260
3530.707	299.9910
3541.012	299.9440
3545.111	300.0270
3549.231	299.9960
3553.310	300.0390
3557.409	300.0020
3563.651	300.0330
3574.038	299.9950
3578.199	299.9640
3580.300	300.0020
3588.520	299.9700
3610.942	300.0520
3612.986	300.0210
3639.930	299.9900
3677.004	300.0230
3699.627	299.9780
3703.706	300.0220
3713.934	300.0540
3715.994	299.9790
3718.095	300.0100
3742.922	299.9660
3747.057	300.0110
3751.141	299.9590
3753.201	299.9950
3755.240	299.9440
3759.386	300.0060
3779.955	300.0510
3782.030	300.0140
3794.395	299.9580
3810.885	300.0040
3827.446	299.9700
3829.568	300.0050
3860.277	299.9690
3866.472	300.0290
3870.623	299.9880
3874.779	300.0260
3878.868	299.9940
3882.987	299.9460
3885.068	299.9810
3895.326	300.0220
3905.590	299.9900
3924.093	300.0340
3930.211	299.9640
3934.357	300.0160
3940.542	299.9790
3944.683	300.0180
3950.888	299.9830
3952.927	300.0180
3959.009	299.9690
3965.169	300.0190
3969.309	299.9830
3973.388	300.0540
3975.406	299.9860
3979.532	300.0180
3985.701	299.9790
3993.951	300.0350
4000.198	299.9920
4008.319	300.0250
4010.410	299.9830
4022.775	300.0270
4024.835	299.9580
4028.965	299.9910
4037.215	300.0240
4039.295	300.0560
4047.484	300.0210
4053.715	299.9810
4072.306	300.0140
4082.487	300.0530
4084.526	300.0220
4094.857	299.9830
4105.177	299.9520
4107.217	299.9820
4109.256	300.0190
4121.786	299.9710
4123.866	300.0030
4138.270	299.9640
4140.310	299.9990
4152.674	300.0310
4160.930	299.9880
4171.173	299.9580
4175.313	300.0000
4183.579	300.0310
4191.715	299.9720
4193.806	300.0170
4195.840	299.9800
4216.440	300.0490
4218.500	300.0140
4232.981	299.9770
4235.020	300.0140
4243.245	299.9730
4257.644	300.0260
4276.188	299.9650
4278.248	299.9990
4290.680	299.9630
4298.914	300.0020
4323.598	299.9540
4327.738	300.0100
4340.046	299.9640
4346.205	300.0110
4374.993	299.9800
4395.536	300.0150
4399.661	299.9810
4405.918	300.0130
4414.276	299.9720
4416.341	300.0040
4443.079	299.9710
4449.341	300.0330
4453.404	299.9880
4455.459	300.0310
4461.618	299.9990
4469.910	299.9460
4474.091	299.9770
4480.271	300.0110
4496.756	299.9600
4498.795	300.0220
4511.160	300.0620
4513.246	300.0080
4517.319	299.9700
4531.749	300.0180
4540.030	299.9780
4542.110	300.0090
4574.920	299.9660
4581.136	299.9320
4583.222	299.9900
4589.360	300.0250
4601.684	299.9880
4616.124	300.0250
4618.163	299.9840
4620.182	300.0160
4626.346	299.9850
4640.751	300.0270
4655.309	299.9920
4673.828	300.0320
4675.872	299.9950
4690.328	299.9590
4698.491	300.0160
4733.499	299.9720
4756.122	300.0200
4766.345	299.9790
4772.612	300.0230
4789.117	299.9820
4817.931	300.0190
4824.049	300.0600
4832.253	300.0280
4834.312	299.9900
