Time Stamp (Seconds), System Temp (Kelvin), Field (Oersted), Pressure (Torr)
36014455.8, 1.8972, 0.131, 9.3E-6
36014455.8, 1.8972, 0.131, 9.3E-6
36014471.27, 1.8964, 0.131, 9.2E-6
36014486.72, 1.896, 0.131, 9.4E-6
36014502.19, 1.8966, 0.131, 9.3E-6
36014517.66, 1.8952, 0.131, 9.3E-6
36014533.05, 1.896, 0.131, 9.4E-6
36014548.47, 1.8962, 0.131, 9.4E-6
36014563.92, 1.8959, 0.131, 9.3E-6
36014582.08, 1.8945, 0.131, 9.2E-6
36014761.44, 2.0044, 0.131, 9.3E-6
36014776.84, 2.0064, 0.131, 9.2E-6
36014795.11, 2.0071, 0.131, 9.3E-6
36014810.44, 2.0066, 0.131, 9.3E-6
36014825.91, 2.007, 0.131, 9.4E-6
36014844.05, 2.0073, 0.131, 9.3E-6
36014862.33, 2.0074, 0.131, 9.4E-6
36014877.83, 2.0064, 0.131, 9.4E-6
36014895.8, 2.0075, 0.131, 9.3E-6
36014911.19, 2.0071, 0.131, 9.3E-6
36014926.45, 2.007, 0.131, 9.4E-6
36014942.78, 2.0074, 0.131, 9.3E-6
36015113.89, 2.1118, 0.131, 9.3E-6
36015129.38, 2.1125, 0.131, 9.3E-6
36015144.69, 2.1125, 0.131, 9.3E-6
36015160.34, 2.1132, 0.131, 9.4E-6
36015175.77, 2.1123, 0.131, 9.2E-6
36015192.09, 2.1126, 0.131, 9.4E-6
36015208.41, 2.1125, 0.131, 9.2E-6
36015223.77, 2.1131, 0.131, 9.4E-6
36015241.97, 2.1135, 0.131, 9.2E-6
36015257.44, 2.1142, 0.131, 9.4E-6
36015272.86, 2.1135, 0.131, 9.4E-6
36015291.91, 2.1144, 0.131, 9.4E-6
36015467.55, 2.2124, 0.131, 9.4E-6
36015483.02, 2.215, 0.131, 9.4E-6
36015498.41, 2.2127, 0.131, 9.3E-6
36015513.75, 2.2128, 0.131, 9.4E-6
36015529.2, 2.2126, 0.131, 9.3E-6
36015544.61, 2.2117, 0.131, 9.2E-6
36015560.06, 2.2117, 0.131, 9.3E-6
36015575.55, 2.2136, 0.131, 9.3E-6
36015591.03, 2.2116, 0.131, 9.3E-6
36015606.55, 2.2115, 0.131, 9.2E-6
36015621.78, 2.2132, 0.131, 9.4E-6
36015637.2, 2.2111, 0.131, 9.4E-6
36015813.72, 2.3129, 0.131, 9.4E-6
36015832.06, 2.3137, 0.131, 9.3E-6
36015847.59, 2.3124, 0.131, 9.2E-6
36015863.05, 2.3142, 0.131, 9.3E-6
36015878.45, 2.3163, 0.131, 9.3E-6
36015893.94, 2.316, 0.131, 9.3E-6
36015909.52, 2.3143, 0.131, 9.4E-6
36015925.11, 2.3139, 0.131, 9.4E-6
36015943.48, 2.3127, 0.131, 9.3E-6
36015961.81, 2.3126, 0.131, 9.3E-6
36015977.25, 2.3149, 0.131, 9.2E-6
36015995.53, 2.3163, 0.131, 9.3E-6
36016171.06, 2.4183, 0.131, 9.2E-6
36016186.45, 2.4184, 0.131, 9.3E-6
36016201.95, 2.4179, 0.131, 9.2E-6
36016217.41, 2.4191, 0.131, 9.2E-6
36016235.72, 2.4182, 0.131, 9.2E-6
36016251.19, 2.4183, 0.131, 9.4E-6
36016266.59, 2.4184, 0.131, 9.2E-6
36016282.14, 2.4183, 0.131, 9.3E-6
36016298.33, 2.4184, 0.131, 9.3E-6
36016313.8, 2.4188, 0.131, 9.3E-6
36016332.11, 2.4219, 0.131, 9.4E-6
36016347.66, 2.4183, 0.131, 9.3E-6
36016526.13, 2.519, 0.131, 9.4E-6
36016544.25, 2.5209, 0.131, 9.3E-6
36016562.44, 2.5212, 0.131, 9.3E-6
36016577.97, 2.5218, 0.131, 9.3E-6
36016597.13, 2.5217, 0.131, 9.4E-6
36016612.69, 2.5243, 0.131, 9.4E-6
36016631.14, 2.5222, 0.131, 9.3E-6
36016649.48, 2.5225, 0.131, 9.3E-6
36016665.03, 2.5223, 0.131, 9.3E-6
36016680.47, 2.5224, 0.131, 9.3E-6
36016695.91, 2.5223, 0.131, 9.2E-6
36016711.42, 2.5225, 0.131, 9.2E-6
36016898.88, 2.6185, 0.131, 9.4E-6
36016920.39, 2.6161, 0.131, 9.4E-6
36016942.25, 2.6191, 0.131, 9.4E-6
36016958.28, 2.6102, 0.131, 9.4E-6
36016974.48, 2.6086, 0.131, 9.2E-6
36016994.19, 2.6173, 0.131, 9.3E-6
36017013.83, 2.6182, 0.131, 9.2E-6
36017029.89, 2.6067, 0.131, 9.4E-6
36017045.91, 2.6184, 0.131, 9.2E-6
36017067.53, 2.6183, 0.131, 9.4E-6
36017083.53, 2.6162, 0.131, 9.4E-6
36017099.61, 2.6174, 0.131, 9.2E-6
36017280.5, 2.7225, 0.131, 9.4E-6
36017299.28, 2.715, 0.131, 9.3E-6
36017315.56, 2.7152, 0.131, 9.2E-6
36017334.56, 2.7213, 0.131, 9.2E-6
36017350.7, 2.7139, 0.131, 9.4E-6
36017366.73, 2.712, 0.131, 9.3E-6
36017382.73, 2.7225, 0.131, 9.4E-6
36017398.89, 2.716, 0.131, 9.3E-6
36017414.98, 2.7147, 0.131, 9.4E-6
36017436.8, 2.7135, 0.131, 9.3E-6
36017452.89, 2.7198, 0.131, 9.2E-6
36017471.64, 2.7137, 0.131, 9.4E-6
36017661.53, 2.8215, 0.131, 9.3E-6
36017680.39, 2.8231, 0.131, 9.3E-6
36017696.58, 2.8227, 0.131, 9.3E-6
36017715.36, 2.8213, 0.131, 9.3E-6
36017735.11, 2.8262, 0.131, 9.2E-6
36017751.38, 2.8223, 0.131, 9.3E-6
36017767.59, 2.8192, 0.131, 9.4E-6
36017786.63, 2.8225, 0.131, 9.3E-6
36017805.39, 2.8255, 0.131, 9.2E-6
36017822.38, 2.8358, 0.131, 9.2E-6
36017838.47, 2.8376, 0.131, 9.2E-6
36017855.55, 2.8371, 0.131, 9.3E-6
36018029.2, 2.9441, 0.131, 9.2E-6
36018044.67, 2.9474, 0.131, 9.2E-6
36018063.03, 2.9459, 0.131, 9.4E-6
36018078.59, 2.9477, 0.131, 9.3E-6
36018094.23, 2.9465, 0.131, 9.4E-6
36018109.92, 2.9475, 0.131, 9.4E-6
36018125.48, 2.9481, 0.131, 9.2E-6
36018141.03, 2.9493, 0.131, 9.2E-6
36018156.45, 2.9513, 0.131, 9.4E-6
36018171.91, 2.9511, 0.131, 9.3E-6
36018190.3, 2.9517, 0.131, 9.4E-6
36018208.58, 2.9496, 0.131, 9.2E-6
36018386.7, 3.0489, 0.131, 9.2E-6
36018405.11, 3.0499, 0.131, 9.2E-6
36018420.61, 3.0509, 0.131, 9.2E-6
36018436.09, 3.0524, 0.131, 9.4E-6
36018451.66, 3.0505, 0.131, 9.4E-6
36018467.42, 3.0533, 0.131, 9.4E-6
36018482.81, 3.0519, 0.131, 9.3E-6
36018498.31, 3.0524, 0.131, 9.2E-6
36018513.75, 3.0562, 0.131, 9.3E-6
36018529.19, 3.0536, 0.131, 9.2E-6
36018547.58, 3.0563, 0.131, 9.2E-6
36018563.22, 3.055, 0.131, 9.4E-6
36018730.45, 3.1507, 0.131, 9.2E-6
36018745.98, 3.1508, 0.131, 9.3E-6
36018761.56, 3.1555, 0.131, 9.4E-6
36018777.08, 3.1557, 0.131, 9.4E-6
36018792.77, 3.1539, 0.131, 9.3E-6
36018808.38, 3.1575, 0.131, 9.2E-6
36018824.19, 3.1547, 0.131, 9.2E-6
36018839.81, 3.1573, 0.131, 9.2E-6
36018855.39, 3.1543, 0.131, 9.4E-6
36018871.83, 3.1583, 0.131, 9.2E-6
36018887.45, 3.1565, 0.131, 9.2E-6
36018905.83, 3.1579, 0.131, 9.4E-6
36019080.05, 3.2552, 0.131, 9.3E-6
36019095.66, 3.2556, 0.131, 9.3E-6
36019111.25, 3.2573, 0.131, 9.4E-6
36019126.97, 3.2573, 0.131, 9.3E-6
36019145.13, 3.259, 0.131, 9.2E-6
36019160.89, 3.2586, 0.131, 9.2E-6
36019176.48, 3.2574, 0.131, 9.2E-6
36019194.78, 3.2601, 0.131, 9.2E-6
36019213.17, 3.2619, 0.131, 9.4E-6
36019228.83, 3.2599, 0.131, 9.4E-6
36019244.39, 3.2599, 0.131, 9.4E-6
36019260.05, 3.2654, 0.131, 9.3E-6
36019424.97, 3.3575, 0.131, 9.3E-6
36019440.47, 3.3568, 0.131, 9.2E-6
36019456.88, 3.3561, 0.131, 9.3E-6
36019472.36, 3.3625, 0.131, 9.3E-6
36019488.06, 3.3626, 0.131, 9.4E-6
36019503.67, 3.3605, 0.131, 9.3E-6
36019519.39, 3.3609, 0.131, 9.2E-6
36019535.09, 3.3606, 0.131, 9.4E-6
36019550.61, 3.3609, 0.131, 9.4E-6
36019566.31, 3.3659, 0.131, 9.2E-6
36019582.17, 3.3655, 0.131, 9.4E-6
36019597.81, 3.3661, 0.131, 9.3E-6
36019757.45, 3.4602, 0.131, 9.4E-6
36019772.97, 3.4619, 0.131, 9.3E-6
36019788.58, 3.4612, 0.131, 9.2E-6
36019804.11, 3.4624, 0.131, 9.2E-6
36019819.77, 3.462, 0.131, 9.3E-6
36019838.78, 3.4644, 0.131, 9.2E-6
36019854.36, 3.464, 0.131, 9.3E-6
36019870.06, 3.4648, 0.131, 9.3E-6
36019885.55, 3.4695, 0.131, 9.4E-6
36019904.06, 3.4657, 0.131, 9.3E-6
36019919.78, 3.4686, 0.131, 9.3E-6
36019935.5, 3.4669, 0.131, 9.4E-6
36020098.73, 3.562, 0.131, 9.3E-6
36020114.39, 3.5648, 0.131, 9.2E-6
36020132.83, 3.5653, 0.131, 9.3E-6
36020148.47, 3.5663, 0.131, 9.3E-6
36020165, 3.5687, 0.131, 9.4E-6
36020184.33, 3.5713, 0.131, 9.3E-6
36020199.92, 3.5713, 0.131, 9.2E-6
36020215.52, 3.5717, 0.131, 9.4E-6
36020231.2, 3.5696, 0.131, 9.3E-6
36020250.42, 3.5698, 0.131, 9.2E-6
36020266.03, 3.5716, 0.131, 9.4E-6
36020281.73, 3.5718, 0.131, 9.4E-6
36020445.3, 3.6663, 0.131, 9.2E-6
36020460.8, 3.6682, 0.131, 9.3E-6
36020476.41, 3.6705, 0.131, 9.3E-6
36020492.02, 3.6701, 0.131, 9.3E-6
36020507.72, 3.6704, 0.131, 9.2E-6
36020529.61, 3.6734, 0.131, 9.3E-6
36020545.22, 3.6735, 0.131, 9.3E-6
36020561.8, 3.6747, 0.131, 9.4E-6
36020577.39, 3.6735, 0.131, 9.2E-6
36020593.11, 3.6745, 0.131, 9.2E-6
36020610.39, 3.6727, 0.131, 9.3E-6
36020626.05, 3.6752, 0.131, 9.3E-6
36020788.52, 3.7685, 0.131, 9.4E-6
36020804.19, 3.7732, 0.131, 9.2E-6
36020819.83, 3.7711, 0.131, 9.3E-6
36020835.5, 3.7742, 0.131, 9.3E-6
36020854.05, 3.774, 0.131, 9.2E-6
36020869.81, 3.7762, 0.131, 9.3E-6
36020886.41, 3.776, 0.131, 9.4E-6
36020907.55, 3.7763, 0.131, 9.3E-6
36020923.25, 3.7736, 0.131, 9.4E-6
36020938.92, 3.7778, 0.131, 9.2E-6
36020957.42, 3.7771, 0.131, 9.4E-6
36020973.25, 3.7777, 0.131, 9.4E-6
36021133.48, 3.8706, 0.131, 9.4E-6
36021149.38, 3.8731, 0.131, 9.2E-6
36021165.08, 3.8734, 0.131, 9.2E-6
36021180.8, 3.8752, 0.131, 9.4E-6
36021197.28, 3.8748, 0.131, 9.4E-6
36021212.95, 3.8757, 0.131, 9.2E-6
36021228.75, 3.8751, 0.131, 9.2E-6
36021245.27, 3.8757, 0.131, 9.3E-6
36021260.89, 3.8765, 0.131, 9.4E-6
36021276.72, 3.8798, 0.131, 9.4E-6
36021292.31, 3.8777, 0.131, 9.3E-6
36021308.06, 3.8756, 0.131, 9.2E-6
36021470.25, 3.9739, 0.131, 9.4E-6
36021488.72, 3.9737, 0.131, 9.3E-6
36021507.28, 3.9748, 0.131, 9.3E-6
36021522.94, 3.9743, 0.131, 9.2E-6
36021538.56, 3.9754, 0.131, 9.4E-6
36021556.94, 3.9766, 0.131, 9.3E-6
36021572.7, 3.9765, 0.131, 9.3E-6
36021589.16, 3.9794, 0.131, 9.3E-6
36021608.48, 3.9794, 0.131, 9.4E-6
36021624.17, 3.9788, 0.131, 9.3E-6
36021639.84, 3.9807, 0.131, 9.4E-6
36021655.5, 3.9785, 0.131, 9.3E-6
36021817.73, 4.0747, 0.131, 9.2E-6
36021833.31, 4.0755, 0.131, 9.4E-6
36021848.98, 4.0788, 0.131, 9.3E-6
36021864.64, 4.0776, 0.131, 9.2E-6
36021880.39, 4.0809, 0.131, 9.2E-6
36021898.92, 4.0822, 0.131, 9.2E-6
36021914.72, 4.084, 0.131, 9.3E-6
36021930.38, 4.0828, 0.131, 9.4E-6
36021946.13, 4.0807, 0.131, 9.3E-6
36021965.72, 4.0844, 0.131, 9.3E-6
36021986.97, 4.0863, 0.131, 9.4E-6
36022005.52, 4.0835, 0.131, 9.4E-6
36022174.48, 4.1791, 0.131, 9.4E-6
36022190.28, 4.1763, 0.131, 9.2E-6
36022206.03, 4.1819, 0.131, 9.4E-6
36022224.61, 4.1794, 0.131, 9.4E-6
36022243.06, 4.183, 0.131, 9.4E-6
36022258.73, 4.1851, 0.131, 9.4E-6
36022274.58, 4.1847, 0.131, 9.3E-6
36022290.28, 4.1847, 0.131, 9.2E-6
36022306.83, 4.1828, 0.131, 9.3E-6
36022325.28, 4.1862, 0.131, 9.4E-6
36022340.95, 4.1852, 0.131, 9.2E-6
36022356.69, 4.1869, 0.131, 9.2E-6
36022529.48, 4.2793, 0.131, 9.4E-6
36022548.66, 4.2813, 0.131, 9.2E-6
36022568.77, 4.2845, 0.131, 9.4E-6
36022588, 4.2836, 0.131, 9.4E-6
36022604.33, 4.2832, 0.131, 9.3E-6
36022623.38, 4.2859, 0.131, 9.4E-6
36022639.73, 4.2847, 0.131, 9.4E-6
36022658.73, 4.2867, 0.131, 9.2E-6
36022674.92, 4.289, 0.131, 9.4E-6
36022692.23, 4.2885, 0.131, 9.4E-6
36022708.52, 4.2902, 0.131, 9.2E-6
36022725, 4.2873, 0.131, 9.4E-6
36022886.11, 4.3813, 0.131, 9.3E-6
36022901.72, 4.3835, 0.131, 9.3E-6
36022920.31, 4.3829, 0.131, 9.3E-6
36022936.08, 4.3843, 0.131, 9.4E-6
36022952.06, 4.3837, 0.131, 9.4E-6
36022967.83, 4.3837, 0.131, 9.3E-6
36022983.78, 4.3837, 0.131, 9.4E-6
36022999.52, 4.3834, 0.131, 9.4E-6
36023015.38, 4.384, 0.131, 9.3E-6
36023031.91, 4.384, 0.131, 9.2E-6
36023047.81, 4.3875, 0.131, 9.2E-6
36023063.42, 4.3852, 0.131, 9.3E-6
36023229.83, 4.4809, 0.131, 9.4E-6
36023248.44, 4.4821, 0.131, 9.3E-6
36023266.94, 4.4843, 0.131, 9.4E-6
36023285.52, 4.4851, 0.131, 9.2E-6
36023301.16, 4.4837, 0.131, 9.4E-6
36023316.98, 4.4864, 0.131, 9.4E-6
36023333.56, 4.4875, 0.131, 9.2E-6
36023349.34, 4.488, 0.131, 9.2E-6
36023366.05, 4.4883, 0.131, 9.4E-6
36023381.86, 4.4906, 0.131, 9.2E-6
36023397.69, 4.4906, 0.131, 9.4E-6
36023413.42, 4.4899, 0.131, 9.3E-6
36023574.8, 4.5831, 0.131, 9.2E-6
36023590.63, 4.5842, 0.131, 9.2E-6
36023606.61, 4.5876, 0.131, 9.4E-6
36023625.31, 4.586, 0.131, 9.4E-6
36023641.06, 4.5902, 0.131, 9.2E-6
36023657.06, 4.5881, 0.131, 9.4E-6
36023675.64, 4.5883, 0.131, 9.4E-6
36023692.33, 4.5915, 0.131, 9.3E-6
36023708.13, 4.5936, 0.131, 9.3E-6
36023724, 4.5915, 0.131, 9.2E-6
36023739.69, 4.5889, 0.131, 9.4E-6
36023758.3, 4.5914, 0.131, 9.4E-6
36023919.73, 4.6845, 0.131, 9.3E-6
36023936.48, 4.6872, 0.131, 9.3E-6
36023955.14, 4.6916, 0.131, 9.4E-6
36023971, 4.6916, 0.131, 9.2E-6
36023986.95, 4.6929, 0.131, 9.4E-6
36024005.72, 4.6942, 0.131, 9.4E-6
36024021.55, 4.693, 0.131, 9.2E-6
36024040.2, 4.6961, 0.131, 9.3E-6
36024056.05, 4.6936, 0.131, 9.4E-6
36024071.89, 4.6964, 0.131, 9.2E-6
36024087.78, 4.6965, 0.131, 9.3E-6
36024103.88, 4.6981, 0.131, 9.3E-6
36024268.06, 4.7925, 0.131, 9.3E-6
36024283.88, 4.7954, 0.131, 9.3E-6
36024300.7, 4.7954, 0.131, 9.4E-6
36024316.63, 4.796, 0.131, 9.4E-6
36024332.48, 4.7966, 0.131, 9.3E-6
36024348.36, 4.7977, 0.131, 9.2E-6
36024367, 4.7979, 0.131, 9.2E-6
36024383.84, 4.8004, 0.131, 9.4E-6
36024399.81, 4.8009, 0.131, 9.2E-6
36024415.81, 4.8015, 0.131, 9.2E-6
36024431.89, 4.8036, 0.131, 9.4E-6
36024447.83, 4.8032, 0.131, 9.2E-6
36024607.92, 4.8953, 0.131, 9.4E-6
36024624.59, 4.8986, 0.131, 9.3E-6
36024643.22, 4.8977, 0.131, 9.3E-6
36024659, 4.9001, 0.131, 9.2E-6
36024675, 4.8995, 0.131, 9.3E-6
36024690.92, 4.9012, 0.131, 9.3E-6
36024706.75, 4.9017, 0.131, 9.3E-6
36024725.48, 4.9061, 0.131, 9.4E-6
36024741.45, 4.9047, 0.131, 9.4E-6
36024757.47, 4.9042, 0.131, 9.4E-6
36024774.08, 4.9043, 0.131, 9.4E-6
36024789.97, 4.9062, 0.131, 9.3E-6
36024959.95, 5.0005, 0.131, 9.2E-6
36024979.47, 5.0002, 0.131, 9.3E-6
36024995.33, 5.0047, 0.131, 9.3E-6
36025011.25, 5.0051, 0.131, 9.2E-6
36025027.2, 5.003, 0.131, 9.2E-6
36025043, 5.0044, 0.131, 9.3E-6
36025061.63, 5.0055, 0.131, 9.2E-6
36025077.5, 5.0078, 0.131, 9.4E-6
36025096.2, 5.0098, 0.131, 9.3E-6
36025114.89, 5.0129, 0.131, 9.4E-6
36025133.45, 5.0086, 0.131, 9.3E-6
36025149.23, 5.0105, 0.131, 9.4E-6
36025306.91, 5.1009, 0.131, 9.4E-6
36025324.77, 5.1041, 0.131, 9.3E-6
36025340.67, 5.1018, 0.131, 9.4E-6
36025356.56, 5.1026, 0.131, 9.3E-6
36025372.44, 5.1067, 0.131, 9.3E-6
36025388.38, 5.1054, 0.131, 9.3E-6
36025407.03, 5.1043, 0.131, 9.3E-6
36025422.91, 5.1102, 0.131, 9.4E-6
36025441.66, 5.1115, 0.131, 9.2E-6
36025457.52, 5.1133, 0.131, 9.3E-6
36025474.23, 5.11, 0.131, 9.4E-6
36025491.03, 5.1099, 0.131, 9.3E-6
36025648.88, 5.2025, 0.131, 9.4E-6
36025667.5, 5.2058, 0.131, 9.4E-6
36025683.53, 5.204, 0.131, 9.3E-6
36025699.56, 5.2074, 0.131, 9.3E-6
36025715.66, 5.207, 0.131, 9.2E-6
36025734.45, 5.2105, 0.131, 9.4E-6
36025750.25, 5.2121, 0.131, 9.3E-6
36025768.97, 5.2126, 0.131, 9.2E-6
36025784.89, 5.2128, 0.131, 9.3E-6
36025803.5, 5.2141, 0.131, 9.4E-6
36025819.44, 5.2141, 0.131, 9.2E-6
36025835.34, 5.2149, 0.131, 9.4E-6
36025993.2, 5.3069, 0.131, 9.4E-6
36026009.14, 5.3089, 0.131, 9.4E-6
36026025.03, 5.3096, 0.131, 9.4E-6
36026041.06, 5.3097, 0.131, 9.2E-6
36026057.08, 5.3099, 0.131, 9.4E-6
36026073.11, 5.3132, 0.131, 9.3E-6
36026089.02, 5.3145, 0.131, 9.3E-6
36026104.89, 5.3146, 0.131, 9.4E-6
36026120.75, 5.3165, 0.131, 9.4E-6
36026136.47, 5.3146, 0.131, 9.3E-6
36026152.36, 5.3186, 0.131, 9.3E-6
36026168.19, 5.3199, 0.131, 9.3E-6
36026325.95, 5.4098, 0.131, 9.2E-6
36026344.58, 5.4112, 0.131, 9.2E-6
36026363.28, 5.4092, 0.131, 9.2E-6
36026379.38, 5.4138, 0.131, 9.2E-6
36026395.33, 5.4134, 0.131, 9.4E-6
36026412.17, 5.4136, 0.131, 9.3E-6
36026428.14, 5.4143, 0.131, 9.4E-6
36026444.11, 5.4184, 0.131, 9.4E-6
36026460.83, 5.4136, 0.131, 9.4E-6
36026476.73, 5.4176, 0.131, 9.3E-6
36026492.73, 5.4191, 0.131, 9.3E-6
36026508.77, 5.416, 0.131, 9.3E-6
36026670.48, 5.5089, 0.131, 9.3E-6
36026686.61, 5.5139, 0.131, 9.2E-6
36026702.58, 5.5114, 0.131, 9.4E-6
36026721.31, 5.5142, 0.131, 9.4E-6
36026737.22, 5.5126, 0.131, 9.3E-6
36026753.33, 5.5177, 0.131, 9.2E-6
36026769.34, 5.5166, 0.131, 9.3E-6
36026788.14, 5.517, 0.131, 9.2E-6
36026804.22, 5.5171, 0.131, 9.3E-6
36026820.22, 5.5175, 0.131, 9.2E-6
36026836.11, 5.5188, 0.131, 9.4E-6
36026852.16, 5.5199, 0.131, 9.3E-6
36027012.69, 5.6106, 0.131, 9.3E-6
36027028.88, 5.6117, 0.131, 9.2E-6
36027044.95, 5.6142, 0.131, 9.3E-6
36027060.97, 5.6162, 0.131, 9.4E-6
36027077.05, 5.6172, 0.131, 9.3E-6
36027092.94, 5.6162, 0.131, 9.4E-6
36027108.94, 5.6171, 0.131, 9.4E-6
36027125, 5.6197, 0.131, 9.2E-6
36027141.05, 5.6191, 0.131, 9.4E-6
36027156.86, 5.6184, 0.131, 9.4E-6
36027175.61, 5.6211, 0.131, 9.3E-6
36027191.66, 5.6218, 0.131, 9.3E-6
36027356.34, 5.7106, 0.131, 9.2E-6
36027372.38, 5.715, 0.131, 9.4E-6
36027388.3, 5.7155, 0.131, 9.2E-6
36027404.25, 5.7148, 0.131, 9.4E-6
36027420.19, 5.7148, 0.131, 9.2E-6
36027436.2, 5.7181, 0.131, 9.4E-6
36027452.25, 5.7178, 0.131, 9.3E-6
36027468.14, 5.7208, 0.131, 9.2E-6
36027484.06, 5.7206, 0.131, 9.3E-6
36027500.06, 5.7199, 0.131, 9.3E-6
36027518.92, 5.7201, 0.131, 9.4E-6
36027535, 5.7229, 0.131, 9.4E-6
36027695.45, 5.8119, 0.131, 9.3E-6
36027711.42, 5.8152, 0.131, 9.3E-6
36027727.41, 5.8132, 0.131, 9.2E-6
36027743.47, 5.8176, 0.131, 9.3E-6
36027759.47, 5.8193, 0.131, 9.2E-6
36027775.67, 5.8183, 0.131, 9.4E-6
36027791.8, 5.82, 0.131, 9.3E-6
36027807.84, 5.8197, 0.131, 9.3E-6
36027823.94, 5.8208, 0.131, 9.4E-6
36027840.08, 5.8228, 0.131, 9.2E-6
36027856.25, 5.8213, 0.131, 9.4E-6
36027875.03, 5.8218, 0.131, 9.4E-6
36028032.83, 5.9149, 0.131, 9.3E-6
36028048.92, 5.9179, 0.131, 9.2E-6
36028065.09, 5.9199, 0.131, 9.2E-6
36028081.25, 5.9211, 0.131, 9.2E-6
36028097.36, 5.9225, 0.131, 9.2E-6
36028113.67, 5.9236, 0.131, 9.3E-6
36028129.77, 5.9225, 0.131, 9.4E-6
36028145.89, 5.9229, 0.131, 9.3E-6
36028162.08, 5.9251, 0.131, 9.4E-6
36028178.31, 5.925, 0.131, 9.4E-6
36028194.41, 5.9263, 0.131, 9.4E-6
36028210.3, 5.9261, 0.131, 9.4E-6
36028370.86, 6.0173, 0.131, 9.4E-6
36028386.97, 6.0224, 0.131, 9.4E-6
36028403.92, 6.0229, 0.131, 9.4E-6
36028420.88, 6.0212, 0.131, 9.2E-6
36028437.02, 6.0239, 0.131, 9.2E-6
36028453.14, 6.0235, 0.131, 9.2E-6
36028469.28, 6.0263, 0.131, 9.4E-6
36028485.5, 6.0278, 0.131, 9.4E-6
36028501.53, 6.0291, 0.131, 9.3E-6
36028517.61, 6.0268, 0.131, 9.2E-6
36028533.67, 6.0283, 0.131, 9.3E-6
36028549.8, 6.0282, 0.131, 9.4E-6
36028710.27, 6.1225, 0.131, 9.2E-6
36028726.3, 6.1242, 0.131, 9.4E-6
36028745.23, 6.1259, 0.131, 9.2E-6
36028761.13, 6.1283, 0.131, 9.3E-6
36028778.23, 6.1285, 0.131, 9.2E-6
36028794.22, 6.1281, 0.131, 9.4E-6
36028813.11, 6.1313, 0.131, 9.4E-6
36028831.94, 6.131, 0.131, 9.2E-6
36028847.94, 6.1318, 0.131, 9.4E-6
36028863.94, 6.1346, 0.131, 9.2E-6
36028880.02, 6.1337, 0.131, 9.2E-6
36028898.92, 6.1354, 0.131, 9.3E-6
36029057.06, 6.223, 0.131, 9.4E-6
36029073.2, 6.2262, 0.131, 9.2E-6
36029089.2, 6.2302, 0.131, 9.4E-6
36029105.17, 6.2316, 0.131, 9.3E-6
36029121.27, 6.2348, 0.131, 9.2E-6
36029137.38, 6.2331, 0.131, 9.3E-6
36029153.38, 6.2352, 0.131, 9.4E-6
36029169.28, 6.2376, 0.131, 9.2E-6
36029185.22, 6.2371, 0.131, 9.3E-6
36029201.22, 6.2386, 0.131, 9.2E-6
36029217.22, 6.2381, 0.131, 9.2E-6
36029233.22, 6.2386, 0.131, 9.4E-6
36029469.5, 6.3457, 0.131, 9.3E-6
36029486.56, 6.3416, 0.131, 9.3E-6
36029502.61, 6.3408, 0.131, 9.4E-6
36029518.67, 6.3406, 0.131, 9.2E-6
36029534.83, 6.3388, 0.131, 9.3E-6
36029551.16, 6.3398, 0.131, 9.2E-6
36029567.33, 6.3418, 0.131, 9.4E-6
36029583.53, 6.3426, 0.131, 9.3E-6
36029599.56, 6.3416, 0.131, 9.4E-6
36029615.58, 6.3426, 0.131, 9.3E-6
36029631.72, 6.3431, 0.131, 9.3E-6
36029647.92, 6.3457, 0.131, 9.2E-6
36029803.38, 6.4328, 0.131, 9.3E-6
36029819.45, 6.4355, 0.131, 9.4E-6
36029835.47, 6.4343, 0.131, 9.2E-6
36029851.61, 6.4376, 0.131, 9.4E-6
36029867.59, 6.4398, 0.131, 9.3E-6
36029883.7, 6.4425, 0.131, 9.4E-6
36029899.83, 6.44, 0.131, 9.2E-6
36029915.97, 6.4443, 0.131, 9.3E-6
36029932.25, 6.4449, 0.131, 9.4E-6
36029949.19, 6.4447, 0.131, 9.3E-6
36029965.27, 6.4472, 0.131, 9.4E-6
36029981.38, 6.4476, 0.131, 9.3E-6
36030135.5, 6.5375, 0.131, 9.4E-6
36030151.61, 6.5375, 0.131, 9.3E-6
36030167.64, 6.5395, 0.131, 9.3E-6
36030183.88, 6.5408, 0.131, 9.3E-6
36030200.03, 6.5445, 0.131, 9.3E-6
36030216.19, 6.5475, 0.131, 9.3E-6
36030232.14, 6.5474, 0.131, 9.2E-6
36030248.25, 6.5472, 0.131, 9.4E-6
36030264.3, 6.548, 0.131, 9.4E-6
36030280.3, 6.5472, 0.131, 9.4E-6
36030296.47, 6.5495, 0.131, 9.2E-6
36030312.56, 6.5512, 0.131, 9.2E-6
36030466.73, 6.6378, 0.131, 9.3E-6
36030482.75, 6.6395, 0.131, 9.4E-6
36030498.91, 6.6406, 0.131, 9.3E-6
36030514.91, 6.6425, 0.131, 9.2E-6
36030531.11, 6.6467, 0.131, 9.2E-6
36030547.09, 6.6472, 0.131, 9.2E-6
36030564.92, 6.6482, 0.131, 9.3E-6
36030581.78, 6.6509, 0.131, 9.3E-6
36030597.91, 6.6532, 0.131, 9.3E-6
36030613.98, 6.6503, 0.131, 9.3E-6
36030630.08, 6.6528, 0.131, 9.3E-6
36030646.11, 6.6518, 0.131, 9.2E-6
36030804.78, 6.7435, 0.131, 9.4E-6
36030820.89, 6.7438, 0.131, 9.4E-6
36030836.89, 6.7442, 0.131, 9.4E-6
36030853, 6.7474, 0.131, 9.2E-6
36030869.13, 6.7461, 0.131, 9.3E-6
36030888.02, 6.7496, 0.131, 9.4E-6
36030904.06, 6.7494, 0.131, 9.4E-6
36030923.02, 6.7519, 0.131, 9.4E-6
36030939.08, 6.7515, 0.131, 9.4E-6
36030955.27, 6.7558, 0.131, 9.4E-6
36030971.45, 6.7537, 0.131, 9.3E-6
36030990.25, 6.7563, 0.131, 9.3E-6
36031139.8, 6.8419, 0.131, 9.2E-6
36031156.83, 6.8444, 0.131, 9.3E-6
36031172.77, 6.8448, 0.131, 9.2E-6
36031188.77, 6.8465, 0.131, 9.4E-6
36031204.91, 6.85, 0.131, 9.4E-6
36031221.16, 6.8486, 0.131, 9.2E-6
36031237.3, 6.8513, 0.131, 9.4E-6
36031253.31, 6.8504, 0.131, 9.3E-6
36031269.47, 6.854, 0.131, 9.4E-6
36031285.66, 6.8523, 0.131, 9.2E-6
36031301.73, 6.8537, 0.131, 9.2E-6
36031317.73, 6.8569, 0.131, 9.4E-6
36031471.91, 6.9414, 0.131, 9.2E-6
36031488.09, 6.9434, 0.131, 9.2E-6
36031504.25, 6.9475, 0.131, 9.3E-6
36031520.39, 6.9455, 0.131, 9.3E-6
36031536.53, 6.9484, 0.131, 9.2E-6
36031552.64, 6.9511, 0.131, 9.3E-6
36031568.84, 6.9517, 0.131, 9.4E-6
36031584.97, 6.9545, 0.131, 9.3E-6
36031601.05, 6.954, 0.131, 9.3E-6
36031617.2, 6.9531, 0.131, 9.4E-6
36031634.05, 6.9577, 0.131, 9.4E-6
36031650.17, 6.9556, 0.131, 9.3E-6
36031804.53, 7.0445, 0.131, 9.3E-6
36031821.58, 7.0444, 0.131, 9.3E-6
36031837.73, 7.0474, 0.131, 9.3E-6
36031853.77, 7.0496, 0.131, 9.4E-6
36031870.08, 7.051, 0.131, 9.4E-6
36031886.2, 7.0543, 0.131, 9.3E-6
36031902.3, 7.0535, 0.131, 9.3E-6
36031918.47, 7.0561, 0.131, 9.3E-6
36031934.53, 7.0547, 0.131, 9.3E-6
36031951.45, 7.0563, 0.131, 9.3E-6
36031967.66, 7.059, 0.131, 9.2E-6
36031983.88, 7.0552, 0.131, 9.2E-6
36032137.98, 7.1468, 0.131, 9.2E-6
36032156.89, 7.149, 0.131, 9.3E-6
36032173.09, 7.1522, 0.131, 9.4E-6
36032189.2, 7.1518, 0.131, 9.2E-6
36032206.19, 7.1521, 0.131, 9.4E-6
36032222.23, 7.155, 0.131, 9.3E-6
36032238.5, 7.154, 0.131, 9.2E-6
36032254.8, 7.1572, 0.131, 9.3E-6
36032271.06, 7.1555, 0.131, 9.3E-6
36032287.34, 7.1573, 0.131, 9.4E-6
36032306.31, 7.1566, 0.131, 9.4E-6
36032322.61, 7.159, 0.131, 9.4E-6
36032480.69, 7.25, 0.131, 9.4E-6
36032496.91, 7.2523, 0.131, 9.4E-6
36032513.16, 7.2536, 0.131, 9.3E-6
36032529.23, 7.2565, 0.131, 9.3E-6
36032546.33, 7.2562, 0.131, 9.4E-6
36032562.63, 7.2568, 0.131, 9.4E-6
36032578.73, 7.2592, 0.131, 9.2E-6
36032594.83, 7.2595, 0.131, 9.2E-6
36032611, 7.2598, 0.131, 9.3E-6
36032627.16, 7.2607, 0.131, 9.3E-6
36032643.3, 7.2627, 0.131, 9.2E-6
36032659.41, 7.2632, 0.131, 9.3E-6
36032813.59, 7.351, 0.131, 9.3E-6
36032829.67, 7.3516, 0.131, 9.2E-6
36032848.61, 7.3543, 0.131, 9.3E-6
36032864.83, 7.3536, 0.131, 9.4E-6
36032881.11, 7.3561, 0.131, 9.3E-6
36032900.92, 7.3577, 0.131, 9.4E-6
36032917.02, 7.3601, 0.131, 9.3E-6
36032933.25, 7.361, 0.131, 9.2E-6
36032949.38, 7.3624, 0.131, 9.3E-6
36032966.45, 7.3609, 0.131, 9.2E-6
36032982.58, 7.3607, 0.131, 9.3E-6
36032998.72, 7.364, 0.131, 9.4E-6
36033153.03, 7.4489, 0.131, 9.2E-6
36033169.2, 7.4522, 0.131, 9.4E-6
36033185.42, 7.4523, 0.131, 9.4E-6
36033201.72, 7.4547, 0.131, 9.3E-6
36033217.97, 7.4569, 0.131, 9.3E-6
36033234.13, 7.4566, 0.131, 9.3E-6
36033250.38, 7.4585, 0.131, 9.3E-6
36033266.44, 7.4574, 0.131, 9.2E-6
36033282.78, 7.4604, 0.131, 9.3E-6
36033299.13, 7.4604, 0.131, 9.4E-6
36033315.27, 7.4597, 0.131, 9.3E-6
36033331.53, 7.4619, 0.131, 9.4E-6
36033488.09, 7.5532, 0.131, 9.3E-6
36033504.28, 7.5541, 0.131, 9.4E-6
36033520.55, 7.5564, 0.131, 9.4E-6
36033536.83, 7.5585, 0.131, 9.4E-6
36033552.94, 7.5602, 0.131, 9.4E-6
36033569.22, 7.5623, 0.131, 9.3E-6
36033585.33, 7.5628, 0.131, 9.4E-6
36033601.56, 7.5622, 0.131, 9.4E-6
36033617.73, 7.5639, 0.131, 9.2E-6
36033634.02, 7.5648, 0.131, 9.3E-6
36033650.19, 7.5665, 0.131, 9.2E-6
36033666.36, 7.5638, 0.131, 9.4E-6
36033821.52, 7.6542, 0.131, 9.3E-6
36033838.67, 7.6555, 0.131, 9.2E-6
36033854.92, 7.658, 0.131, 9.3E-6
36033871.17, 7.6599, 0.131, 9.3E-6
36033887.52, 7.6603, 0.131, 9.4E-6
36033903.73, 7.6619, 0.131, 9.3E-6
36033920.09, 7.6648, 0.131, 9.2E-6
36033936.25, 7.6641, 0.131, 9.3E-6
36033952.5, 7.6657, 0.131, 9.2E-6
36033968.67, 7.6651, 0.131, 9.3E-6
36033985.05, 7.6676, 0.131, 9.3E-6
36034001.41, 7.6678, 0.131, 9.4E-6
36034156.83, 7.7562, 0.131, 9.4E-6
36034173.11, 7.7583, 0.131, 9.3E-6
36034189.36, 7.7621, 0.131, 9.4E-6
36034205.59, 7.7631, 0.131, 9.3E-6
36034221.86, 7.7632, 0.131, 9.2E-6
36034238.11, 7.7672, 0.131, 9.3E-6
36034254.31, 7.7653, 0.131, 9.2E-6
36034270.44, 7.7662, 0.131, 9.4E-6
36034286.69, 7.7672, 0.131, 9.2E-6
36034302.97, 7.768, 0.131, 9.4E-6
36034319.3, 7.7702, 0.131, 9.3E-6
36034335.48, 7.7704, 0.131, 9.3E-6
36034490.16, 7.86, 0.131, 9.4E-6
36034506.58, 7.862, 0.131, 9.2E-6
36034522.91, 7.8657, 0.131, 9.4E-6
36034539.19, 7.8647, 0.131, 9.3E-6
36034555.45, 7.8675, 0.131, 9.4E-6
36034571.78, 7.8672, 0.131, 9.2E-6
36034588.23, 7.8684, 0.131, 9.3E-6
36034604.52, 7.8714, 0.131, 9.3E-6
36034622, 7.8715, 0.131, 9.4E-6
36034639.17, 7.8703, 0.131, 9.2E-6
36034656.63, 7.8722, 0.131, 9.4E-6
36034672.98, 7.8767, 0.131, 9.2E-6
36034826.22, 7.962, 0.131, 9.2E-6
36034844.06, 7.9632, 0.131, 9.2E-6
36034861.92, 7.9658, 0.131, 9.3E-6
36034879.75, 7.9692, 0.131, 9.2E-6
36034897.63, 7.9685, 0.131, 9.4E-6
36034916.44, 7.9705, 0.131, 9.2E-6
36034934.22, 7.9714, 0.131, 9.2E-6
36034952.09, 7.974, 0.131, 9.4E-6
36034970, 7.9735, 0.131, 9.2E-6
36034987.83, 7.9752, 0.131, 9.3E-6
36035005.81, 7.975, 0.131, 9.4E-6
36035023.75, 7.9773, 0.131, 9.4E-6
36035174.13, 8.0663, 0.131, 9.4E-6
36035191.92, 8.0664, 0.131, 9.3E-6
36035209.8, 8.0692, 0.131, 9.3E-6
36035227.66, 8.0702, 0.131, 9.4E-6
36035245.67, 8.0727, 0.131, 9.3E-6
36035264.41, 8.0727, 0.131, 9.2E-6
36035282.25, 8.0728, 0.131, 9.4E-6
36035300.17, 8.077, 0.131, 9.4E-6
36035318.16, 8.0755, 0.131, 9.3E-6
36035335.94, 8.0783, 0.131, 9.4E-6
36035353.8, 8.0795, 0.131, 9.3E-6
36035371.63, 8.0801, 0.131, 9.3E-6
